1100,OFF,0,0,0.00,-40.00,-40.00,-100.00,0,0,0.00,0,-64.00,0.00,0.00,0.00,-100.00,0.00,0,0,0,0
1208,ON,1,0,0.00,27.00,29.00,-3.12,146,146,0.00,0,0.00,27.84,11.76,0.25,0.00,12.50,212,20,0,0
1313,ON,1,0,0.00,27.00,29.00,-3.12,146,146,0.00,0,0.00,27.84,11.76,0.25,0.00,12.50,212,20,0,0
1421,ON,1,0,0.00,27.00,29.00,-3.12,146,146,0.00,0,0.00,27.84,11.76,0.25,0.00,12.50,212,20,0,0
1526,ON,1,0,0.00,27.00,29.00,-3.12,146,146,0.00,0,0.00,27.84,11.76,0.25,0.00,12.50,212,20,0,0
1631,ON,1,0,0.00,27.00,29.00,-3.12,146,146,0.00,0,0.00,27.84,11.76,0.25,0.00,12.50,212,20,0,0
1736,ON,1,0,0.00,27.00,29.00,-3.12,146,146,0.00,0,0.00,27.84,11.76,0.25,0.00,12.50,212,20,0,0
1841,ON,1,0,0.00,27.00,29.00,-3.12,146,146,0.00,0,0.00,27.84,11.76,0.25,0.00,12.50,212,20,0,0
1951,ON,1,0,0.00,27.00,29.00,-3.12,146,146,0.00,0,0.00,27.84,11.76,0.25,0.00,12.50,212,20,0,0
2059,ON,1,0,0.00,27.00,29.00,-3.12,146,146,0.00,0,0.00,27.84,11.76,0.25,0.00,12.50,212,20,0,0
2164,ON,1,0,0.00,27.00,29.00,-3.12,146,146,0.00,0,0.00,27.84,11.76,0.25,0.00,12.50,212,20,0,0
2269,ON,1,0,0.00,27.00,29.00,-3.12,146,146,0.00,0,0.00,27.84,11.76,0.25,0.00,12.50,212,20,0,0
2374,ON,1,0,0.00,27.00,29.00,-3.12,146,146,0.00,0,0.00,27.84,11.76,0.25,0.00,12.50,212,20,0,0
2479,ON,1,0,0.00,27.00,29.00,-3.12,146,146,0.00,0,0.00,27.84,11.76,0.25,0.00,12.50,212,20,0,0
2584,ON,1,0,0.00,27.00,29.00,-3.12,146,146,0.00,0,0.00,27.84,11.76,0.25,0.00,12.50,212,20,0,0
2692,ON,1,0,0.00,27.00,29.00,-3.12,146,146,0.00,0,0.00,27.84,11.76,0.25,0.00,12.50,212,20,0,0
2797,ON,1,0,0.00,27.00,29.00,-3.12,146,146,0.00,0,0.00,27.84,11.76,0.25,0.00,12.50,212,20,0,0
2902,ON,1,0,0.00,27.00,29.00,-3.12,146,146,0.00,0,0.00,27.84,11.76,0.25,0.00,12.50,212,20,0,0
3007,ON,1,0,0.00,27.00,29.00,-3.12,146,146,0.00,0,0.00,27.84,11.76,0.25,0.00,12.50,212,20,0,0
3112,ON,1,0,0.00,27.00,29.00,-3.12,146,146,0.00,0,0.00,27.84,11.76,0.25,0.00,12.50,212,20,0,0
3217,ON,1,0,0.00,27.00,29.00,-3.12,146,146,0.00,0,0.00,27.84,11.76,0.25,0.00,12.50,212,20,0,0
3325,ON,1,0,0.00,27.00,29.00,-3.12,146,146,0.00,0,0.00,27.84,11.76,0.25,0.00,12.50,212,20,0,0
3430,ON,1,0,0.00,27.00,29.00,-3.12,146,146,0.00,0,0.00,27.84,11.76,0.25,0.00,12.50,212,20,0,0
3535,ON,1,0,0.00,27.00,29.00,-3.12,146,146,0.00,0,0.00,27.84,11.76,0.25,0.00,0.00,0,20,0,0
3640,ON,1,0,0.00,27.00,29.00,-3.12,146,146,0.00,0,0.00,27.84,11.76,0.25,0.00,0.00,0,20,0,0
3745,ON,1,0,0.00,27.00,29.00,-3.12,146,146,0.00,0,0.00,27.84,11.76,0.25,0.00,0.00,0,20,0,0
3850,ON,1,0,0.00,27.00,29.00,-3.12,146,146,0.00,0,0.00,27.84,11.76,0.25,0.00,0.00,0,20,0,0
3958,ON,1,0,0.00,27.00,29.00,-3.12,146,146,0.00,0,0.00,27.84,11.76,0.25,0.00,0.00,0,20,0,0
4063,ON,1,0,0.00,27.00,29.00,-3.12,146,146,0.00,0,0.00,27.84,11.76,0.25,0.00,0.00,0,20,0,0
4168,ON,1,0,0.00,27.00,29.00,-3.12,146,146,0.00,0,0.00,27.84,11.76,0.25,0.00,0.00,0,20,0,0
4273,ON,1,0,0.00,27.00,29.00,-3.12,146,146,0.00,0,0.00,27.84,11.76,0.25,0.00,0.00,0,20,0,0
4378,ON,1,0,0.00,27.00,29.00,-3.12,146,146,0.00,0,0.00,27.84,11.76,0.25,0.00,0.00,0,20,0,0
4483,ON,1,0,0.00,27.00,29.00,-3.12,146,146,0.00,0,0.00,27.84,11.76,0.25,0.00,0.00,0,20,0,0
4591,ON,1,0,0.00,27.00,29.00,-3.12,146,146,0.00,0,0.00,27.84,11.76,0.25,0.00,0.00,0,20,0,0
4696,ON,1,0,0.00,27.00,29.00,-3.12,146,146,0.00,0,0.00,27.84,11.76,0.25,0.00,0.00,0,20,0,0
4801,ON,1,0,0.00,27.00,29.00,-3.12,146,146,0.00,0,0.00,27.84,11.76,0.25,0.00,0.00,0,20,0,0
4906,ON,1,0,0.00,27.00,29.00,-3.12,146,146,0.00,0,0.00,27.84,11.76,0.25,0.00,0.00,0,20,0,0
5011,ON,1,0,0.00,27.00,29.00,-3.12,146,146,0.00,0,0.00,27.84,11.76,0.25,0.00,0.00,0,20,0,0
5116,ON,1,0,0.00,27.00,29.00,-3.12,146,146,0.00,0,0.00,27.84,11.76,0.25,0.00,0.00,0,20,0,0
5224,ON,1,0,0.00,27.00,29.00,-3.12,146,146,0.00,0,0.00,27.84,11.76,0.25,0.00,0.00,0,20,0,0
5329,ON,1,0,0.00,27.00,29.00,-3.12,146,146,0.00,0,0.00,27.84,11.76,0.25,0.00,0.00,0,20,0,0
5434,ON,1,0,0.00,27.00,29.00,-3.12,146,146,0.00,0,0.00,27.84,11.76,0.25,0.00,0.00,0,20,0,0
5539,ON,1,0,0.00,27.00,29.00,-3.12,146,146,0.00,0,0.00,27.84,11.76,0.25,0.00,0.00,0,20,0,0
5644,ON,1,0,0.00,27.00,29.00,-3.12,146,146,0.00,0,0.00,27.84,11.76,0.25,0.00,0.00,0,20,0,0
5749,ON,1,0,0.00,27.00,29.00,-3.12,146,146,0.00,0,0.00,27.84,11.76,0.25,0.00,0.00,0,20,0,0
5857,ON,1,0,0.00,27.00,29.00,-3.12,146,146,0.00,0,0.00,27.84,11.76,0.25,0.00,0.00,0,20,0,0
5962,ON,1,0,0.00,27.00,29.00,-3.12,146,146,0.00,0,0.00,27.84,11.76,0.25,0.00,0.00,0,20,0,0
6067,ON,1,0,0.00,27.00,29.00,-3.12,146,146,0.00,0,0.00,27.84,11.76,0.25,0.00,0.00,0,20,0,0
6172,ON,1,0,0.00,27.00,29.00,-3.12,146,146,0.00,0,0.00,27.84,11.76,0.25,0.00,0.00,0,20,0,0
6277,ON,1,0,0.00,27.00,29.00,-3.12,146,146,0.00,0,0.00,27.84,11.76,0.25,0.00,0.00,0,20,0,0
6382,ON,1,0,0.00,27.00,29.00,-3.12,146,146,0.00,0,0.00,27.84,11.76,0.25,0.00,0.00,0,20,0,0
6490,ON,1,0,0.00,27.00,29.00,-3.12,146,146,0.00,0,0.00,27.84,11.76,0.25,0.00,0.00,0,20,0,0
6595,ON,1,0,0.00,27.00,29.00,-3.12,146,146,0.00,0,0.00,27.84,11.76,0.25,0.00,0.00,0,20,0,0
6700,ON,1,0,0.00,27.00,29.00,-3.12,146,146,0.00,0,0.00,27.84,11.76,0.25,0.00,0.00,0,20,0,0
6805,ON,1,0,0.00,27.00,29.00,-3.12,146,146,0.00,0,0.00,27.84,11.76,0.25,0.00,0.00,0,20,0,0
6910,ON,1,0,0.00,27.00,29.00,-3.12,146,146,0.00,0,0.00,27.84,11.76,0.25,0.00,0.00,0,20,0,0
7015,ON,1,0,0.00,27.00,29.00,-3.12,146,146,0.00,0,0.00,27.84,11.76,0.25,0.00,0.00,0,20,0,0
7123,ON,1,0,0.00,27.00,29.00,-3.12,146,146,0.00,0,0.00,27.84,11.76,0.25,0.00,0.00,0,20,0,0
7228,ON,1,0,0.00,27.00,29.00,-3.12,146,146,0.00,0,0.00,27.84,11.76,0.25,0.00,0.00,0,20,0,0
7333,ON,1,0,0.00,27.00,29.00,-3.12,146,146,0.00,0,0.00,27.84,11.76,0.25,0.00,0.00,0,20,0,0
7438,ON,1,0,0.00,28.00,29.00,-3.12,146,146,0.00,0,0.00,27.84,11.76,0.25,0.00,0.00,0,20,0,0
7543,ON,1,0,0.00,27.00,29.00,-3.12,146,146,0.00,0,0.00,27.84,11.76,0.25,0.00,0.00,0,20,0,0
7648,ON,1,0,0.00,27.00,29.00,-3.12,146,146,0.00,0,0.00,27.84,11.76,0.25,0.00,0.00,0,20,0,0
7756,ON,1,0,0.00,27.00,29.00,-3.12,146,146,0.00,0,0.00,27.84,11.76,0.25,0.00,0.00,0,20,0,0
7861,ON,1,0,0.00,27.00,29.00,-3.12,146,146,0.00,0,0.00,27.84,11.76,0.25,0.00,0.00,0,20,0,0
7966,ON,1,0,0.00,27.00,29.00,-3.12,146,146,0.00,0,0.00,27.84,11.76,0.25,0.00,0.00,0,20,0,0
8071,ON,1,0,0.00,27.00,29.00,-3.12,146,146,0.00,0,0.00,27.84,11.76,0.25,0.00,0.00,0,20,0,0
8176,ON,1,0,0.00,27.00,29.00,-3.12,146,146,0.00,0,0.00,27.84,11.76,0.25,0.00,0.00,0,20,0,0
8281,ON,1,0,0.00,27.00,29.00,-3.12,146,146,0.00,0,0.00,27.84,11.76,0.25,0.00,0.00,0,20,0,0
8389,ON,1,0,0.00,28.00,29.00,-3.12,146,146,0.00,0,0.00,27.84,11.76,0.25,0.00,0.00,0,20,0,0
8494,ON,1,0,0.00,27.00,29.00,-3.12,146,146,0.00,0,0.00,27.84,11.76,0.25,0.00,0.00,0,20,0,0
8599,ON,1,0,0.00,27.00,29.00,-3.12,146,146,0.00,0,0.00,27.84,11.76,0.25,0.00,0.00,0,20,0,0
8704,ON,1,0,0.00,28.00,29.00,-3.12,146,146,0.00,0,0.00,27.84,11.76,0.25,0.00,0.00,0,20,0,0
8809,ON,1,0,0.00,27.00,29.00,-3.12,146,146,0.00,0,0.00,27.84,11.76,0.25,0.00,0.00,0,20,0,0
8914,ON,1,0,0.00,27.00,29.00,-3.12,146,146,0.00,0,0.00,27.84,11.76,0.25,0.00,0.00,0,20,0,0
9022,ON,1,0,0.00,27.00,29.00,-3.12,146,146,0.00,0,0.00,27.84,11.76,0.25,0.00,0.00,0,20,0,0
9127,ON,1,0,0.00,27.00,29.00,-3.12,146,146,0.00,0,0.00,27.84,11.76,0.25,0.00,0.00,0,20,0,0
9232,ON,1,0,0.00,27.00,29.00,-3.12,146,146,0.00,0,0.00,27.84,11.76,0.25,0.00,0.00,0,20,0,0
9337,ON,1,0,0.00,27.00,29.00,-3.12,146,146,0.00,0,0.00,27.84,11.76,0.25,0.00,0.00,0,20,0,0
9442,ON,1,0,0.00,27.00,29.00,-3.12,146,146,0.00,0,0.00,27.84,11.76,0.25,0.00,0.00,0,20,0,0
9547,ON,1,0,0.00,27.00,29.00,-3.12,146,146,0.00,0,0.00,27.84,11.76,0.25,0.00,0.00,0,20,0,0
9655,ON,1,0,0.00,27.00,29.00,-3.12,146,146,0.00,0,0.00,27.84,11.76,0.25,0.00,0.00,0,20,0,0
9760,ON,1,0,0.00,27.00,29.00,-3.12,146,146,0.00,0,0.00,27.84,11.76,0.25,0.00,0.00,0,20,0,0
9865,ON,1,0,0.00,28.00,29.00,-3.12,146,146,0.00,0,0.00,27.84,11.76,0.25,0.00,0.00,0,20,0,0
9970,ON,1,0,0.00,27.00,29.00,-3.12,146,146,0.00,0,0.00,27.84,11.76,0.25,0.00,0.00,0,20,0,0
10075,ON,1,0,0.00,27.00,29.00,-3.12,146,146,0.00,0,0.00,27.84,11.76,0.25,0.00,0.00,0,20,0,0
10180,ON,1,0,0.00,28.00,29.00,-3.12,146,146,0.00,0,0.00,27.84,11.76,0.25,0.00,0.00,0,20,0,0
10288,ON,1,0,0.00,28.00,29.00,-3.12,146,146,0.00,0,0.00,27.84,11.76,0.25,0.00,0.00,0,20,0,0
10393,ON,1,0,0.00,27.00,29.00,-3.12,146,146,0.00,0,0.00,27.84,11.76,0.25,0.00,0.00,0,20,0,0
10497,ON,1,0,0.00,28.00,29.00,-3.12,146,146,0.00,0,0.00,27.84,11.76,0.25,0.00,0.00,0,20,0,0
10602,ON,1,0,0.00,28.00,29.00,-3.12,146,146,0.00,0,0.00,27.84,11.76,0.25,0.00,0.00,0,20,0,0
10707,ON,1,0,0.00,27.00,29.00,-3.12,146,146,0.00,0,0.00,27.84,11.76,0.25,0.00,0.00,0,20,0,0
10812,ON,1,0,0.00,28.00,29.00,-3.12,146,146,0.00,0,0.00,27.84,11.76,0.25,0.00,0.00,0,20,0,0
10920,ON,1,0,0.00,28.00,29.00,-3.12,146,146,0.00,0,0.00,27.84,11.76,0.25,0.00,0.00,0,20,0,0
11025,ON,1,0,0.00,27.00,29.00,-3.12,146,146,0.00,0,0.00,27.84,11.76,0.25,0.00,0.00,0,20,0,0
11130,ON,1,0,0.00,28.00,29.00,-3.12,146,146,0.00,0,0.00,27.84,11.76,0.25,0.00,0.00,0,20,0,0
11235,ON,1,0,0.00,28.00,29.00,-3.12,146,146,0.00,0,0.00,27.84,11.76,0.25,0.00,0.00,0,20,0,0
11340,ON,1,0,0.00,27.00,29.00,-3.12,146,146,0.00,0,0.00,27.84,11.76,0.25,0.00,0.00,0,20,0,0
11445,ON,1,0,0.00,27.00,29.00,-3.12,146,146,0.00,0,0.00,27.84,11.76,0.25,0.00,0.00,0,20,0,0
11553,ON,1,0,0.00,28.00,29.00,-3.12,146,146,0.00,0,0.00,27.84,11.76,0.25,0.00,0.00,0,20,0,0
11658,ON,1,0,0.00,27.00,29.00,-3.12,146,146,0.00,0,0.00,27.84,11.76,0.25,0.00,0.00,0,20,0,0
11763,ON,1,0,0.00,28.00,29.00,-3.12,146,146,0.00,0,0.00,27.84,11.76,0.25,0.00,0.00,0,20,0,0
11868,ON,1,0,0.00,28.00,29.00,-3.12,146,146,0.00,0,0.00,27.84,11.76,0.25,0.00,0.00,0,20,0,0
11973,ON,1,0,0.00,27.00,29.00,-3.12,146,146,0.00,0,0.00,27.84,11.76,0.25,0.00,0.00,0,20,0,0
12078,ON,1,0,0.00,28.00,29.00,-3.12,146,146,0.00,0,0.00,27.84,11.76,0.25,0.00,0.00,0,20,0,0
12186,ON,1,0,0.00,28.00,29.00,-3.12,146,146,0.00,0,0.00,27.84,11.76,0.25,0.00,0.00,0,20,0,0
12291,ON,1,0,0.00,28.00,29.00,-3.12,146,146,0.00,0,0.00,27.84,11.76,0.25,0.00,0.00,0,20,0,0
12396,ON,1,0,0.00,28.00,29.00,-3.12,146,146,0.00,0,0.00,27.84,11.76,0.25,0.00,0.00,0,20,0,0
12501,ON,1,0,0.00,28.00,29.00,-3.12,146,146,0.00,0,0.00,27.84,11.76,0.25,0.00,0.00,0,20,0,0
12606,ON,1,0,0.00,27.00,29.00,-3.12,146,146,0.00,0,0.00,27.84,11.76,0.25,0.00,0.00,0,20,0,0
12711,ON,1,0,0.00,28.00,29.00,-3.12,146,146,0.00,0,0.00,27.84,11.76,0.25,0.00,0.00,0,20,0,0
12819,ON,1,0,0.00,28.00,29.00,-3.12,146,146,0.00,0,0.00,27.84,11.76,0.25,0.00,0.00,0,20,0,0
12924,ON,1,0,0.00,27.00,29.00,-3.12,146,146,0.00,0,0.00,27.84,11.76,0.25,0.00,0.00,0,20,0,0
13029,ON,1,0,0.00,28.00,29.00,-3.12,146,146,0.00,0,0.00,27.84,11.76,0.25,0.00,0.00,0,20,0,0
13134,ON,1,0,0.00,28.00,29.00,-3.12,146,146,0.00,0,0.00,27.84,11.76,0.25,0.00,0.00,0,20,0,0
13239,ON,1,0,0.00,28.00,29.00,-3.12,146,146,0.00,0,0.00,27.84,11.76,0.25,0.00,0.00,0,20,0,0
13344,ON,1,0,0.00,27.00,29.00,-3.12,146,146,0.00,0,0.00,27.84,11.76,0.25,0.00,0.00,0,20,0,0
13452,ON,1,0,0.00,28.00,29.00,-3.12,146,146,0.00,0,0.00,27.84,11.76,0.25,0.00,0.00,0,20,0,0
13557,ON,1,0,0.00,27.00,29.00,-3.12,146,146,0.00,0,0.00,27.84,11.76,0.25,0.00,0.00,0,20,0,0
13662,ON,1,0,0.00,28.00,29.00,-3.12,146,146,0.00,0,0.00,27.84,11.76,0.25,0.00,0.00,0,20,0,0
13767,ON,1,0,0.00,28.00,29.00,-3.12,146,146,0.00,0,0.00,27.84,11.76,0.25,0.00,0.00,0,20,0,0
13872,ON,1,0,0.00,27.00,29.00,-3.12,146,146,0.00,0,0.00,27.84,11.76,0.25,0.00,0.00,0,20,0,0
13977,ON,1,0,0.00,28.00,29.00,-3.12,146,146,0.00,0,0.00,27.84,11.76,0.25,0.00,0.00,0,20,0,0
14085,ON,1,0,0.00,28.00,29.00,-3.12,146,146,0.00,0,0.00,27.84,11.76,0.25,0.00,0.00,0,20,0,0
14190,ON,1,0,0.00,28.00,29.00,-3.12,146,146,0.00,0,0.00,27.84,11.76,0.25,0.00,0.00,0,20,0,0
14295,ON,1,0,0.00,28.00,29.00,-3.12,146,146,0.00,0,0.00,27.84,11.76,0.25,0.00,0.00,0,20,0,0
14400,ON,1,0,0.00,28.00,29.00,-3.12,146,146,0.00,0,0.00,27.84,11.76,0.25,0.00,0.00,0,20,0,0
14505,ON,1,0,0.00,28.00,29.00,-3.12,146,146,0.00,0,0.00,27.84,11.76,0.25,0.00,0.00,0,20,0,0
14610,ON,1,0,0.00,27.00,29.00,-3.12,146,146,0.00,0,0.00,27.84,11.76,0.25,0.00,0.00,0,20,0,0
14718,ON,1,0,0.00,28.00,29.00,-3.12,146,146,0.00,0,0.00,27.84,11.76,0.25,0.00,0.00,0,20,0,0
14823,ON,1,0,0.00,27.00,29.00,-3.12,146,146,0.00,0,0.00,27.84,11.76,0.25,0.00,0.00,0,20,0,0
14928,ON,1,0,0.00,28.00,29.00,-3.12,146,146,0.00,0,0.00,27.84,11.76,0.25,0.00,0.00,0,20,0,0
15033,ON,1,0,0.00,28.00,29.00,-3.12,146,146,0.00,0,0.00,27.84,11.76,0.25,0.00,0.00,0,20,0,0
15138,ON,1,0,0.00,28.00,29.00,-3.12,146,146,0.00,0,0.00,27.84,11.76,0.25,0.00,0.00,0,20,0,0
15243,ON,1,0,0.00,28.00,29.00,-3.12,146,146,0.00,0,0.00,27.84,11.76,0.25,0.00,0.00,0,20,0,0
15351,ON,1,0,0.00,28.00,29.00,-3.12,146,146,0.00,0,0.00,27.84,11.76,0.25,0.00,0.00,0,20,0,0
15456,ON,1,0,0.00,28.00,29.00,-3.12,146,146,0.00,0,0.00,27.84,11.76,0.25,0.00,0.00,0,20,0,0
15561,ON,1,0,0.00,27.00,29.00,-3.12,146,146,0.00,0,0.00,27.84,11.76,0.25,0.00,0.00,0,20,0,0
15666,ON,1,0,0.00,28.00,29.00,-3.12,146,146,0.00,0,0.00,27.84,11.76,0.25,0.00,0.00,0,20,0,0
15771,ON,1,0,0.00,28.00,29.00,-3.12,146,146,0.00,0,0.00,27.84,11.76,0.25,0.00,0.00,0,20,0,0
15876,ON,1,0,0.00,27.00,29.00,-3.12,146,146,0.00,0,0.00,27.84,11.76,0.25,0.00,0.00,0,20,0,0
15984,ON,1,0,0.00,28.00,29.00,-3.12,146,146,0.00,0,0.00,27.84,11.76,0.25,0.00,0.00,0,20,0,0
16089,ON,1,0,0.00,27.00,29.00,-3.12,146,146,0.00,0,0.00,27.84,11.76,0.25,0.00,0.00,0,20,0,0
16194,ON,1,0,0.00,28.00,29.00,-3.12,146,146,0.00,0,0.00,27.84,11.76,0.25,0.00,0.00,0,20,0,0
16299,ON,1,0,0.00,28.00,29.00,-3.12,146,146,0.00,0,0.00,27.84,11.76,0.25,0.00,0.00,0,20,0,0
16404,ON,1,0,0.00,28.00,29.00,-3.12,146,146,0.00,0,0.00,27.84,11.76,0.25,0.00,0.00,0,20,0,0
16509,ON,1,0,0.00,28.00,29.00,-3.12,146,146,0.00,0,0.00,27.84,11.76,0.25,0.00,0.00,0,20,0,0
16617,ON,1,0,0.00,28.00,29.00,-3.12,146,146,0.00,0,0.00,27.84,11.76,0.25,0.00,0.00,0,20,0,0
16722,ON,1,0,0.00,27.00,29.00,-3.12,146,146,0.00,0,0.00,27.84,11.76,0.25,0.00,0.00,0,20,0,0
16827,ON,1,0,0.00,28.00,29.00,-3.12,146,146,0.00,0,0.00,27.84,11.76,0.25,0.00,0.00,0,20,0,0
16932,ON,1,0,0.00,28.00,29.00,-3.12,146,146,0.00,0,0.00,27.84,11.76,0.25,0.00,0.00,0,20,0,0
17037,ON,1,0,0.00,27.00,29.00,-3.12,146,146,0.00,0,0.00,27.84,11.76,0.25,0.00,0.00,0,20,0,0
17142,ON,1,0,0.00,28.00,29.00,-3.12,146,146,0.00,0,0.00,27.84,11.76,0.25,0.00,0.00,0,20,0,0
17250,ON,1,0,0.00,28.00,29.00,-3.12,146,146,0.00,0,0.00,27.84,11.76,0.25,0.00,0.00,0,20,0,0
17355,ON,1,0,0.00,27.00,29.00,-3.12,146,146,0.00,0,0.00,27.84,11.76,0.25,0.00,0.00,0,20,0,0
17460,ON,1,0,0.00,28.00,29.00,-3.12,146,146,0.00,0,0.00,27.84,11.76,0.25,0.00,0.00,0,20,0,0
17565,ON,1,0,0.00,28.00,29.00,-3.12,146,146,0.00,0,0.00,27.84,11.76,0.25,0.00,0.00,0,20,0,0
17670,ON,1,0,0.00,27.00,29.00,-3.12,146,146,0.00,0,0.00,27.84,11.76,0.25,0.00,0.00,0,20,0,0
17775,ON,1,0,0.00,28.00,29.00,-3.12,146,146,0.00,0,0.00,27.84,11.76,0.25,0.00,0.00,0,20,0,0
17883,ON,1,0,0.00,28.00,29.00,-3.12,146,146,0.00,0,0.00,27.84,11.76,0.25,0.00,0.00,0,20,0,0
17988,ON,1,0,0.00,28.00,29.00,-3.12,146,146,0.00,0,0.00,27.84,11.76,0.25,0.00,0.00,0,20,0,0
18093,ON,1,0,0.00,28.00,29.00,-3.12,146,146,0.00,0,0.00,27.84,11.76,0.25,0.00,0.00,0,20,0,0
18198,ON,1,0,0.00,28.00,29.00,-3.12,146,146,0.00,0,0.00,27.84,11.76,0.25,0.00,0.00,0,20,0,0
18303,ON,1,0,0.00,28.00,29.00,-3.12,146,146,0.00,0,0.00,27.84,11.76,0.25,0.00,0.00,0,20,0,0
18408,ON,1,0,0.00,28.00,29.00,-3.12,146,146,0.00,0,0.00,27.84,11.76,0.25,0.00,0.00,0,20,0,0
18516,ON,1,0,0.00,28.00,29.00,-3.12,146,146,0.00,0,0.00,27.84,11.76,0.25,0.00,0.00,0,20,0,0
18621,ON,1,0,0.00,27.00,29.00,-3.12,146,146,0.00,0,0.00,27.84,11.76,0.25,0.00,0.00,0,20,0,0
18726,ON,1,0,0.00,28.00,29.00,-3.12,146,146,0.00,0,0.00,27.84,11.76,0.25,0.00,0.00,0,20,0,0
18831,ON,1,0,0.00,28.00,29.00,-3.12,146,146,0.00,0,0.00,27.84,11.76,0.25,0.00,0.00,0,20,0,0
18936,ON,1,0,0.00,27.00,29.00,-3.12,146,146,0.00,0,0.00,27.84,11.76,0.25,0.00,0.00,0,20,0,0
19041,ON,1,0,0.00,28.00,29.00,-3.12,146,146,0.00,0,0.00,27.84,11.76,0.25,0.00,0.00,0,20,0,0
19149,ON,1,0,0.00,28.00,29.00,-3.12,146,146,0.00,0,0.00,27.84,11.76,0.25,0.00,0.00,0,20,0,0
19254,ON,1,0,0.00,28.00,29.00,-3.12,146,146,0.00,0,0.00,27.84,11.76,0.25,0.00,0.00,0,20,0,0
19359,ON,1,0,0.00,28.00,29.00,-3.12,146,146,0.00,0,0.00,27.84,11.76,0.25,0.00,0.00,0,20,0,0
19464,ON,1,0,0.00,28.00,29.00,-3.12,146,146,0.00,0,0.00,27.84,11.76,0.25,0.00,0.00,0,20,0,0
19569,ON,1,0,0.00,27.00,29.00,-3.12,146,146,0.00,0,0.00,27.84,11.76,0.25,0.00,0.00,0,20,0,0
19674,ON,1,0,0.00,28.00,29.00,-3.12,146,146,0.00,0,0.00,27.84,11.76,0.25,0.00,0.00,0,20,0,0
19782,ON,1,0,0.00,28.00,29.00,-3.12,146,146,0.00,0,0.00,27.84,11.76,0.25,0.00,0.00,0,20,0,0
19887,ON,1,0,0.00,27.00,29.00,-3.12,146,146,0.00,0,0.00,27.84,11.76,0.25,0.00,0.00,0,20,0,0
19992,ON,1,0,0.00,28.00,29.00,-3.12,146,146,0.00,0,0.00,27.84,11.76,0.25,0.00,0.00,0,20,0,0
20097,ON,1,0,0.00,28.00,29.00,-3.12,146,146,0.00,0,0.00,27.84,11.76,0.25,0.00,0.00,0,20,0,0
20202,ON,1,0,0.00,27.00,29.00,-3.12,146,146,0.00,0,0.00,27.84,11.76,0.25,0.00,0.00,0,20,0,0
20307,ON,1,0,0.00,28.00,29.00,-3.12,146,146,0.00,0,0.00,27.84,11.76,0.25,0.00,0.00,0,20,0,0
20415,ON,1,0,0.00,28.00,29.00,-3.12,146,146,0.00,0,0.00,27.84,11.76,0.25,0.00,0.00,0,20,0,0
20520,ON,1,0,0.00,27.00,29.00,-3.12,146,146,0.00,0,0.00,27.84,11.76,0.25,0.00,0.00,0,20,0,0
20625,ON,1,0,0.00,28.00,29.00,-3.12,146,146,0.00,0,0.00,27.84,11.76,0.25,0.00,0.00,0,20,0,0
20730,ON,1,0,0.00,28.00,29.00,-3.12,146,146,0.00,0,0.00,27.84,11.76,0.25,0.00,0.00,0,20,0,0
20835,ON,1,0,0.00,27.00,29.00,-3.12,146,146,0.00,0,0.00,27.84,11.76,0.25,0.00,0.00,0,20,0,0
20940,ON,1,0,0.00,28.00,29.00,-3.12,146,146,0.00,0,0.00,27.84,11.76,0.25,0.00,0.00,0,20,0,0
21048,ON,1,0,0.00,28.00,29.00,-3.12,146,146,0.00,0,0.00,27.84,11.76,0.25,0.00,0.00,0,20,0,0
21153,ON,1,0,0.00,27.00,29.00,-3.12,146,146,0.00,0,0.00,27.84,11.76,0.25,0.00,0.00,0,20,0,0
21258,ON,1,0,0.00,28.00,29.00,-3.12,146,146,0.00,0,0.00,27.84,11.76,0.25,0.00,0.00,0,20,0,0
21363,ON,1,0,0.00,28.00,28.00,-3.12,146,146,0.00,0,0.00,27.84,11.76,0.25,0.00,0.00,0,20,0,0
21468,ON,1,0,0.00,27.00,29.00,-3.12,146,146,0.00,0,0.00,27.84,11.76,0.25,0.00,0.00,0,20,0,0
21573,ON,1,0,0.00,28.00,29.00,-3.12,146,146,0.00,0,0.00,27.84,11.76,0.25,0.00,0.00,0,20,0,0
21681,ON,1,0,0.00,28.00,29.00,-3.12,146,146,0.00,0,0.00,27.84,11.76,0.25,0.00,0.00,0,20,0,0
21786,ON,1,0,0.00,27.00,29.00,-3.12,146,146,0.00,0,0.00,27.84,11.76,0.25,0.00,0.00,0,20,0,0
21891,ON,1,0,0.00,28.00,29.00,-3.12,146,146,0.00,0,0.00,27.84,11.76,0.25,0.00,0.00,0,20,0,0
21996,ON,1,0,0.00,28.00,29.00,-3.12,146,146,0.00,0,0.00,27.84,11.76,0.25,0.00,0.00,0,20,0,0
22101,ON,1,0,0.00,27.00,29.00,-3.12,146,146,0.00,0,0.00,27.84,11.76,0.25,0.00,0.00,0,20,0,0
22206,ON,1,0,0.00,28.00,29.00,-3.12,146,146,0.00,0,0.00,27.84,11.76,0.25,0.00,0.00,0,20,0,0
22314,ON,1,0,0.00,28.00,29.00,-3.12,146,146,0.00,0,0.00,27.84,11.76,0.25,0.00,0.00,0,20,0,0
22419,ON,1,0,0.00,28.00,29.00,-3.12,146,146,0.00,0,0.00,27.84,11.76,0.25,0.00,0.00,0,20,0,0
22524,ON,1,0,0.00,28.00,29.00,-3.12,146,146,0.00,0,0.00,27.84,11.76,0.25,0.00,0.00,0,20,0,0
22629,ON,1,0,0.00,28.00,29.00,-3.12,146,146,0.00,0,0.00,27.84,11.76,0.25,0.00,0.00,0,20,0,0
22734,ON,1,0,0.00,27.00,29.00,-3.12,146,146,0.00,0,0.00,27.84,11.76,0.25,0.00,0.00,0,20,0,0
22839,ON,1,0,0.00,28.00,29.00,-3.12,146,146,0.00,0,0.00,27.84,11.76,0.25,0.00,0.00,0,20,0,0
22947,ON,1,0,0.00,28.00,29.00,-3.12,146,146,0.00,0,0.00,27.84,11.76,0.25,0.00,0.00,0,20,0,0
23052,ON,1,0,0.00,27.00,29.00,-3.12,146,146,0.00,0,0.00,27.84,11.76,0.25,0.00,0.00,0,20,0,0
23157,ON,1,0,0.00,28.00,29.00,-3.12,146,146,0.00,0,0.00,27.84,11.76,0.25,0.00,0.00,0,20,0,0
23262,ON,1,0,0.00,28.00,29.00,-3.12,146,146,0.00,0,0.00,27.84,11.76,0.25,0.00,0.00,0,20,0,0
23367,ON,1,0,0.00,27.00,29.00,-3.12,146,146,0.00,0,0.00,27.84,11.76,0.25,0.00,0.00,0,20,0,0
23472,ON,1,0,0.00,28.00,29.00,-3.12,146,146,0.00,0,0.00,27.84,11.76,0.25,0.00,0.00,0,20,0,0
23580,ON,1,0,0.00,28.00,29.00,-3.12,146,146,0.00,0,0.00,27.84,11.76,0.25,0.00,0.00,0,20,0,0
23685,ON,1,0,0.00,27.00,29.00,-3.12,146,146,0.00,0,0.00,27.84,11.76,0.25,0.00,0.00,0,20,0,0
23790,ON,1,0,0.00,28.00,29.00,-3.12,146,146,0.00,0,0.00,27.84,11.76,0.25,0.00,0.00,0,20,0,0
23895,ON,1,0,0.00,28.00,29.00,-3.12,146,146,0.00,0,0.00,27.84,11.76,0.25,0.00,0.00,0,20,0,0
24000,ON,1,0,0.00,27.00,29.00,-3.12,146,146,0.00,0,0.00,27.84,11.76,0.25,0.00,0.00,0,20,0,0
24105,ON,1,0,0.00,28.00,29.00,-3.12,146,146,0.00,0,0.00,27.84,11.76,0.25,0.00,0.00,0,20,0,0
24213,ON,1,0,0.00,28.00,29.00,-3.12,146,146,0.00,0,0.00,27.84,11.76,0.25,0.00,0.00,0,20,0,0
24318,ON,1,0,0.00,27.00,29.00,-3.12,146,146,0.00,0,0.00,27.84,11.76,0.25,0.00,0.00,0,20,0,0
24423,ON,1,0,0.00,28.00,29.00,-3.12,146,146,0.00,0,0.00,27.84,11.76,0.25,0.00,0.00,0,20,0,0
24528,ON,1,0,0.00,28.00,29.00,-3.12,146,146,0.00,0,0.00,27.84,11.76,0.25,0.00,0.00,0,20,0,0
24633,ON,1,0,0.00,27.00,29.00,-3.12,146,146,0.00,0,0.00,27.84,11.76,0.25,0.00,0.00,0,20,0,0
24738,ON,1,0,0.00,28.00,29.00,-3.12,146,146,0.00,0,0.00,27.84,11.76,0.25,0.00,0.00,0,20,0,0
24846,ON,1,0,0.00,28.00,29.00,-3.12,146,146,0.00,0,0.00,27.84,11.76,0.25,0.00,0.00,0,20,0,0
24951,ON,1,0,0.00,27.00,29.00,-3.12,146,146,0.00,0,0.00,27.84,11.76,0.25,0.00,0.00,0,20,0,0
25056,ON,1,0,0.00,28.00,29.00,-3.12,146,146,0.00,0,0.00,27.84,11.76,0.25,0.00,0.00,0,20,0,0
25161,ON,1,0,0.00,28.00,29.00,-3.12,146,146,0.00,0,0.00,27.84,11.76,0.25,0.00,0.00,0,20,0,0
25266,ON,1,0,0.00,27.00,29.00,-3.12,146,146,0.00,0,0.00,27.84,11.76,0.25,0.00,0.00,0,20,0,0
25371,ON,1,0,0.00,28.00,29.00,-3.12,146,146,0.00,0,0.00,27.84,11.76,0.25,0.00,0.00,0,20,0,0
25479,ON,1,0,0.00,28.00,29.00,-3.12,146,146,0.00,0,0.00,27.84,11.76,0.25,0.00,0.00,0,20,0,0
25584,ON,1,0,0.00,27.00,29.00,-3.12,146,146,0.00,0,0.00,27.84,11.76,0.25,0.00,0.00,0,20,0,0
25689,ON,1,0,0.00,28.00,29.00,-3.12,146,146,0.00,0,0.00,27.84,11.76,0.25,0.00,0.00,0,20,0,0
25794,ON,1,0,0.00,28.00,29.00,-3.12,146,146,0.00,0,0.00,27.84,11.76,0.25,0.00,0.00,0,20,0,0
25899,ON,1,0,0.00,28.00,29.00,-3.12,146,146,0.00,0,0.00,27.84,11.76,0.25,0.00,0.00,0,20,0,0
26004,ON,1,0,0.00,28.00,29.00,-3.12,146,146,0.00,0,0.00,27.84,11.76,0.25,0.00,0.00,0,20,0,0
26112,ON,1,0,0.00,28.00,29.00,-3.12,146,146,0.00,0,0.00,27.84,11.76,0.25,0.00,0.00,0,20,0,0
26217,ON,1,0,0.00,27.00,29.00,-3.12,146,146,0.00,0,0.00,27.84,11.76,0.25,0.00,0.00,0,20,0,0
26322,ON,1,0,0.00,28.00,29.00,-3.12,146,146,0.00,0,0.00,27.84,11.76,0.25,0.00,0.00,0,20,0,0
26427,ON,1,0,0.00,28.00,29.00,-3.12,146,146,0.00,0,0.00,27.84,11.76,0.25,0.00,0.00,0,20,0,0
26532,ON,1,0,0.00,27.00,29.00,-3.12,146,146,0.00,0,0.00,27.84,11.76,0.25,0.00,0.00,0,20,0,0
26637,ON,1,0,0.00,28.00,29.00,-3.12,146,146,0.00,0,0.00,27.84,11.76,0.25,0.00,0.00,0,20,0,0
26745,ON,1,0,0.00,28.00,29.00,-3.12,146,146,0.00,0,0.00,27.84,11.76,0.25,0.00,0.00,0,20,0,0
26850,ON,1,0,0.00,27.00,29.00,-3.12,146,146,0.00,0,0.00,27.84,11.76,0.25,0.00,0.00,0,20,0,0
26955,ON,1,0,0.00,28.00,29.00,-3.12,146,146,0.00,0,0.00,27.84,11.76,0.25,0.00,0.00,0,20,0,0
27060,ON,1,0,0.00,28.00,29.00,-3.12,146,146,0.00,0,0.00,27.84,11.76,0.25,0.00,0.00,0,20,0,0
27165,ON,1,0,0.00,28.00,29.00,-3.12,146,146,0.00,0,0.00,27.84,11.76,0.25,0.00,0.00,0,20,0,0
27270,ON,1,0,0.00,27.00,29.00,-3.12,146,146,0.00,0,0.00,27.84,11.76,0.25,0.00,0.00,0,20,0,0
27378,ON,1,0,0.00,28.00,29.00,-3.12,146,146,0.00,0,0.00,27.84,11.76,0.25,0.00,0.00,0,20,0,0
27483,ON,1,0,0.00,27.00,29.00,-3.12,146,146,0.00,0,0.00,27.84,11.76,0.25,0.00,0.00,0,20,0,0
27588,ON,1,0,0.00,28.00,29.00,-3.12,146,146,0.00,0,0.00,27.84,11.76,0.25,0.00,0.00,0,20,0,0
27693,ON,1,0,0.00,28.00,29.00,-3.12,146,146,0.00,0,0.00,27.84,11.76,0.25,0.00,0.00,0,20,0,0
27798,ON,1,0,0.00,27.00,29.00,-3.12,146,146,0.00,0,0.00,27.84,11.76,0.25,0.00,0.00,0,20,0,0
27903,ON,1,0,0.00,28.00,29.00,-3.12,146,146,0.00,0,0.00,27.84,11.76,0.25,0.00,0.00,0,20,0,0
28011,ON,1,0,0.00,28.00,29.00,-3.12,146,146,0.00,0,0.00,27.84,11.76,0.25,0.00,0.00,0,20,0,0
28116,ON,1,0,0.00,27.00,29.00,-3.12,146,146,0.00,0,0.00,27.84,11.76,0.25,0.00,0.00,0,20,0,0
28221,ON,1,0,0.00,28.00,29.00,-3.12,146,146,0.00,0,0.00,27.84,11.76,0.25,0.00,0.00,0,20,0,0
28326,ON,1,0,0.00,28.00,29.00,-3.12,146,146,0.00,0,0.00,27.84,11.76,0.25,0.00,0.00,0,20,0,0
28431,ON,1,0,0.00,27.00,29.00,-3.12,146,146,0.00,0,0.00,27.84,11.76,0.25,0.00,0.00,0,20,0,0
28536,ON,1,0,0.00,28.00,29.00,-3.12,146,146,0.00,0,0.00,27.84,11.76,0.25,0.00,0.00,0,20,0,0
28644,ON,1,0,0.00,28.00,28.00,-3.12,146,146,0.00,0,0.00,27.84,11.76,0.25,0.00,0.00,0,20,0,0
28749,ON,1,0,0.00,27.00,29.00,-3.12,146,146,0.00,0,0.00,27.84,11.76,0.25,0.00,0.00,0,20,0,0
28854,ON,1,0,0.00,28.00,29.00,-3.12,146,146,0.00,0,0.00,27.84,11.76,0.25,0.00,0.00,0,20,0,0
28959,ON,1,0,0.00,28.00,29.00,-3.12,146,146,0.00,0,0.00,27.84,11.76,0.25,0.00,0.00,0,20,0,0
29063,ON,1,0,0.00,28.00,29.00,-3.12,146,146,0.00,0,0.00,27.84,11.76,0.25,0.00,0.00,0,20,0,0
29168,ON,1,0,0.00,28.00,29.00,-3.12,146,146,0.00,0,0.00,27.84,11.76,0.25,0.00,0.00,0,20,0,0
29276,ON,1,0,0.00,28.00,29.00,-3.12,146,146,0.00,0,0.00,27.84,11.76,0.25,0.00,0.00,0,20,0,0
29381,ON,1,0,0.00,28.00,29.00,-3.12,146,146,0.00,0,0.00,27.84,11.76,0.25,0.00,0.00,0,20,0,0
29486,ON,1,0,0.00,27.00,29.00,-3.12,146,146,0.00,0,0.00,27.84,11.76,0.25,0.00,0.00,0,20,0,0
29591,ON,1,0,0.00,28.00,29.00,-3.12,146,146,0.00,0,0.00,27.84,11.76,0.25,0.00,0.00,0,20,0,0
29696,ON,1,0,0.00,28.00,29.00,-3.12,146,146,0.00,0,0.00,27.84,11.76,0.25,0.00,0.00,0,20,0,0
29801,ON,1,0,0.00,27.00,29.00,-3.12,146,146,0.00,0,0.00,27.84,11.76,0.25,0.00,0.00,0,20,0,0
29909,ON,1,0,0.00,28.00,29.00,-3.12,146,146,0.00,0,0.00,27.84,11.76,0.25,0.00,0.00,0,20,0,0
30014,ON,1,0,0.00,27.00,29.00,-3.12,146,146,0.00,0,0.00,27.84,11.76,0.25,0.00,0.00,0,20,0,0
30119,ON,1,0,0.00,28.00,29.00,-3.12,146,146,0.00,0,0.00,27.84,11.76,0.25,0.00,0.00,0,20,0,0
30224,ON,1,0,0.00,28.00,29.00,-3.12,146,146,0.00,0,0.00,27.84,11.76,0.25,0.00,0.00,0,20,0,0
30329,ON,1,0,0.00,28.00,29.00,-3.12,146,146,0.00,0,0.00,27.84,11.76,0.25,0.00,0.00,0,20,0,0
30434,ON,1,0,0.00,28.00,29.00,-3.12,146,146,0.00,0,0.00,27.84,11.76,0.25,0.00,0.00,0,20,0,0
30542,ON,1,0,0.00,28.00,29.00,-3.12,146,146,0.00,0,0.00,27.84,11.76,0.25,0.00,0.00,0,20,0,0
30647,ON,1,0,0.00,28.00,29.00,-3.12,146,146,0.00,0,0.00,27.84,11.76,0.25,0.00,0.00,0,20,0,0
30752,ON,1,0,0.00,28.00,29.00,-3.12,146,146,0.00,0,0.00,27.84,11.76,0.25,0.00,0.00,0,20,0,0
30857,ON,1,0,0.00,28.00,28.00,-3.12,146,146,0.00,0,0.00,27.84,11.76,0.25,0.00,0.00,0,20,0,0
30962,ON,1,0,0.00,27.00,29.00,-3.12,146,146,0.00,0,0.00,27.84,11.76,0.25,0.00,0.00,0,20,0,0
31067,ON,1,0,0.00,28.00,29.00,-3.12,146,146,0.00,0,0.00,27.84,11.76,0.25,0.00,0.00,0,20,0,0
31175,ON,1,0,0.00,28.00,29.00,-3.12,146,146,0.00,0,0.00,27.84,11.76,0.25,0.00,0.00,0,20,0,0
31280,ON,1,0,0.00,28.00,29.00,-3.12,146,146,0.00,0,0.00,27.84,11.76,0.25,0.00,0.00,0,20,0,0
31385,ON,1,0,0.00,28.00,29.00,-3.12,146,146,0.00,0,0.00,27.84,11.76,0.25,0.00,0.00,0,20,0,0
31490,ON,1,0,0.00,28.00,28.00,-3.12,146,146,0.00,0,0.00,27.84,11.76,0.25,0.00,0.00,0,20,0,0
31595,ON,1,0,0.00,28.00,29.00,-3.12,146,146,0.00,0,0.00,27.84,11.76,0.25,0.00,0.00,0,20,0,0
31700,ON,1,0,0.00,27.00,29.00,-3.12,146,146,0.00,0,0.00,27.84,11.76,0.25,0.00,0.00,0,20,0,0
31808,ON,1,0,0.00,28.00,29.00,-3.12,146,146,0.00,0,0.00,27.84,11.76,0.25,0.00,0.00,0,20,0,0
31913,ON,1,0,0.00,27.00,29.00,-3.12,146,146,0.00,0,0.00,27.84,11.76,0.25,0.00,0.00,0,20,0,0
32018,ON,1,0,0.00,28.00,29.00,-3.12,146,146,0.00,0,0.00,27.84,11.76,0.25,0.00,0.00,0,20,0,0
32123,ON,1,0,0.00,28.00,29.00,-3.12,146,146,0.00,0,0.00,27.84,11.76,0.25,0.00,0.00,0,20,0,0
32228,ON,1,0,0.00,27.00,29.00,-3.12,146,146,0.00,0,0.00,27.84,11.76,0.25,0.00,0.00,0,20,0,0
32333,ON,1,0,0.00,28.00,29.00,-3.12,146,146,0.00,0,0.00,27.84,11.76,0.25,0.00,0.00,0,20,0,0
32441,ON,1,0,0.00,28.00,29.00,-3.12,146,146,0.00,0,0.00,27.84,11.76,0.25,0.00,0.00,0,20,0,0
32546,ON,1,0,0.00,28.00,29.00,-3.12,146,146,0.00,0,0.00,27.84,11.76,0.25,0.00,0.00,0,20,0,0
32651,ON,1,0,0.00,27.00,29.00,-3.12,146,146,0.00,0,0.00,27.84,11.76,0.25,0.00,0.00,0,20,0,0
32756,ON,1,0,0.00,28.00,29.00,-3.12,146,146,0.00,0,0.00,27.84,11.76,0.25,0.00,0.00,0,20,0,0
32861,ON,1,0,0.00,28.00,29.00,-3.12,146,146,0.00,0,0.00,27.84,11.76,0.25,0.00,0.00,0,20,0,0
32966,ON,1,0,0.00,27.00,29.00,-3.12,146,146,0.00,0,0.00,27.84,11.76,0.25,0.00,0.00,0,20,0,0
33074,ON,1,0,0.00,28.00,29.00,-3.12,146,146,0.00,0,0.00,27.84,11.76,0.25,0.00,0.00,0,20,0,0
33179,ON,1,0,0.00,28.00,29.00,-3.12,146,146,0.00,0,0.00,27.84,11.76,0.25,0.00,0.00,0,20,0,0
33284,ON,1,0,0.00,28.00,29.00,-3.12,146,146,0.00,0,0.00,27.84,11.76,0.25,0.00,0.00,0,20,0,0
33389,ON,1,0,0.00,28.00,29.00,-3.12,146,146,0.00,0,0.00,27.84,11.76,0.25,0.00,0.00,0,20,0,0
33494,ON,1,0,0.00,28.00,29.00,-3.12,146,146,0.00,0,0.00,27.84,11.76,0.25,0.00,0.00,0,20,0,0
33599,ON,1,0,0.00,28.00,29.00,-3.12,146,146,0.00,0,0.00,27.84,11.76,0.25,0.00,0.00,0,20,0,0
33707,ON,1,0,0.00,28.00,29.00,-3.12,146,146,0.00,0,0.00,27.84,11.76,0.25,0.00,0.00,0,20,0,0
33812,ON,1,0,0.00,28.00,29.00,-3.12,146,146,0.00,0,0.00,27.84,11.76,0.25,0.00,0.00,0,20,0,0
33917,ON,1,0,0.00,27.00,29.00,-3.12,146,146,0.00,0,0.00,27.84,11.76,0.25,0.00,0.00,0,20,0,0
34022,ON,1,0,0.00,28.00,29.00,-3.12,146,146,0.00,0,0.00,27.84,11.76,0.25,0.00,0.00,0,20,0,0
34127,ON,1,0,0.00,28.00,29.00,-3.12,146,146,0.00,0,0.00,27.84,11.76,0.25,0.00,0.00,0,20,0,0
34232,ON,1,0,0.00,27.00,29.00,-3.12,146,146,0.00,0,0.00,27.84,11.76,0.25,0.00,0.00,0,20,0,0
34340,ON,1,0,0.00,28.00,29.00,-3.12,146,146,0.00,0,0.00,27.84,11.76,0.25,0.00,0.00,0,20,0,0
34445,ON,1,0,0.00,28.00,29.00,-3.12,146,146,0.00,0,0.00,27.84,11.76,0.25,0.00,0.00,0,20,0,0
34550,ON,1,0,0.00,28.00,29.00,-3.12,146,146,0.00,0,0.00,27.84,11.76,0.25,0.00,0.00,0,20,0,0
34655,ON,1,0,0.00,28.00,29.00,-3.12,146,146,0.00,0,0.00,27.84,11.76,0.25,0.00,0.00,0,20,0,0
34760,ON,1,0,0.00,28.00,29.00,-3.12,146,146,0.00,0,0.00,27.84,11.76,0.25,0.00,0.00,0,20,0,0
34865,ON,1,0,0.00,27.00,29.00,-3.12,146,146,0.00,0,0.00,27.84,11.76,0.25,0.00,0.00,0,20,0,0
34973,ON,1,0,0.00,28.00,29.00,-3.12,146,146,0.00,0,0.00,27.84,11.76,0.25,0.00,0.00,0,20,0,0
35078,ON,1,0,0.00,28.00,29.00,-3.12,146,146,0.00,0,0.00,27.84,11.76,0.25,0.00,0.00,0,20,0,0
35183,ON,1,0,0.00,27.00,29.00,-3.12,146,146,0.00,0,0.00,27.84,11.76,0.25,0.00,0.00,0,20,0,0
35288,ON,1,0,0.00,28.00,29.00,-3.12,146,146,0.00,0,0.00,27.84,11.76,0.25,0.00,0.00,0,20,0,0
35393,ON,1,0,0.00,28.00,29.00,-3.12,146,146,0.00,0,0.00,27.84,11.76,0.25,0.00,0.00,0,20,0,0
35498,ON,1,0,0.00,27.00,29.00,-3.12,146,146,0.00,0,0.00,27.84,11.76,0.25,0.00,0.00,0,20,0,0
35606,ON,1,0,0.00,28.00,29.00,-3.12,146,146,0.00,0,0.00,27.84,11.76,0.25,0.00,0.00,0,20,0,0
35711,ON,1,0,0.00,28.00,29.00,-3.12,146,146,0.00,0,0.00,27.84,11.76,0.25,0.00,0.00,0,20,0,0
35816,ON,1,0,0.00,28.00,29.00,-3.12,146,146,0.00,0,0.00,27.84,11.76,0.25,0.00,0.00,0,20,0,0
35921,ON,1,0,0.00,28.00,29.00,-3.12,146,146,0.00,0,0.00,27.84,11.76,0.25,0.00,0.00,0,20,0,0
36026,ON,1,0,0.00,28.00,29.00,-3.12,146,146,0.00,0,0.00,27.84,11.76,0.25,0.00,0.00,0,20,0,0
36131,ON,1,0,0.00,27.00,29.00,-3.12,146,146,0.00,0,0.00,27.84,11.76,0.25,0.00,0.00,0,20,0,0
36239,ON,1,0,0.00,28.00,29.00,-3.12,146,146,0.00,0,0.00,27.84,11.76,0.25,0.00,0.00,0,20,0,0
36344,ON,1,0,0.00,27.00,29.00,-3.12,146,146,0.00,0,0.00,27.84,11.76,0.25,0.00,0.00,0,20,0,0
36449,ON,1,0,0.00,28.00,29.00,-3.12,146,146,0.00,0,0.00,27.84,11.76,0.25,0.00,0.00,0,20,0,0
36554,ON,1,0,0.00,28.00,29.00,-3.12,146,146,0.00,0,0.00,27.84,11.76,0.25,0.00,0.00,0,20,0,0
36659,ON,1,0,0.00,28.00,29.00,-3.12,146,146,0.00,0,0.00,27.84,11.76,0.25,0.00,0.00,0,20,0,0
36764,ON,1,0,0.00,28.00,29.00,-3.12,146,146,0.00,0,0.00,27.84,11.76,0.25,0.00,0.00,0,20,0,0
36872,ON,1,0,0.00,28.00,29.00,-3.12,146,146,0.00,0,0.00,27.84,11.76,0.25,0.00,0.00,0,20,0,0
36977,ON,1,0,0.00,28.00,29.00,-3.12,146,146,0.00,0,0.00,27.84,11.76,0.25,0.00,0.00,0,20,0,0
37082,ON,1,0,0.00,27.00,29.00,-3.12,146,146,0.00,0,0.00,27.84,11.76,0.25,0.00,0.00,0,20,0,0
37187,ON,1,0,0.00,28.00,29.00,-3.12,146,146,0.00,0,0.00,27.84,11.76,0.25,0.00,0.00,0,20,0,0
37292,ON,1,0,0.00,28.00,28.00,-3.12,146,146,0.00,0,0.00,27.84,11.76,0.25,0.00,0.00,0,20,0,0
37397,ON,1,0,0.00,28.00,29.00,-3.12,146,146,0.00,0,0.00,27.84,11.76,0.25,0.00,0.00,0,20,0,0
37505,ON,1,0,0.00,28.00,29.00,-3.12,146,146,0.00,0,0.00,27.84,11.76,0.25,0.00,0.00,0,20,0,0
37610,ON,1,0,0.00,27.00,29.00,-3.12,146,146,0.00,0,0.00,27.84,11.76,0.25,0.00,0.00,0,20,0,0
37715,ON,1,0,0.00,28.00,29.00,-3.12,146,146,0.00,0,0.00,27.84,11.76,0.25,0.00,0.00,0,20,0,0
37820,ON,1,0,0.00,28.00,29.00,-3.12,146,146,0.00,0,0.00,27.84,11.76,0.25,0.00,0.00,0,20,0,0
37925,ON,1,0,0.00,28.00,29.00,-3.12,146,146,0.00,0,0.00,27.84,11.76,0.25,0.00,0.00,0,20,0,0
38030,ON,1,0,0.00,27.00,29.00,-3.12,146,146,0.00,0,0.00,27.84,11.76,0.25,0.00,0.00,0,20,0,0
38138,ON,1,0,0.00,28.00,29.00,-3.12,146,146,0.00,0,0.00,27.84,11.76,0.25,0.00,0.00,0,20,0,0
38243,ON,1,0,0.00,28.00,29.00,-3.12,146,146,0.00,0,0.00,27.84,11.76,0.25,0.00,0.00,0,20,0,0
38349,ON,1,0,0.00,27.00,29.00,-3.12,146,146,0.00,0,0.00,27.84,11.76,0.25,0.00,0.00,0,20,0,0
38454,ON,1,0,0.00,28.00,29.00,-3.12,146,146,0.00,0,0.00,27.84,11.76,0.25,0.00,0.00,0,20,0,0
38559,ON,1,0,0.00,28.00,29.00,-3.12,146,146,0.00,0,0.00,27.84,11.76,0.25,0.00,0.00,0,20,0,0
38667,ON,1,0,0.00,28.00,29.00,-3.12,146,146,0.00,0,0.00,27.84,11.76,0.25,0.00,0.00,0,20,0,0
38772,ON,1,0,0.00,28.00,29.00,-3.12,146,146,0.00,0,0.00,27.84,11.76,0.25,0.00,0.00,0,20,0,0
38877,ON,1,0,0.00,28.00,29.00,-3.12,146,146,0.00,0,0.00,27.84,11.76,0.25,0.00,0.00,0,20,0,0
38982,ON,1,0,0.00,28.00,29.00,-3.12,146,146,0.00,0,0.00,27.84,11.76,0.25,0.00,0.00,0,20,0,0
39087,ON,1,0,0.00,28.00,29.00,-3.12,146,146,0.00,0,0.00,27.84,11.76,0.25,0.00,0.00,0,20,0,0
39192,ON,1,0,0.00,28.00,29.00,-3.12,146,146,0.00,0,0.00,27.84,11.76,0.25,0.00,0.00,0,20,0,0
39300,ON,1,0,0.00,28.00,29.00,-3.12,146,146,0.00,0,0.00,27.84,11.76,0.25,0.00,0.00,0,20,0,0
39405,ON,1,0,0.00,28.00,29.00,-3.12,146,146,0.00,0,0.00,27.84,11.76,0.25,0.00,0.00,0,20,0,0
39510,ON,1,0,0.00,27.00,29.00,-3.12,146,146,0.00,0,0.00,27.84,11.76,0.25,0.00,0.00,0,20,0,0
39615,ON,1,0,0.00,28.00,29.00,-3.12,146,146,0.00,0,0.00,27.84,11.76,0.25,0.00,0.00,0,20,0,0
39720,ON,1,0,0.00,28.00,29.00,-3.12,146,146,0.00,0,0.00,27.84,11.76,0.25,0.00,0.00,0,20,0,0
39825,ON,1,0,0.00,28.00,29.00,-3.12,146,146,0.00,0,0.00,27.84,11.76,0.25,0.00,0.00,0,20,0,0
39933,ON,1,0,0.00,28.00,29.00,-3.12,146,146,0.00,0,0.00,27.84,11.76,0.25,0.00,0.00,0,20,0,0
40038,ON,1,0,0.00,28.00,29.00,-3.12,146,146,0.00,0,0.00,27.84,11.76,0.25,0.00,0.00,0,20,0,0
40143,ON,1,0,0.00,28.00,29.00,-3.12,146,146,0.00,0,0.00,27.84,11.76,0.25,0.00,0.00,0,20,0,0
40248,ON,1,0,0.00,27.00,29.00,-3.12,146,146,0.00,0,0.00,27.84,11.76,0.25,0.00,0.00,0,20,0,0
40353,ON,1,0,0.00,28.00,29.00,-3.12,146,146,0.00,0,0.00,27.84,11.76,0.25,0.00,0.00,0,20,0,0
40458,ON,1,0,0.00,28.00,29.00,-3.12,146,146,0.00,0,0.00,27.84,11.76,0.25,0.00,0.00,0,20,0,0
40566,ON,1,0,0.00,28.00,29.00,-3.12,146,146,0.00,0,0.00,27.84,11.76,0.25,0.00,0.00,0,20,0,0
40671,ON,1,0,0.00,28.00,28.00,-3.12,146,146,0.00,0,0.00,27.84,11.76,0.25,0.00,0.00,0,20,0,0
40776,ON,1,0,0.00,27.00,29.00,-3.12,146,146,0.00,0,0.00,27.84,11.76,0.25,0.00,0.00,0,20,0,0
40881,ON,1,0,0.00,28.00,29.00,-3.12,146,146,0.00,0,0.00,27.84,11.76,0.25,0.00,0.00,0,20,0,0
40986,ON,1,0,0.00,28.00,29.00,-3.12,146,146,0.00,0,0.00,27.84,11.76,0.25,0.00,0.00,0,20,0,0
41091,ON,1,0,0.00,28.00,29.00,-3.12,146,146,0.00,0,0.00,27.84,11.76,0.25,0.00,0.00,0,20,0,0
41199,ON,1,0,0.00,28.00,29.00,-3.12,146,146,0.00,0,0.00,27.84,11.76,0.25,0.00,0.00,0,20,0,0
41304,ON,1,0,0.00,28.00,29.00,-3.12,146,146,0.00,0,0.00,27.84,11.76,0.25,0.00,0.00,0,20,0,0
41409,ON,1,0,0.00,28.00,29.00,-3.12,146,146,0.00,0,0.00,27.84,11.76,0.25,0.00,0.00,0,20,0,0
41514,ON,1,0,0.00,27.00,29.00,-3.12,146,146,0.00,0,0.00,27.84,11.76,0.25,0.00,0.00,0,20,0,0
41619,ON,1,0,0.00,28.00,29.00,-3.12,146,146,0.00,0,0.00,27.84,11.76,0.25,0.00,0.00,0,20,0,0
41724,ON,1,0,0.00,28.00,29.00,-3.12,146,146,0.00,0,0.00,27.84,11.76,0.25,0.00,0.00,0,20,0,0
41832,ON,1,0,0.00,28.00,29.00,-3.12,146,146,0.00,0,0.00,27.84,11.76,0.25,0.00,0.00,0,20,0,0
41937,ON,1,0,0.00,28.00,29.00,-3.12,146,146,0.00,0,0.00,27.84,11.76,0.25,0.00,0.00,0,20,0,0
42042,ON,1,0,0.00,28.00,29.00,-3.12,146,146,0.00,0,0.00,27.84,11.76,0.25,0.00,0.00,0,20,0,0
42147,ON,1,0,0.00,28.00,29.00,-3.12,146,146,0.00,0,0.00,27.84,11.76,0.25,0.00,0.00,0,20,0,0
42252,ON,1,0,0.00,28.00,29.00,-3.12,146,146,0.00,0,0.00,27.84,11.76,0.25,0.00,0.00,0,20,0,0
42357,ON,1,0,0.00,28.00,29.00,-3.12,146,146,0.00,0,0.00,27.84,11.76,0.25,0.00,0.00,0,20,0,0
42465,ON,1,0,0.00,27.00,29.00,-3.12,146,146,0.00,0,0.00,27.84,11.76,0.25,0.00,0.00,0,20,0,0
42573,ON,1,0,0.00,28.00,29.00,-3.12,146,146,0.00,0,0.00,27.84,11.76,0.25,0.00,0.00,0,20,0,0
42678,ON,1,0,0.00,28.00,29.00,-3.12,146,146,0.00,0,0.00,27.84,11.76,0.25,0.00,0.00,0,20,0,0
42783,ON,1,0,0.00,28.00,29.00,-3.12,146,146,0.00,0,0.00,27.84,11.76,0.25,0.00,0.00,0,20,0,0
42888,ON,1,0,0.00,28.00,29.00,-3.12,146,146,0.00,0,0.00,27.84,11.76,0.25,0.00,0.00,0,20,0,0
42993,ON,1,0,0.00,27.00,29.00,-3.12,146,146,0.00,0,0.00,27.84,11.76,0.25,0.00,0.00,0,20,0,0
43101,ON,1,0,0.00,28.00,29.00,-3.12,146,146,0.00,0,0.00,27.84,11.76,0.25,0.00,0.00,0,20,0,0
43206,ON,1,0,0.00,28.00,29.00,-3.12,146,146,0.00,0,0.00,27.84,11.76,0.25,0.00,0.00,0,20,0,0
43311,ON,1,0,0.00,27.00,29.00,-3.12,146,146,0.00,0,0.00,27.84,11.76,0.25,0.00,0.00,0,20,0,0
43416,ON,1,0,0.00,28.00,29.00,-3.12,146,146,0.00,0,0.00,27.84,11.76,0.25,0.00,0.00,0,20,0,0
43521,ON,1,0,0.00,28.00,29.00,-3.12,146,146,0.00,0,0.00,27.84,11.76,0.25,0.00,0.00,0,20,0,0
43626,ON,1,0,0.00,27.00,29.00,-3.12,146,146,0.00,0,0.00,27.84,11.76,0.25,0.00,0.00,0,20,0,0
43734,ON,1,0,0.00,28.00,29.00,-3.12,146,146,0.00,0,0.00,27.84,11.76,0.25,0.00,0.00,0,20,0,0
43839,ON,1,0,0.00,28.00,29.00,-3.12,146,146,0.00,0,0.00,27.84,11.76,0.25,0.00,0.00,0,20,0,0
43944,ON,1,0,0.00,27.00,29.00,-3.12,146,146,0.00,0,0.00,27.84,11.76,0.25,0.00,0.00,0,20,0,0
44049,ON,1,0,0.00,28.00,29.00,-3.12,146,146,0.00,0,0.00,27.84,11.76,0.25,0.00,0.00,0,20,0,0
44154,ON,1,0,0.00,28.00,29.00,-3.12,146,146,0.00,0,0.00,27.84,11.76,0.25,0.00,0.00,0,20,0,0
44259,ON,1,0,0.00,28.00,29.00,-3.12,146,146,0.00,0,0.00,27.84,11.76,0.25,0.00,0.00,0,20,0,0
44367,ON,1,0,0.00,28.00,29.00,-3.12,146,146,0.00,0,0.00,27.84,11.76,0.25,0.00,0.00,0,20,0,0
44472,ON,1,0,0.00,28.00,29.00,-3.12,146,146,0.00,0,0.00,27.84,11.76,0.25,0.00,0.00,0,20,0,0
44577,ON,1,0,0.00,27.00,29.00,-3.12,146,146,0.00,0,0.00,27.84,11.76,0.25,0.00,0.00,0,20,0,0
44682,ON,1,0,0.00,28.00,29.00,-3.12,146,146,0.00,0,0.00,27.84,11.76,0.25,0.00,0.00,0,20,0,0
44787,ON,1,0,0.00,28.00,29.00,-3.12,146,146,0.00,0,0.00,27.84,11.76,0.25,0.00,0.00,0,20,0,0
44892,ON,1,0,0.00,27.00,29.00,-3.12,146,146,0.00,0,0.00,27.84,11.76,0.25,0.00,0.00,0,20,0,0
45000,ON,1,0,0.00,28.00,29.00,-3.12,146,146,0.00,0,0.00,27.84,11.76,0.25,0.00,0.00,0,20,0,0
45105,ON,1,0,0.00,28.00,29.00,-3.12,146,146,0.00,0,0.00,27.84,11.76,0.25,0.00,0.00,0,20,0,0
45210,ON,1,0,0.00,28.00,29.00,-3.12,146,146,0.00,0,0.00,27.84,11.76,0.25,0.00,0.00,0,20,0,0
45315,ON,1,0,0.00,28.00,29.00,-3.12,146,146,0.00,0,0.00,27.84,11.76,0.25,0.00,0.00,0,20,0,0
45420,ON,1,0,0.00,28.00,29.00,-3.12,146,146,0.00,0,0.00,27.84,11.76,0.25,0.00,0.00,0,20,0,0
45525,ON,1,0,0.00,28.00,29.00,-3.12,146,146,0.00,0,0.00,27.84,11.76,0.25,0.00,0.00,0,20,0,0
45633,ON,1,0,0.00,28.00,29.00,-3.12,146,146,0.00,0,0.00,27.84,11.76,0.25,0.00,0.00,0,20,0,0
45738,ON,1,0,0.00,28.00,29.00,-3.12,146,146,0.00,0,0.00,27.84,11.76,0.25,0.00,0.00,0,20,0,0
45843,ON,1,0,0.00,27.00,29.00,-3.12,146,146,0.00,0,0.00,27.84,11.76,0.25,0.00,0.00,0,20,0,0
45948,ON,1,0,0.00,28.00,29.00,-3.12,146,146,0.00,0,0.00,27.84,11.76,0.25,0.00,0.00,0,20,0,0
46053,ON,1,0,0.00,28.00,28.00,-3.12,146,146,0.00,0,0.00,27.84,11.76,0.25,0.00,0.00,0,20,0,0
46158,ON,1,0,0.00,28.00,29.00,-3.12,146,146,0.00,0,0.00,27.84,11.76,0.25,0.00,0.00,0,20,0,0
46266,ON,1,0,0.00,28.00,29.00,-3.12,146,146,0.00,0,0.00,27.84,11.76,0.25,0.00,0.00,0,20,0,0
46371,ON,1,0,0.00,28.00,29.00,-3.12,146,146,0.00,0,0.00,27.84,11.76,0.25,0.00,0.00,0,20,0,0
46476,ON,1,0,0.00,28.00,29.00,-3.12,146,146,0.00,0,0.00,27.84,11.76,0.25,0.00,0.00,0,20,0,0
46581,ON,1,0,0.00,28.00,29.00,-3.12,146,146,0.00,0,0.00,27.84,11.76,0.25,0.00,0.00,0,20,0,0
46686,ON,1,0,0.00,28.00,29.00,-3.12,146,146,0.00,0,0.00,27.84,11.76,0.25,0.00,0.00,0,20,0,0
46791,ON,1,0,0.00,28.00,29.00,-3.12,146,146,0.00,0,0.00,27.84,11.76,0.25,0.00,0.00,0,20,0,0
46899,ON,1,0,0.00,28.00,29.00,-3.12,146,146,0.00,0,0.00,27.84,11.76,0.25,0.00,0.00,0,20,0,0
47004,ON,1,0,0.00,28.00,29.00,-3.12,146,146,0.00,0,0.00,27.84,11.76,0.25,0.00,0.00,0,20,0,0
47109,ON,1,0,0.00,27.00,29.00,-3.12,146,146,0.00,0,0.00,27.84,11.76,0.25,0.00,0.00,0,20,0,0
47214,ON,1,0,0.00,28.00,29.00,-3.12,146,146,0.00,0,0.00,27.84,11.76,0.25,0.00,0.00,0,20,0,0
47319,ON,1,0,0.00,28.00,29.00,-3.12,146,146,0.00,0,0.00,27.84,11.76,0.25,0.00,0.00,0,20,0,0
47424,ON,1,0,0.00,28.00,29.00,-3.12,146,146,0.00,0,0.00,27.84,11.76,0.25,0.00,0.00,0,20,0,0
47532,ON,1,0,0.00,28.00,29.00,-3.12,146,146,0.00,0,0.00,27.84,11.76,0.25,0.00,0.00,0,20,0,0
47636,ON,1,0,0.00,28.00,29.00,-3.12,146,146,0.00,0,0.00,27.84,11.76,0.25,0.00,0.00,0,20,0,0
47741,ON,1,0,0.00,28.00,29.00,-3.12,146,146,0.00,0,0.00,27.84,11.76,0.25,0.00,0.00,0,20,0,0
47846,ON,1,0,0.00,27.00,29.00,-3.12,146,146,0.00,0,0.00,27.84,11.76,0.25,0.00,0.00,0,20,0,0
47951,ON,1,0,0.00,28.00,29.00,-3.12,146,146,0.00,0,0.00,27.84,11.76,0.25,0.00,0.00,0,20,0,0
48056,ON,1,0,0.00,28.00,29.00,-3.12,146,146,0.00,0,0.00,27.84,11.76,0.25,0.00,0.00,0,20,0,0
48164,ON,1,0,0.00,28.00,29.00,-3.12,146,146,0.00,0,0.00,27.84,11.76,0.25,0.00,0.00,0,20,0,0
48269,ON,1,0,0.00,28.00,29.00,-3.12,146,146,0.00,0,0.00,27.84,11.76,0.25,0.00,0.00,0,20,0,0
48374,ON,1,0,0.00,27.00,29.00,-3.12,146,146,0.00,0,0.00,27.84,11.76,0.25,0.00,0.00,0,20,0,0
48479,ON,1,0,0.00,28.00,29.00,-3.12,146,146,0.00,0,0.00,27.84,11.76,0.25,0.00,0.00,0,20,0,0
48584,ON,1,0,0.00,28.00,29.00,-3.12,146,146,0.00,0,0.00,27.84,11.76,0.25,0.00,0.00,0,20,0,0
48689,ON,1,0,0.00,28.00,29.00,-3.12,146,146,0.00,0,0.00,27.84,11.76,0.25,0.00,0.00,0,20,0,0
48797,ON,1,0,0.00,28.00,29.00,-3.12,146,146,0.00,0,0.00,27.84,11.76,0.25,0.00,0.00,0,20,0,0
48902,ON,1,0,0.00,28.00,29.00,-3.12,146,146,0.00,0,0.00,27.84,11.76,0.25,0.00,0.00,0,20,0,0
49007,ON,1,0,0.00,28.00,29.00,-3.12,146,146,0.00,0,0.00,27.84,11.76,0.25,0.00,0.00,0,20,0,0
49112,ON,1,0,0.00,27.00,29.00,-3.12,146,146,0.00,0,0.00,27.84,11.76,0.25,0.00,0.00,0,20,0,0
49217,ON,1,0,0.00,28.00,29.00,-3.12,146,146,0.00,0,0.00,27.84,11.76,0.25,0.00,0.00,0,20,0,0
49322,ON,1,0,0.00,28.00,29.00,-3.12,146,146,0.00,0,0.00,27.84,11.76,0.25,0.00,0.00,0,20,0,0
49430,ON,1,0,0.00,28.00,29.00,-3.12,146,146,0.00,0,0.00,27.84,11.76,0.25,0.00,0.00,0,20,0,0
49535,ON,1,0,0.00,28.00,29.00,-3.12,146,146,0.00,0,0.00,27.84,11.76,0.25,0.00,0.00,0,20,0,0
49640,ON,1,0,0.00,28.00,29.00,-3.12,146,146,0.00,0,0.00,27.84,11.76,0.25,0.00,0.00,0,20,0,0
49745,ON,1,0,0.00,28.00,29.00,-3.12,146,146,0.00,0,0.00,27.84,11.76,0.25,0.00,0.00,0,20,0,0
49850,ON,1,0,0.00,28.00,29.00,-3.12,146,146,0.00,0,0.00,27.84,11.76,0.25,0.00,0.00,0,20,0,0
49955,ON,1,0,0.00,28.00,29.00,-3.12,146,146,0.00,0,0.00,27.84,11.76,0.25,0.00,0.00,0,20,0,0
50063,ON,1,0,0.00,27.00,29.00,-3.12,146,146,0.00,0,0.00,27.84,11.76,0.25,0.00,0.00,0,20,0,0
50168,ON,1,0,0.00,28.00,29.00,-3.12,146,146,0.00,0,0.00,27.84,11.76,0.25,0.00,0.00,0,20,0,0
50273,ON,1,0,0.00,28.00,29.00,-3.12,146,146,0.00,0,0.00,27.84,11.76,0.25,0.00,0.00,0,20,0,0
50378,ON,1,0,0.00,27.00,29.00,-3.12,146,146,0.00,0,0.00,27.84,11.76,0.25,0.00,0.00,0,20,0,0
50483,ON,1,0,0.00,28.00,29.00,-3.12,146,146,0.00,0,0.00,27.84,11.76,0.25,0.00,0.00,0,20,0,0
50588,ON,1,0,0.00,28.00,29.00,-3.12,146,146,0.00,0,0.00,27.84,11.76,0.25,0.00,0.00,0,20,0,0
50696,ON,1,0,0.00,28.00,29.00,-3.12,146,146,0.00,0,0.00,27.84,11.76,0.25,0.00,0.00,0,20,0,0
50801,ON,1,0,0.00,28.00,29.00,-3.12,146,146,0.00,0,0.00,27.84,11.76,0.25,0.00,0.00,0,20,0,0
50906,ON,1,0,0.00,28.00,29.00,-3.12,146,146,0.00,0,0.00,27.84,11.76,0.25,0.00,0.00,0,20,0,0
51011,ON,1,0,0.00,28.00,29.00,-3.12,146,146,0.00,0,0.00,27.84,11.76,0.25,0.00,0.00,0,20,0,0
51116,ON,1,0,0.00,28.00,29.00,-3.12,146,146,0.00,0,0.00,27.84,11.76,0.25,0.00,0.00,0,20,0,0
51221,ON,1,0,0.00,28.00,29.00,-3.12,146,146,0.00,0,0.00,27.84,11.76,0.25,0.00,0.00,0,20,0,0
51329,ON,1,0,0.00,28.00,29.00,-3.12,146,146,0.00,0,0.00,27.84,11.76,0.25,0.00,0.00,0,20,0,0
51434,ON,1,0,0.00,28.00,29.00,-3.12,146,146,0.00,0,0.00,27.84,11.76,0.25,0.00,0.00,0,20,0,0
51539,ON,1,0,0.00,27.00,29.00,-3.12,146,146,0.00,0,0.00,27.84,11.76,0.25,0.00,0.00,0,20,0,0
51644,ON,1,0,0.00,28.00,29.00,-3.12,146,146,0.00,0,0.00,27.84,11.76,0.25,0.00,0.00,0,20,0,0
51749,ON,1,0,0.00,28.00,29.00,-3.12,146,146,0.00,0,0.00,27.84,11.76,0.25,0.00,0.00,0,20,0,0
51854,ON,1,0,0.00,28.00,29.00,-3.12,146,146,0.00,0,0.00,27.84,11.76,0.25,0.00,0.00,0,20,0,0
51962,ON,1,0,0.00,28.00,29.00,-3.12,146,146,0.00,0,0.00,27.84,11.76,0.25,0.00,0.00,0,20,0,0
52067,ON,1,0,0.00,28.00,29.00,-3.12,146,146,0.00,0,0.00,27.84,11.76,0.25,0.00,0.00,0,20,0,0
52172,ON,1,0,0.00,28.00,29.00,-3.12,146,146,0.00,0,0.00,27.84,11.76,0.25,0.00,0.00,0,20,0,0
52277,ON,1,0,0.00,27.00,29.00,-3.12,146,146,0.00,0,0.00,27.84,11.76,0.25,0.00,0.00,0,20,0,0
52382,ON,1,0,0.00,28.00,29.00,-3.12,146,146,0.00,0,0.00,27.84,11.76,0.25,0.00,0.00,0,20,0,0
52487,ON,1,0,0.00,28.00,28.00,-3.12,146,146,0.00,0,0.00,27.84,11.76,0.25,0.00,0.00,0,20,0,0
52595,ON,1,0,0.00,28.00,29.00,-3.12,146,146,0.00,0,0.00,27.84,11.76,0.25,0.00,0.00,0,20,0,0
52700,ON,1,0,0.00,28.00,29.00,-3.12,146,146,0.00,0,0.00,27.84,11.76,0.25,0.00,0.00,0,20,0,0
52805,ON,1,0,0.00,28.00,29.00,-3.12,146,146,0.00,0,0.00,27.84,11.76,0.25,0.00,0.00,0,20,0,0
52910,ON,1,0,0.00,28.00,29.00,-3.12,146,146,0.00,0,0.00,27.84,11.76,0.25,0.00,0.00,0,20,0,0
53015,ON,1,0,0.00,28.00,29.00,-3.12,146,146,0.00,0,0.00,27.84,11.76,0.25,0.00,0.00,0,20,0,0
53120,ON,1,0,0.00,28.00,29.00,-3.12,146,146,0.00,0,0.00,27.84,11.76,0.25,0.00,0.00,0,20,0,0
53228,ON,1,0,0.00,27.00,29.00,-3.12,146,146,0.00,0,0.00,27.84,11.76,0.25,0.00,0.00,0,20,0,0
53333,ON,1,0,0.00,28.00,29.00,-3.12,146,146,0.00,0,0.00,27.84,11.76,0.25,0.00,0.00,0,20,0,0
53438,ON,1,0,0.00,28.00,28.00,-3.12,146,146,0.00,0,0.00,27.84,11.76,0.25,0.00,0.00,0,20,0,0
53543,ON,1,0,0.00,27.00,29.00,-3.12,146,146,0.00,0,0.00,27.84,11.76,0.25,0.00,0.00,0,20,0,0
53648,ON,1,0,0.00,28.00,29.00,-3.12,146,146,0.00,0,0.00,27.84,11.76,0.25,0.00,0.00,0,20,0,0
53753,ON,1,0,0.00,28.00,29.00,-3.12,146,146,0.00,0,0.00,27.84,11.76,0.25,0.00,0.00,0,20,0,0
53861,ON,1,0,0.00,28.00,29.00,-3.12,146,146,0.00,0,0.00,27.84,11.76,0.25,0.00,0.00,0,20,0,0
53966,ON,1,0,0.00,28.00,29.00,-3.12,146,146,0.00,0,0.00,27.84,11.76,0.25,0.00,0.00,0,20,0,0
54071,ON,1,0,0.00,28.00,29.00,-3.12,146,146,0.00,0,0.00,27.84,11.76,0.25,0.00,0.00,0,20,0,0
54176,ON,1,0,0.00,28.00,29.00,-3.12,146,146,0.00,0,0.00,27.84,11.76,0.25,0.00,0.00,0,20,0,0
54281,ON,1,0,0.00,28.00,29.00,-3.12,146,146,0.00,0,0.00,27.84,11.76,0.25,0.00,0.00,0,20,0,0
54386,ON,1,0,0.00,28.00,29.00,-3.12,146,146,0.00,0,0.00,27.84,11.76,0.25,0.00,0.00,0,20,0,0
54494,ON,1,0,0.00,28.00,29.00,-3.12,146,146,0.00,0,0.00,27.84,11.76,0.25,0.00,0.00,0,20,0,0
54599,ON,1,0,0.00,28.00,29.00,-3.12,146,146,0.00,0,0.00,27.84,11.76,0.25,0.00,0.00,0,20,0,0
54704,ON,1,0,0.00,28.00,29.00,-3.12,146,146,0.00,0,0.00,27.84,11.76,0.25,0.00,0.00,0,20,0,0
54809,ON,1,0,0.00,28.00,29.00,-3.12,146,146,0.00,0,0.00,27.84,11.76,0.25,0.00,0.00,0,20,0,0
54914,ON,1,0,0.00,28.00,29.00,-3.12,146,146,0.00,0,0.00,27.84,11.76,0.25,0.00,0.00,0,20,0,0
55019,ON,1,0,0.00,28.00,29.00,-3.12,146,146,0.00,0,0.00,27.84,11.76,0.25,0.00,0.00,0,20,0,0
55127,ON,1,0,0.00,28.00,29.00,-3.12,146,146,0.00,0,0.00,27.84,11.76,0.25,0.00,0.00,0,20,0,0
55232,ON,1,0,0.00,28.00,29.00,-3.12,146,146,0.00,0,0.00,27.84,11.76,0.25,0.00,0.00,0,20,0,0
55337,ON,1,0,0.00,28.00,29.00,-3.12,146,146,0.00,0,0.00,27.84,11.76,0.25,0.00,0.00,0,20,0,0
55442,ON,1,0,0.00,27.00,29.00,-3.12,146,146,0.00,0,0.00,27.84,11.76,0.25,0.00,0.00,0,20,0,0
55547,ON,1,0,0.00,28.00,29.00,-3.12,146,146,0.00,0,0.00,27.84,11.76,0.25,0.00,0.00,0,20,0,0
55652,ON,1,0,0.00,28.00,29.00,-3.12,146,146,0.00,0,0.00,27.84,11.76,0.25,0.00,0.00,0,20,0,0
55760,ON,1,0,0.00,28.00,29.00,-3.12,146,146,0.00,0,0.00,27.84,11.76,0.25,0.00,0.00,0,20,0,0
55865,ON,1,0,0.00,28.00,29.00,-3.12,146,146,0.00,0,0.00,27.84,11.76,0.25,0.00,0.00,0,20,0,0
55970,ON,1,0,0.00,28.00,29.00,-3.12,146,146,0.00,0,0.00,27.84,11.76,0.25,0.00,0.00,0,20,0,0
56075,ON,1,0,0.00,28.00,29.00,-3.12,146,146,0.00,0,0.00,27.84,11.76,0.25,0.00,0.00,0,20,0,0
56180,ON,1,0,0.00,28.00,29.00,-3.12,146,146,0.00,0,0.00,27.84,11.76,0.25,0.00,0.00,0,20,0,0
56285,ON,1,0,0.00,28.00,29.00,-3.12,146,146,0.00,0,0.00,27.84,11.76,0.25,0.00,0.00,0,20,0,0
56393,ON,1,0,0.00,28.00,29.00,-3.12,146,146,0.00,0,0.00,27.84,11.76,0.25,0.00,0.00,0,20,0,0
56498,ON,1,0,0.00,28.00,29.00,-3.12,146,146,0.00,0,0.00,27.84,11.76,0.25,0.00,0.00,0,20,0,0
56603,ON,1,0,0.00,27.00,29.00,-3.12,146,146,0.00,0,0.00,27.84,11.76,0.25,0.00,0.00,0,20,0,0
56708,ON,1,0,0.00,28.00,29.00,-3.12,146,146,0.00,0,0.00,27.84,11.76,0.25,0.00,0.00,0,20,0,0
56813,ON,1,0,0.00,28.00,29.00,-3.12,146,146,0.00,0,0.00,27.84,11.76,0.25,0.00,0.00,0,20,0,0
56917,ON,1,0,0.00,27.00,29.00,-3.12,146,146,0.00,0,0.00,27.84,11.76,0.25,0.00,0.00,0,20,0,0
57025,ON,1,0,0.00,28.00,29.00,-3.12,146,146,0.00,0,0.00,27.84,11.76,0.25,0.00,0.00,0,20,0,0
57130,ON,1,0,0.00,28.00,29.00,-3.12,146,146,0.00,0,0.00,27.84,11.76,0.25,0.00,0.00,0,20,0,0
57235,ON,1,0,0.00,28.00,29.00,-3.12,146,146,0.00,0,0.00,27.84,11.76,0.25,0.00,0.00,0,20,0,0
57340,ON,1,0,0.00,27.00,29.00,-3.12,146,146,0.00,0,0.00,27.84,11.76,0.25,0.00,0.00,0,20,0,0
57445,ON,1,0,0.00,28.00,29.00,-3.12,146,146,0.00,0,0.00,27.84,11.76,0.25,0.00,0.00,0,20,0,0
57550,ON,1,0,0.00,28.00,29.00,-3.12,146,146,0.00,0,0.00,27.84,11.76,0.25,0.00,0.00,0,20,0,0
57658,ON,1,0,0.00,28.00,29.00,-3.12,146,146,0.00,0,0.00,27.84,11.76,0.25,0.00,0.00,0,20,0,0
57763,ON,1,0,0.00,28.00,29.00,-3.12,146,146,0.00,0,0.00,27.84,11.76,0.25,0.00,0.00,0,20,0,0
57868,ON,1,0,0.00,27.00,29.00,-3.12,146,146,0.00,0,0.00,27.84,11.76,0.25,0.00,0.00,0,20,0,0
57973,ON,1,0,0.00,28.00,29.00,-3.12,146,146,0.00,0,0.00,27.84,11.76,0.25,0.00,0.00,0,20,0,0
58078,ON,1,0,0.00,28.00,28.00,-3.12,146,146,0.00,0,0.00,27.84,11.76,0.25,0.00,0.00,0,20,0,0
58183,ON,1,0,0.00,28.00,29.00,-3.12,146,146,0.00,0,0.00,27.84,11.76,0.25,0.00,0.00,0,20,0,0
58291,ON,1,0,0.00,28.00,29.00,-3.12,146,146,0.00,0,0.00,27.84,11.76,0.25,0.00,0.00,0,20,0,0
58396,ON,1,0,0.00,28.00,29.00,-3.12,146,146,0.00,0,0.00,27.84,11.76,0.25,0.00,0.00,0,20,0,0
58501,ON,1,0,0.00,27.00,29.00,-3.12,146,146,0.00,0,0.00,27.84,11.76,0.25,0.00,0.00,0,20,0,0
58606,ON,1,0,0.00,28.00,29.00,-3.12,146,146,0.00,0,0.00,27.84,11.76,0.25,0.00,0.00,0,20,0,0
58711,ON,1,0,0.00,28.00,29.00,-3.12,146,146,0.00,0,0.00,27.84,11.76,0.25,0.00,0.00,0,20,0,0
58816,ON,1,0,0.00,27.00,29.00,-3.12,146,146,0.00,0,0.00,27.84,11.76,0.25,0.00,0.00,0,20,0,0
58924,ON,1,0,0.00,28.00,29.00,-3.12,146,146,0.00,0,0.00,27.84,11.76,0.25,0.00,0.00,0,20,0,0
59029,ON,1,0,0.00,28.00,29.00,-3.12,146,146,0.00,0,0.00,27.84,11.76,0.25,0.00,0.00,0,20,0,0
59134,ON,1,0,0.00,27.00,29.00,-3.12,146,146,0.00,0,0.00,27.84,11.76,0.25,0.00,0.00,0,20,0,0
59239,ON,1,0,0.00,28.00,29.00,-3.12,146,146,0.00,0,0.00,27.84,11.76,0.25,0.00,0.00,0,20,0,0
59344,ON,1,0,0.00,28.00,29.00,-3.12,146,146,0.00,0,0.00,27.84,11.76,0.25,0.00,0.00,0,20,0,0
59449,ON,1,0,0.00,28.00,29.00,-3.12,146,146,0.00,0,0.00,27.84,11.76,0.25,0.00,0.00,0,20,0,0
59557,ON,1,0,0.00,28.00,29.00,-3.12,146,146,0.00,0,0.00,27.84,11.76,0.25,0.00,0.00,0,20,0,0
59662,ON,1,0,0.00,27.00,29.00,-3.12,146,146,0.00,0,0.00,27.84,11.76,0.25,0.00,0.00,0,20,0,0
59767,ON,1,0,0.00,28.00,29.00,-3.12,146,146,0.00,0,0.00,27.84,11.76,0.25,0.00,0.00,0,20,0,0
59872,ON,1,0,0.00,28.00,29.00,-3.12,146,146,0.00,0,0.00,27.84,11.76,0.25,0.00,0.00,0,20,0,0
59977,ON,1,0,0.00,28.00,29.00,-3.12,146,146,0.00,0,0.00,27.84,11.76,0.25,0.00,0.00,0,20,0,0
60082,ON,1,0,0.00,28.00,29.00,-3.12,146,146,0.00,0,0.00,27.84,11.76,0.25,0.00,0.00,0,20,0,0
60190,ON,1,0,0.00,28.00,29.00,-3.12,146,146,0.00,0,0.00,27.84,11.76,0.25,0.00,0.00,0,20,0,0
60295,ON,1,0,0.00,28.00,29.00,-3.12,146,146,0.00,0,0.00,27.84,11.76,0.25,0.00,0.00,0,20,0,0
60400,ON,1,0,0.00,27.00,29.00,-3.12,146,146,0.00,0,0.00,27.84,11.76,0.25,0.00,0.00,0,20,0,0
60505,ON,1,0,0.00,28.00,29.00,-3.12,146,146,0.00,0,0.00,27.84,11.76,0.25,0.00,0.00,0,20,0,0
60610,ON,1,0,0.00,28.00,28.00,-3.12,146,146,0.00,0,0.00,27.84,11.76,0.25,0.00,0.00,0,20,0,0
60715,ON,1,0,0.00,28.00,29.00,-3.12,146,146,0.00,0,0.00,27.84,11.76,0.25,0.00,0.00,0,20,0,0
60823,ON,1,0,0.00,28.00,28.00,-3.12,146,146,0.00,0,0.00,27.84,11.76,0.25,0.00,0.00,0,20,0,0
60928,ON,1,0,0.00,28.00,29.00,-3.12,146,146,0.00,0,0.00,27.84,11.76,0.25,0.00,0.00,0,20,0,0
61033,ON,1,0,0.00,28.00,29.00,-3.12,146,146,0.00,0,0.00,27.84,11.76,0.25,0.00,0.00,0,20,0,0
61138,ON,1,0,0.00,28.00,29.00,-3.12,146,146,0.00,0,0.00,27.84,11.76,0.25,0.00,0.00,0,20,0,0
61243,ON,1,0,0.00,28.00,29.00,-3.12,146,146,0.00,0,0.00,27.84,11.76,0.25,0.00,0.00,0,20,0,0
61348,ON,1,0,0.00,27.00,29.00,-3.12,146,146,0.00,0,0.00,27.84,11.76,0.25,0.00,0.00,0,20,0,0
61456,ON,1,0,0.00,28.00,29.00,-3.12,146,146,0.00,0,0.00,27.84,11.76,0.25,0.00,0.00,0,20,0,0
61561,ON,1,0,0.00,28.00,28.00,-3.12,146,146,0.00,0,0.00,27.84,11.76,0.25,0.00,0.00,0,20,0,0
61666,ON,1,0,0.00,27.00,29.00,-3.12,146,146,0.00,0,0.00,27.84,11.76,0.25,0.00,0.00,0,20,0,0
61771,ON,1,0,0.00,28.00,29.00,-3.12,146,146,0.00,0,0.00,27.84,11.76,0.25,0.00,0.00,0,20,0,0
61876,ON,1,0,0.00,28.00,29.00,-3.12,146,146,0.00,0,0.00,27.84,11.76,0.25,0.00,0.00,0,20,0,0
61981,ON,1,0,0.00,27.00,29.00,-3.12,146,146,0.00,0,0.00,27.84,11.76,0.25,0.00,0.00,0,20,0,0
62089,ON,1,0,0.00,28.00,29.00,-3.12,146,146,0.00,0,0.00,27.84,11.76,0.25,0.00,0.00,0,20,0,0
62194,ON,1,0,0.00,28.00,29.00,-3.12,146,146,0.00,0,0.00,27.84,11.76,0.25,0.00,0.00,0,20,0,0
62299,ON,1,0,0.00,27.00,29.00,-3.12,146,146,0.00,0,0.00,27.84,11.76,0.25,0.00,0.00,0,20,0,0
62404,ON,1,0,0.00,28.00,29.00,-3.12,146,146,0.00,0,0.00,27.84,11.76,0.25,0.00,0.00,0,20,0,0
62509,ON,1,0,0.00,28.00,29.00,-3.12,146,146,0.00,0,0.00,27.84,11.76,0.25,0.00,0.00,0,20,0,0
62614,ON,1,0,0.00,27.00,29.00,-3.12,146,146,0.00,0,0.00,27.84,11.76,0.25,0.00,0.00,0,20,0,0
62722,ON,1,0,0.00,28.00,29.00,-3.12,146,146,0.00,0,0.00,27.84,11.76,0.25,0.00,0.00,0,20,0,0
62827,ON,1,0,0.00,28.00,29.00,-3.12,146,146,0.00,0,0.00,27.84,11.76,0.25,0.00,0.00,0,20,0,0
62932,ON,1,0,0.00,28.00,29.00,-3.12,146,146,0.00,0,0.00,27.84,11.76,0.25,0.00,0.00,0,20,0,0
63037,ON,1,0,0.00,28.00,29.00,-3.12,146,146,0.00,0,0.00,27.84,11.76,0.25,0.00,0.00,0,20,0,0
63142,ON,1,0,0.00,28.00,29.00,-3.12,146,146,0.00,0,0.00,27.84,11.76,0.25,0.00,0.00,0,20,0,0
63247,ON,1,0,0.00,28.00,29.00,-3.12,146,146,0.00,0,0.00,27.84,11.76,0.25,0.00,0.00,0,20,0,0
63355,ON,1,0,0.00,28.00,29.00,-3.12,146,146,0.00,0,0.00,27.84,11.76,0.25,0.00,0.00,0,20,0,0
63460,ON,1,0,0.00,28.00,29.00,-3.12,146,146,0.00,0,0.00,27.84,11.76,0.25,0.00,0.00,0,20,0,0
63565,ON,1,0,0.00,27.00,29.00,-3.12,146,146,0.00,0,0.00,27.84,11.76,0.25,0.00,0.00,0,20,0,0
63670,ON,1,0,0.00,28.00,29.00,-3.12,146,146,0.00,0,0.00,27.84,11.76,0.25,0.00,0.00,0,20,0,0
63775,ON,1,0,0.00,28.00,29.00,-3.12,146,146,0.00,0,0.00,27.84,11.76,0.25,0.00,0.00,0,20,0,0
63880,ON,1,0,0.00,27.00,29.00,-3.12,146,146,0.00,0,0.00,27.84,11.76,0.25,0.00,0.00,0,20,0,0
63988,ON,1,0,0.00,28.00,29.00,-3.12,146,146,0.00,0,0.00,27.84,11.76,0.25,0.00,0.00,0,20,0,0
64093,ON,1,0,0.00,28.00,29.00,-3.12,146,146,0.00,0,0.00,27.84,11.76,0.25,0.00,0.00,0,20,0,0
64198,ON,1,0,0.00,28.00,29.00,-3.12,146,146,0.00,0,0.00,27.84,11.76,0.25,0.00,0.00,0,20,0,0
64303,ON,1,0,0.00,28.00,29.00,-3.12,146,146,0.00,0,0.00,27.84,11.76,0.25,0.00,0.00,0,20,0,0
64408,ON,1,0,0.00,28.00,29.00,-3.12,146,146,0.00,0,0.00,27.84,11.76,0.25,0.00,0.00,0,20,0,0
64513,ON,1,0,0.00,27.00,29.00,-3.12,146,146,0.00,0,0.00,27.84,11.76,0.25,0.00,0.00,0,20,0,0
64621,ON,1,0,0.00,28.00,29.00,-3.12,146,146,0.00,0,0.00,27.84,11.76,0.25,0.00,0.00,0,20,0,0
64726,ON,1,0,0.00,28.00,29.00,-3.12,146,146,0.00,0,0.00,27.84,11.76,0.25,0.00,0.00,0,20,0,0
64831,ON,1,0,0.00,27.00,29.00,-3.12,146,146,0.00,0,0.00,27.84,11.76,0.25,0.00,0.00,0,20,0,0
64936,ON,1,0,0.00,28.00,29.00,-3.12,146,146,0.00,0,0.00,27.84,11.76,0.25,0.00,0.00,0,20,0,0
65041,ON,1,0,0.00,28.00,29.00,-3.12,146,146,0.00,0,0.00,27.84,11.76,0.25,0.00,0.00,0,20,0,0
65146,ON,1,0,0.00,27.00,29.00,-3.12,146,146,0.00,0,0.00,27.84,11.76,0.25,0.00,0.00,0,20,0,0
65254,ON,1,0,0.00,28.00,29.00,-3.12,146,146,0.00,0,0.00,27.84,11.76,0.25,0.00,0.00,0,20,0,0
65359,ON,1,0,0.00,28.00,29.00,-3.12,146,146,0.00,0,0.00,27.84,11.76,0.25,0.00,0.00,0,20,0,0
65464,ON,1,0,0.00,28.00,29.00,-3.12,146,146,0.00,0,0.00,27.84,11.76,0.25,0.00,0.00,0,20,0,0
65569,ON,1,0,0.00,28.00,29.00,-3.12,146,146,0.00,0,0.00,27.84,11.76,0.25,0.00,0.00,0,20,0,0
65674,ON,1,0,0.00,28.00,29.00,-3.12,146,146,0.00,0,0.00,27.84,11.76,0.25,0.00,0.00,0,20,0,0
65779,ON,1,0,0.00,27.00,29.00,-3.12,146,146,0.00,0,0.00,27.84,11.76,0.25,0.00,0.00,0,20,0,0
65887,ON,1,0,0.00,28.00,29.00,-3.12,146,146,0.00,0,0.00,27.84,11.76,0.25,0.00,0.00,0,20,0,0
65992,ON,1,0,0.00,28.00,29.00,-3.12,146,146,0.00,0,0.00,27.84,11.76,0.25,0.00,0.00,0,20,0,0
