2313,OFF,0,0,0.00,-40.00,-40.00,-100.00,0,0,0.00,0,-64.00,0.00,0.00,0.00,-100.00,0.00,0,0
2418,OFF,0,0,0.00,-40.00,-40.00,-100.00,0,0,0.00,0,-64.00,0.00,0.00,0.00,-100.00,0.00,0,0
2521,OFF,0,0,0.00,-40.00,-40.00,-100.00,0,0,0.00,0,-64.00,0.00,0.00,0.00,-100.00,0.00,0,0
2625,OFF,0,0,0.00,-40.00,-40.00,-100.00,0,0,0.00,0,-64.00,0.00,0.00,0.00,-100.00,0.00,0,0
2729,OFF,0,0,0.00,-40.00,-40.00,-100.00,0,0,0.00,0,-64.00,0.00,0.00,0.00,-100.00,0.00,0,0
2836,OFF,0,0,0.00,-40.00,-40.00,-100.00,0,0,0.00,0,-64.00,0.00,0.00,0.00,-100.00,0.00,0,0
2940,OFF,0,0,0.00,-40.00,-40.00,-100.00,0,0,0.00,0,-64.00,0.00,0.00,0.00,-100.00,0.00,0,0
3045,OFF,0,0,0.00,-40.00,-40.00,-100.00,0,0,0.00,0,-64.00,0.00,0.00,0.00,-100.00,0.00,0,0
3148,OFF,0,0,0.00,-40.00,-40.00,-100.00,0,0,0.00,0,-64.00,0.00,0.00,0.00,-100.00,0.00,0,0
3252,OFF,0,0,0.00,-40.00,-40.00,-100.00,0,0,0.00,0,-64.00,0.00,0.00,0.00,-100.00,0.00,0,0
3356,OFF,0,0,0.00,-40.00,-40.00,-100.00,0,0,0.00,0,-64.00,0.00,0.00,0.00,-100.00,0.00,0,0
3463,OFF,0,0,0.00,-40.00,-40.00,-100.00,0,0,0.00,0,-64.00,0.00,0.00,0.00,-100.00,0.00,0,0
3567,OFF,0,0,0.00,-40.00,-40.00,-100.00,0,0,0.00,0,-64.00,0.00,0.00,0.00,-100.00,0.00,0,0
3672,OFF,0,0,0.00,-40.00,-40.00,-100.00,0,0,0.00,0,-64.00,0.00,0.00,0.00,-100.00,0.00,0,0
3776,OFF,0,0,0.00,-40.00,-40.00,-100.00,0,0,0.00,0,-64.00,0.00,0.00,0.00,-100.00,0.00,0,0
3880,OFF,0,0,0.00,-40.00,-40.00,-100.00,0,0,0.00,0,-64.00,0.00,0.00,0.00,-100.00,0.00,0,0
3984,OFF,0,0,0.00,-40.00,-40.00,-100.00,0,0,0.00,0,-64.00,0.00,0.00,0.00,-100.00,0.00,0,0
4091,OFF,0,0,0.00,-40.00,-40.00,-100.00,0,0,0.00,0,-64.00,0.00,0.00,0.00,-100.00,0.00,0,0
4196,OFF,0,0,0.00,-40.00,-40.00,-100.00,0,0,0.00,0,-64.00,0.00,0.00,0.00,-100.00,0.00,0,0
4300,OFF,0,0,0.00,-40.00,-40.00,-100.00,0,0,0.00,0,-64.00,0.00,0.00,0.00,-100.00,0.00,0,0
4404,OFF,0,0,0.00,-40.00,-40.00,-100.00,0,0,0.00,0,-64.00,0.00,0.00,0.00,-100.00,0.00,0,0
4509,OFF,0,0,0.00,-40.00,-40.00,-100.00,0,0,0.00,0,-64.00,0.00,0.00,0.00,-100.00,0.00,0,0
4613,OFF,0,0,0.00,-40.00,-40.00,-100.00,0,0,0.00,0,-64.00,0.00,0.00,0.00,-100.00,0.00,0,0
4721,OFF,0,0,0.00,-40.00,-40.00,-100.00,0,0,0.00,0,-64.00,0.00,0.00,0.00,-100.00,0.00,0,0
4826,OFF,0,0,0.00,-40.00,-40.00,-100.00,0,0,0.00,0,-64.00,0.00,0.00,0.00,-100.00,0.00,0,0
4930,OFF,0,0,0.00,-40.00,-40.00,-100.00,0,0,0.00,0,-64.00,0.00,0.00,0.00,-100.00,0.00,0,0
5034,OFF,0,0,0.00,-40.00,-40.00,-100.00,0,0,0.00,0,-64.00,0.00,0.00,0.00,-100.00,0.00,0,0
5139,OFF,0,0,0.00,-40.00,-40.00,-100.00,0,0,0.00,0,-64.00,0.00,0.00,0.00,-100.00,0.00,0,0
5243,OFF,0,0,0.00,-40.00,-40.00,-100.00,0,0,0.00,0,-64.00,0.00,0.00,0.00,-100.00,0.00,0,0
5350,OFF,0,0,0.00,-40.00,-40.00,-100.00,0,0,0.00,0,-64.00,0.00,0.00,0.00,-100.00,0.00,0,0
5454,OFF,0,0,0.00,-40.00,-40.00,-100.00,0,0,0.00,0,-64.00,0.00,0.00,0.00,-100.00,0.00,0,0
5558,OFF,0,0,0.00,-40.00,-40.00,-100.00,0,0,0.00,0,-64.00,0.00,0.00,0.00,-100.00,0.00,0,0
5663,OFF,0,0,0.00,-40.00,-40.00,-100.00,0,0,0.00,0,-64.00,0.00,0.00,0.00,-100.00,0.00,0,0
5767,OFF,0,0,0.00,-40.00,-40.00,-100.00,0,0,0.00,0,-64.00,0.00,0.00,0.00,-100.00,0.00,0,0
5871,OFF,0,0,0.00,-40.00,-40.00,-100.00,0,0,0.00,0,-64.00,0.00,0.00,0.00,-100.00,0.00,0,0
5978,OFF,0,0,0.00,-40.00,-40.00,-100.00,0,0,0.00,0,-64.00,0.00,0.00,0.00,-100.00,0.00,0,0
6082,OFF,0,0,0.00,-40.00,-40.00,-100.00,0,0,0.00,0,-64.00,0.00,0.00,0.00,-100.00,0.00,0,0
6187,OFF,0,0,0.00,-40.00,-40.00,-100.00,0,0,0.00,0,-64.00,0.00,0.00,0.00,-100.00,0.00,0,0
6291,OFF,0,0,0.00,-40.00,-40.00,-100.00,0,0,0.00,0,-64.00,0.00,0.00,0.00,-100.00,0.00,0,0
6395,OFF,0,0,0.00,-40.00,-40.00,-100.00,0,0,0.00,0,-64.00,0.00,0.00,0.00,-100.00,0.00,0,0
6500,OFF,0,0,0.00,-40.00,-40.00,-100.00,0,0,0.00,0,-64.00,0.00,0.00,0.00,-100.00,0.00,0,0
6608,OFF,0,0,0.00,-40.00,-40.00,-100.00,0,0,0.00,0,-64.00,0.00,0.00,0.00,-100.00,0.00,0,0
6716,OFF,0,0,0.00,-40.00,-40.00,-100.00,0,0,0.00,0,-64.00,0.00,0.00,0.00,-100.00,0.00,0,0
6819,OFF,0,0,0.00,-40.00,-40.00,-100.00,0,0,0.00,0,-64.00,0.00,0.00,0.00,-100.00,0.00,0,0
6923,OFF,0,0,0.00,-40.00,-40.00,-100.00,0,0,0.00,0,-64.00,0.00,0.00,0.00,-100.00,0.00,0,0
7028,OFF,0,0,0.00,-40.00,-40.00,-100.00,0,0,0.00,0,-64.00,0.00,0.00,0.00,-100.00,0.00,0,0
7131,OFF,0,0,0.00,-40.00,-40.00,-100.00,0,0,0.00,0,-64.00,0.00,0.00,0.00,-100.00,0.00,0,0
7238,OFF,0,0,0.00,-40.00,-40.00,-100.00,0,0,0.00,0,-64.00,0.00,0.00,0.00,-100.00,0.00,0,0
7341,OFF,0,0,0.00,-40.00,-40.00,-100.00,0,0,0.00,0,-64.00,0.00,0.00,0.00,-100.00,0.00,0,0
7444,OFF,0,0,0.00,-40.00,-40.00,-100.00,0,0,0.00,0,-64.00,0.00,0.00,0.00,-100.00,0.00,0,0
7548,OFF,0,0,0.00,-40.00,-40.00,-100.00,0,0,0.00,0,-64.00,0.00,0.00,0.00,-100.00,0.00,0,0
7652,OFF,0,0,0.00,-40.00,-40.00,-100.00,0,0,0.00,0,-64.00,0.00,0.00,0.00,-100.00,0.00,0,0
7756,OFF,0,0,0.00,-40.00,-40.00,-100.00,0,0,0.00,0,-64.00,0.00,0.00,0.00,-100.00,0.00,0,0
7863,OFF,0,0,0.00,-40.00,-40.00,-100.00,0,0,0.00,0,-64.00,0.00,0.00,0.00,-100.00,0.00,0,0
7967,OFF,0,0,0.00,-40.00,-40.00,-100.00,0,0,0.00,0,-64.00,0.00,0.00,0.00,-100.00,0.00,0,0
8070,OFF,0,0,0.00,-40.00,-40.00,-100.00,0,0,0.00,0,-64.00,0.00,0.00,0.00,-100.00,0.00,0,0
8174,OFF,0,0,0.00,-40.00,-40.00,-100.00,0,0,0.00,0,-64.00,0.00,0.00,0.00,-100.00,0.00,0,0
8278,OFF,0,0,0.00,-40.00,-40.00,-100.00,0,0,0.00,0,-64.00,0.00,0.00,0.00,-100.00,0.00,0,0
8382,OFF,0,0,0.00,-40.00,-40.00,-100.00,0,0,0.00,0,-64.00,0.00,0.00,0.00,-100.00,0.00,0,0
8488,OFF,0,0,0.00,-40.00,-40.00,-100.00,0,0,0.00,0,-64.00,0.00,0.00,0.00,-100.00,0.00,0,0
8592,OFF,0,0,0.00,-40.00,-40.00,-100.00,0,0,0.00,0,-64.00,0.00,0.00,0.00,-100.00,0.00,0,0
8697,OFF,0,0,0.00,-40.00,-40.00,-100.00,0,0,0.00,0,-64.00,0.00,0.00,0.00,-100.00,0.00,0,0
8800,OFF,0,0,0.00,-40.00,-40.00,-100.00,0,0,0.00,0,-64.00,0.00,0.00,0.00,-100.00,0.00,0,0
8904,OFF,0,0,0.00,-40.00,-40.00,-100.00,0,0,0.00,0,-64.00,0.00,0.00,0.00,-100.00,0.00,0,0
9009,OFF,0,0,0.00,-40.00,-40.00,-100.00,0,0,0.00,0,-64.00,0.00,0.00,0.00,-100.00,0.00,0,0
9115,OFF,0,0,0.00,-40.00,-40.00,-100.00,0,0,0.00,0,-64.00,0.00,0.00,0.00,-100.00,0.00,0,0
9219,OFF,0,0,0.00,-40.00,-40.00,-100.00,0,0,0.00,0,-64.00,0.00,0.00,0.00,-100.00,0.00,0,0
9324,OFF,0,0,0.00,-40.00,-40.00,-100.00,0,0,0.00,0,-64.00,0.00,0.00,0.00,-100.00,0.00,0,0
9427,OFF,0,0,0.00,-40.00,-40.00,-100.00,0,0,0.00,0,-64.00,0.00,0.00,0.00,-100.00,0.00,0,0
9531,OFF,0,0,0.00,-40.00,-40.00,-100.00,0,0,0.00,0,-64.00,0.00,0.00,0.00,-100.00,0.00,0,0
9636,OFF,0,0,0.00,-40.00,-40.00,-100.00,0,0,0.00,0,-64.00,0.00,0.00,0.00,-100.00,0.00,0,0
9744,OFF,0,0,0.00,-40.00,-40.00,-100.00,0,0,0.00,0,-64.00,0.00,0.00,0.00,-100.00,0.00,0,0
9847,OFF,0,0,0.00,-40.00,-40.00,-100.00,0,0,0.00,0,-64.00,0.00,0.00,0.00,-100.00,0.00,0,0
9951,OFF,0,0,0.00,-40.00,-40.00,-100.00,0,0,0.00,0,-64.00,0.00,0.00,0.00,-100.00,0.00,0,0
10055,OFF,0,0,0.00,-40.00,-40.00,-100.00,0,0,0.00,0,-64.00,0.00,0.00,0.00,-100.00,0.00,0,0
10159,OFF,0,0,0.00,-40.00,-40.00,-100.00,0,0,0.00,0,-64.00,0.00,0.00,0.00,-100.00,0.00,0,0
10262,OFF,0,0,0.00,-40.00,-40.00,-100.00,0,0,0.00,0,-64.00,0.00,0.00,0.00,-100.00,0.00,0,0
10369,OFF,0,0,0.00,-40.00,-40.00,-100.00,0,0,0.00,0,-64.00,0.00,0.00,0.00,-100.00,0.00,0,0
10473,OFF,0,0,0.00,-40.00,-40.00,-100.00,0,0,0.00,0,-64.00,0.00,0.00,0.00,-100.00,0.00,0,0
10576,OFF,0,0,0.00,-40.00,-40.00,-100.00,0,0,0.00,0,-64.00,0.00,0.00,0.00,-100.00,0.00,0,0
10680,OFF,0,0,0.00,-40.00,-40.00,-100.00,0,0,0.00,0,-64.00,0.00,0.00,0.00,-100.00,0.00,0,0
10784,OFF,0,0,0.00,-40.00,-40.00,-100.00,0,0,0.00,0,-64.00,0.00,0.00,0.00,-100.00,0.00,0,0
10888,OFF,0,0,0.00,-40.00,-40.00,-100.00,0,0,0.00,0,-64.00,0.00,0.00,0.00,-100.00,0.00,0,0
10995,OFF,0,0,0.00,-40.00,-40.00,-100.00,0,0,0.00,0,-64.00,0.00,0.00,0.00,-100.00,0.00,0,0
11100,OFF,0,0,0.00,-40.00,-40.00,-100.00,0,0,0.00,0,-64.00,0.00,0.00,0.00,-100.00,0.00,0,0
11203,OFF,0,0,0.00,-40.00,-40.00,-100.00,0,0,0.00,0,-64.00,0.00,0.00,0.00,-100.00,0.00,0,0
11307,OFF,0,0,0.00,-40.00,-40.00,-100.00,0,0,0.00,0,-64.00,0.00,0.00,0.00,-100.00,0.00,0,0
11412,OFF,0,0,0.00,-40.00,-40.00,-100.00,0,0,0.00,0,-64.00,0.00,0.00,0.00,-100.00,0.00,0,0
11515,OFF,0,0,0.00,-40.00,-40.00,-100.00,0,0,0.00,0,-64.00,0.00,0.00,0.00,-100.00,0.00,0,0
11622,OFF,0,0,0.00,-40.00,-40.00,-100.00,0,0,0.00,0,-64.00,0.00,0.00,0.00,-100.00,0.00,0,0
11726,OFF,0,0,0.00,-40.00,-40.00,-100.00,0,0,0.00,0,-64.00,0.00,0.00,0.00,-100.00,0.00,0,0
11829,OFF,0,0,0.00,-40.00,-40.00,-100.00,0,0,0.00,0,-64.00,0.00,0.00,0.00,-100.00,0.00,0,0
11932,OFF,0,0,0.00,-40.00,-40.00,-100.00,0,0,0.00,0,-64.00,0.00,0.00,0.00,-100.00,0.00,0,0
12035,OFF,0,0,0.00,-40.00,-40.00,-100.00,0,0,0.00,0,-64.00,0.00,0.00,0.00,-100.00,0.00,0,0
12139,OFF,0,0,0.00,-40.00,-40.00,-100.00,0,0,0.00,0,-64.00,0.00,0.00,0.00,-100.00,0.00,0,0
12247,OFF,0,0,0.00,-40.00,-40.00,-100.00,0,0,0.00,0,-64.00,0.00,0.00,0.00,-100.00,0.00,0,0
12352,OFF,0,0,0.00,-40.00,-40.00,-100.00,0,0,0.00,0,-64.00,0.00,0.00,0.00,-100.00,0.00,0,0
12456,OFF,0,0,0.00,-40.00,-40.00,-100.00,0,0,0.00,0,-64.00,0.00,0.00,0.00,-100.00,0.00,0,0
12560,OFF,0,0,0.00,-40.00,-40.00,-100.00,0,0,0.00,0,-64.00,0.00,0.00,0.00,-100.00,0.00,0,0
12665,OFF,0,0,0.00,-40.00,-40.00,-100.00,0,0,0.00,0,-64.00,0.00,0.00,0.00,-100.00,0.00,0,0
12769,OFF,0,0,0.00,-40.00,-40.00,-100.00,0,0,0.00,0,-64.00,0.00,0.00,0.00,-100.00,0.00,0,0
12877,OFF,0,0,0.00,-40.00,-40.00,-100.00,0,0,0.00,0,-64.00,0.00,0.00,0.00,-100.00,0.00,0,0
12980,OFF,0,0,0.00,-40.00,-40.00,-100.00,0,0,0.00,0,-64.00,0.00,0.00,0.00,-100.00,0.00,0,0
13084,OFF,0,0,0.00,-40.00,-40.00,-100.00,0,0,0.00,0,-64.00,0.00,0.00,0.00,-100.00,0.00,0,0
13189,OFF,0,0,0.00,-40.00,-40.00,-100.00,0,0,0.00,0,-64.00,0.00,0.00,0.00,-100.00,0.00,0,0
13292,OFF,0,0,0.00,-40.00,-40.00,-100.00,0,0,0.00,0,-64.00,0.00,0.00,0.00,-100.00,0.00,0,0
13395,OFF,0,0,0.00,-40.00,-40.00,-100.00,0,0,0.00,0,-64.00,0.00,0.00,0.00,-100.00,0.00,0,0
13503,OFF,0,0,0.00,-40.00,-40.00,-100.00,0,0,0.00,0,-64.00,0.00,0.00,0.00,-100.00,0.00,0,0
13606,OFF,0,0,0.00,-40.00,-40.00,-100.00,0,0,0.00,0,-64.00,0.00,0.00,0.00,-100.00,0.00,0,0
13710,OFF,0,0,0.00,-40.00,-40.00,-100.00,0,0,0.00,0,-64.00,0.00,0.00,0.00,-100.00,0.00,0,0
13814,OFF,0,0,0.00,-40.00,-40.00,-100.00,0,0,0.00,0,-64.00,0.00,0.00,0.00,-100.00,0.00,0,0
13918,OFF,0,0,0.00,-40.00,-40.00,-100.00,0,0,0.00,0,-64.00,0.00,0.00,0.00,-100.00,0.00,0,0
14021,OFF,0,0,0.00,-40.00,-40.00,-100.00,0,0,0.00,0,-64.00,0.00,0.00,0.00,-100.00,0.00,0,0
14128,OFF,0,0,0.00,-40.00,-40.00,-100.00,0,0,0.00,0,-64.00,0.00,0.00,0.00,-100.00,0.00,0,0
14232,OFF,0,0,0.00,-40.00,-40.00,-100.00,0,0,0.00,0,-64.00,0.00,0.00,0.00,-100.00,0.00,0,0
14335,OFF,0,0,0.00,-40.00,-40.00,-100.00,0,0,0.00,0,-64.00,0.00,0.00,0.00,-100.00,0.00,0,0
14438,OFF,0,0,0.00,-40.00,-40.00,-100.00,0,0,0.00,0,-64.00,0.00,0.00,0.00,-100.00,0.00,0,0
14542,OFF,0,0,0.00,-40.00,-40.00,-100.00,0,0,0.00,0,-64.00,0.00,0.00,0.00,-100.00,0.00,0,0
14646,OFF,0,0,0.00,-40.00,-40.00,-100.00,0,0,0.00,0,-64.00,0.00,0.00,0.00,-100.00,0.00,0,0
14754,OFF,0,0,0.00,-40.00,-40.00,-100.00,0,0,0.00,0,-64.00,0.00,0.00,0.00,-100.00,0.00,0,0
14858,OFF,0,0,0.00,-40.00,-40.00,-100.00,0,0,0.00,0,-64.00,0.00,0.00,0.00,-100.00,0.00,0,0
14961,OFF,0,0,0.00,-40.00,-40.00,-100.00,0,0,0.00,0,-64.00,0.00,0.00,0.00,-100.00,0.00,0,0
15065,OFF,0,0,0.00,-40.00,-40.00,-100.00,0,0,0.00,0,-64.00,0.00,0.00,0.00,-100.00,0.00,0,0
15169,OFF,0,0,0.00,-40.00,-40.00,-100.00,0,0,0.00,0,-64.00,0.00,0.00,0.00,-100.00,0.00,0,0
15273,OFF,0,0,0.00,-40.00,-40.00,-100.00,0,0,0.00,0,-64.00,0.00,0.00,0.00,-100.00,0.00,0,0
15379,OFF,0,0,0.00,-40.00,-40.00,-100.00,0,0,0.00,0,-64.00,0.00,0.00,0.00,-100.00,0.00,0,0
15483,OFF,0,0,0.00,-40.00,-40.00,-100.00,0,0,0.00,0,-64.00,0.00,0.00,0.00,-100.00,0.00,0,0
15587,OFF,0,0,0.00,-40.00,-40.00,-100.00,0,0,0.00,0,-64.00,0.00,0.00,0.00,-100.00,0.00,0,0
15690,OFF,0,0,0.00,-40.00,-40.00,-100.00,0,0,0.00,0,-64.00,0.00,0.00,0.00,-100.00,0.00,0,0
15793,OFF,0,0,0.00,-40.00,-40.00,-100.00,0,0,0.00,0,-64.00,0.00,0.00,0.00,-100.00,0.00,0,0
15897,OFF,0,0,0.00,-40.00,-40.00,-100.00,0,0,0.00,0,-64.00,0.00,0.00,0.00,-100.00,0.00,0,0
16004,OFF,0,0,0.00,-40.00,-40.00,-100.00,0,0,0.00,0,-64.00,0.00,0.00,0.00,-100.00,0.00,0,0
16108,OFF,0,0,0.00,-40.00,-40.00,-100.00,0,0,0.00,0,-64.00,0.00,0.00,0.00,-100.00,0.00,0,0
16212,OFF,0,0,0.00,-40.00,-40.00,-100.00,0,0,0.00,0,-64.00,0.00,0.00,0.00,-100.00,0.00,0,0
16316,OFF,0,0,0.00,-40.00,-40.00,-100.00,0,0,0.00,0,-64.00,0.00,0.00,0.00,-100.00,0.00,0,0
16419,OFF,0,0,0.00,-40.00,-40.00,-100.00,0,0,0.00,0,-64.00,0.00,0.00,0.00,-100.00,0.00,0,0
16523,OFF,0,0,0.00,-40.00,-40.00,-100.00,0,0,0.00,0,-64.00,0.00,0.00,0.00,-100.00,0.00,0,0
16631,OFF,0,0,0.00,-40.00,-40.00,-100.00,0,0,0.00,0,-64.00,0.00,0.00,0.00,-100.00,0.00,0,0
16734,OFF,0,0,0.00,-40.00,-40.00,-100.00,0,0,0.00,0,-64.00,0.00,0.00,0.00,-100.00,0.00,0,0
16838,OFF,0,0,0.00,-40.00,-40.00,-100.00,0,0,0.00,0,-64.00,0.00,0.00,0.00,-100.00,0.00,0,0
16942,OFF,0,0,0.00,-40.00,-40.00,-100.00,0,0,0.00,0,-64.00,0.00,0.00,0.00,-100.00,0.00,0,0
17046,OFF,0,0,0.00,-40.00,-40.00,-100.00,0,0,0.00,0,-64.00,0.00,0.00,0.00,-100.00,0.00,0,0
17149,OFF,0,0,0.00,-40.00,-40.00,-100.00,0,0,0.00,0,-64.00,0.00,0.00,0.00,-100.00,0.00,0,0
17256,OFF,0,0,0.00,-40.00,-40.00,-100.00,0,0,0.00,0,-64.00,0.00,0.00,0.00,-100.00,0.00,0,0
17360,OFF,0,0,0.00,-40.00,-40.00,-100.00,0,0,0.00,0,-64.00,0.00,0.00,0.00,-100.00,0.00,0,0
17464,OFF,0,0,0.00,-40.00,-40.00,-100.00,0,0,0.00,0,-64.00,0.00,0.00,0.00,-100.00,0.00,0,0
17569,OFF,0,0,0.00,-40.00,-40.00,-100.00,0,0,0.00,0,-64.00,0.00,0.00,0.00,-100.00,0.00,0,0
17673,OFF,0,0,0.00,-40.00,-40.00,-100.00,0,0,0.00,0,-64.00,0.00,0.00,0.00,-100.00,0.00,0,0
17777,OFF,0,0,0.00,-40.00,-40.00,-100.00,0,0,0.00,0,-64.00,0.00,0.00,0.00,-100.00,0.00,0,0
17884,OFF,0,0,0.00,-40.00,-40.00,-100.00,0,0,0.00,0,-64.00,0.00,0.00,0.00,-100.00,0.00,0,0
17988,OFF,0,0,0.00,-40.00,-40.00,-100.00,0,0,0.00,0,-64.00,0.00,0.00,0.00,-100.00,0.00,0,0
18093,OFF,0,0,0.00,-40.00,-40.00,-100.00,0,0,0.00,0,-64.00,0.00,0.00,0.00,-100.00,0.00,0,0
18197,OFF,0,0,0.00,-40.00,-40.00,-100.00,0,0,0.00,0,-64.00,0.00,0.00,0.00,-100.00,0.00,0,0
18301,OFF,0,0,0.00,-40.00,-40.00,-100.00,0,0,0.00,0,-64.00,0.00,0.00,0.00,-100.00,0.00,0,0
18406,OFF,0,0,0.00,-40.00,-40.00,-100.00,0,0,0.00,0,-64.00,0.00,0.00,0.00,-100.00,0.00,0,0
18513,OFF,0,0,0.00,-40.00,-40.00,-100.00,0,0,0.00,0,-64.00,0.00,0.00,0.00,-100.00,0.00,0,0
18617,OFF,0,0,0.00,-40.00,-40.00,-100.00,0,0,0.00,0,-64.00,0.00,0.00,0.00,-100.00,0.00,0,0
18720,OFF,0,0,0.00,-40.00,-40.00,-100.00,0,0,0.00,0,-64.00,0.00,0.00,0.00,-100.00,0.00,0,0
18824,OFF,0,0,0.00,-40.00,-40.00,-100.00,0,0,0.00,0,-64.00,0.00,0.00,0.00,-100.00,0.00,0,0
18928,OFF,0,0,0.00,-40.00,-40.00,-100.00,0,0,0.00,0,-64.00,0.00,0.00,0.00,-100.00,0.00,0,0
19032,OFF,0,0,0.00,-40.00,-40.00,-100.00,0,0,0.00,0,-64.00,0.00,0.00,0.00,-100.00,0.00,0,0
19138,OFF,0,0,0.00,-40.00,-40.00,-100.00,0,0,0.00,0,-64.00,0.00,0.00,0.00,-100.00,0.00,0,0
19242,OFF,0,0,0.00,-40.00,-40.00,-100.00,0,0,0.00,0,-64.00,0.00,0.00,0.00,-100.00,0.00,0,0
19346,OFF,0,0,0.00,-40.00,-40.00,-100.00,0,0,0.00,0,-64.00,0.00,0.00,0.00,-100.00,0.00,0,0
19449,OFF,0,0,0.00,-40.00,-40.00,-100.00,0,0,0.00,0,-64.00,0.00,0.00,0.00,-100.00,0.00,0,0
19553,OFF,0,0,0.00,-40.00,-40.00,-100.00,0,0,0.00,0,-64.00,0.00,0.00,0.00,-100.00,0.00,0,0
19657,OFF,0,0,0.00,-40.00,-40.00,-100.00,0,0,0.00,0,-64.00,0.00,0.00,0.00,-100.00,0.00,0,0
19766,OFF,0,0,0.00,-40.00,-40.00,-100.00,0,0,0.00,0,-64.00,0.00,0.00,0.00,-100.00,0.00,0,0
19870,OFF,0,0,0.00,-40.00,-40.00,-100.00,0,0,0.00,0,-64.00,0.00,0.00,0.00,-100.00,0.00,0,0
19974,OFF,0,0,0.00,-40.00,-40.00,-100.00,0,0,0.00,0,-64.00,0.00,0.00,0.00,-100.00,0.00,0,0
20079,OFF,0,0,0.00,-40.00,-40.00,-100.00,0,0,0.00,0,-64.00,0.00,0.00,0.00,-100.00,0.00,0,0
20183,OFF,0,0,0.00,-40.00,-40.00,-100.00,0,0,0.00,0,-64.00,0.00,0.00,0.00,-100.00,0.00,0,0
20287,OFF,0,0,0.00,-40.00,-40.00,-100.00,0,0,0.00,0,-64.00,0.00,0.00,0.00,-100.00,0.00,0,0
20394,OFF,0,0,0.00,-40.00,-40.00,-100.00,0,0,0.00,0,-64.00,0.00,0.00,0.00,-100.00,0.00,0,0
20498,OFF,0,0,0.00,-40.00,-40.00,-100.00,0,0,0.00,0,-64.00,0.00,0.00,0.00,-100.00,0.00,0,0
20602,OFF,0,0,0.00,-40.00,-40.00,-100.00,0,0,0.00,0,-64.00,0.00,0.00,0.00,-100.00,0.00,0,0
20706,OFF,0,0,0.00,-40.00,-40.00,-100.00,0,0,0.00,0,-64.00,0.00,0.00,0.00,-100.00,0.00,0,0
20809,OFF,0,0,0.00,-40.00,-40.00,-100.00,0,0,0.00,0,-64.00,0.00,0.00,0.00,-100.00,0.00,0,0
20913,OFF,0,0,0.00,-40.00,-40.00,-100.00,0,0,0.00,0,-64.00,0.00,0.00,0.00,-100.00,0.00,0,0
21020,OFF,0,0,0.00,-40.00,-40.00,-100.00,0,0,0.00,0,-64.00,0.00,0.00,0.00,-100.00,0.00,0,0
21125,OFF,0,0,0.00,-40.00,-40.00,-100.00,0,0,0.00,0,-64.00,0.00,0.00,0.00,-100.00,0.00,0,0
21228,OFF,0,0,0.00,-40.00,-40.00,-100.00,0,0,0.00,0,-64.00,0.00,0.00,0.00,-100.00,0.00,0,0
21332,OFF,0,0,0.00,-40.00,-40.00,-100.00,0,0,0.00,0,-64.00,0.00,0.00,0.00,-100.00,0.00,0,0
21437,OFF,0,0,0.00,-40.00,-40.00,-100.00,0,0,0.00,0,-64.00,0.00,0.00,0.00,-100.00,0.00,0,0
21540,OFF,0,0,0.00,-40.00,-40.00,-100.00,0,0,0.00,0,-64.00,0.00,0.00,0.00,-100.00,0.00,0,0
21649,OFF,0,0,0.00,-40.00,-40.00,-100.00,0,0,0.00,0,-64.00,0.00,0.00,0.00,-100.00,0.00,0,0
21780,OFF,0,0,0.00,-40.00,-40.00,-100.00,0,0,0.00,0,-64.00,0.00,0.00,0.00,-100.00,0.00,0,0
21968,OFF,0,0,0.00,-40.00,-40.00,-100.00,0,0,0.00,0,-64.00,0.00,0.00,0.00,-100.00,0.00,0,0
22161,OFF,0,0,0.00,-40.00,-40.00,-100.00,0,0,0.00,0,-64.00,0.00,0.00,0.00,-100.00,0.00,0,0
22355,OFF,0,0,0.00,-40.00,-40.00,-100.00,0,0,0.00,0,-64.00,0.00,0.00,0.00,-100.00,0.00,0,0
22459,OFF,0,0,0.00,-40.00,-40.00,-100.00,0,0,0.00,0,-64.00,0.00,0.00,0.00,-100.00,0.00,0,0
22566,OFF,0,0,0.00,-40.00,-40.00,-100.00,0,0,0.00,0,-64.00,0.00,0.00,0.00,-100.00,0.00,0,0
22670,OFF,0,0,0.00,-40.00,-40.00,-100.00,0,0,0.00,0,-64.00,0.00,0.00,0.00,-100.00,0.00,0,0
22775,OFF,0,0,0.00,-40.00,-40.00,-100.00,0,0,0.00,0,-64.00,0.00,0.00,0.00,-100.00,0.00,0,0
22878,OFF,0,0,0.00,-40.00,-40.00,-100.00,0,0,0.00,0,-64.00,0.00,0.00,0.00,-100.00,0.00,0,0
22981,OFF,0,0,0.00,-40.00,-40.00,-100.00,0,0,0.00,0,-64.00,0.00,0.00,0.00,-100.00,0.00,0,0
23085,OFF,0,0,0.00,-40.00,-40.00,-100.00,0,0,0.00,0,-64.00,0.00,0.00,0.00,-100.00,0.00,0,0
23192,OFF,0,0,0.00,-40.00,-40.00,-100.00,0,0,0.00,0,-64.00,0.00,0.00,0.00,-100.00,0.00,0,0
23295,OFF,0,0,0.00,-40.00,-40.00,-100.00,0,0,0.00,0,-64.00,0.00,0.00,0.00,-100.00,0.00,0,0
23398,OFF,0,0,0.00,-40.00,-40.00,-100.00,0,0,0.00,0,-64.00,0.00,0.00,0.00,-100.00,0.00,0,0
23502,OFF,0,0,0.00,-40.00,-40.00,-100.00,0,0,0.00,0,-64.00,0.00,0.00,0.00,-100.00,0.00,0,0
23607,OFF,0,0,0.00,-40.00,-40.00,-100.00,0,0,0.00,0,-64.00,0.00,0.00,0.00,-100.00,0.00,0,0
23710,OFF,0,0,0.00,-40.00,-40.00,-100.00,0,0,0.00,0,-64.00,0.00,0.00,0.00,-100.00,0.00,0,0
23817,OFF,0,0,0.00,-40.00,-40.00,-100.00,0,0,0.00,0,-64.00,0.00,0.00,0.00,-100.00,0.00,0,0
23922,OFF,0,0,0.00,-40.00,-40.00,-100.00,0,0,0.00,0,-64.00,0.00,0.00,0.00,-100.00,0.00,0,0
24025,OFF,0,0,0.00,-40.00,-40.00,-100.00,0,0,0.00,0,-64.00,0.00,0.00,0.00,-100.00,0.00,0,0
24129,OFF,0,0,0.00,-40.00,-40.00,-100.00,0,0,0.00,0,-64.00,0.00,0.00,0.00,-100.00,0.00,0,0
24233,OFF,0,0,0.00,-40.00,-40.00,-100.00,0,0,0.00,0,-64.00,0.00,0.00,0.00,-100.00,0.00,0,0
24337,OFF,0,0,0.00,-40.00,-40.00,-100.00,0,0,0.00,0,-64.00,0.00,0.00,0.00,-100.00,0.00,0,0
24443,OFF,0,0,0.00,-40.00,-40.00,-100.00,0,0,0.00,0,-64.00,0.00,0.00,0.00,-100.00,0.00,0,0
24547,OFF,0,0,0.00,-40.00,-40.00,-100.00,0,0,0.00,0,-64.00,0.00,0.00,0.00,-100.00,0.00,0,0
24652,OFF,0,0,0.00,-40.00,-40.00,-100.00,0,0,0.00,0,-64.00,0.00,0.00,0.00,-100.00,0.00,0,0
24755,OFF,0,0,0.00,-40.00,-40.00,-100.00,0,0,0.00,0,-64.00,0.00,0.00,0.00,-100.00,0.00,0,0
24859,OFF,0,0,0.00,-40.00,-40.00,-100.00,0,0,0.00,0,-64.00,0.00,0.00,0.00,-100.00,0.00,0,0
24963,OFF,0,0,0.00,-40.00,-40.00,-100.00,0,0,0.00,0,-64.00,0.00,0.00,0.00,-100.00,0.00,0,0
25071,OFF,0,0,0.00,-40.00,-40.00,-100.00,0,0,0.00,0,-64.00,0.00,0.00,0.00,-100.00,0.00,0,0
25175,OFF,0,0,0.00,-40.00,-40.00,-100.00,0,0,0.00,0,-64.00,0.00,0.00,0.00,-100.00,0.00,0,0
25278,OFF,0,0,0.00,-40.00,-40.00,-100.00,0,0,0.00,0,-64.00,0.00,0.00,0.00,-100.00,0.00,0,0
25381,OFF,0,0,0.00,-40.00,-40.00,-100.00,0,0,0.00,0,-64.00,0.00,0.00,0.00,-100.00,0.00,0,0
25485,OFF,0,0,0.00,-40.00,-40.00,-100.00,0,0,0.00,0,-64.00,0.00,0.00,0.00,-100.00,0.00,0,0
25590,OFF,0,0,0.00,-40.00,-40.00,-100.00,0,0,0.00,0,-64.00,0.00,0.00,0.00,-100.00,0.00,0,0
25696,OFF,0,0,0.00,-40.00,-40.00,-100.00,0,0,0.00,0,-64.00,0.00,0.00,0.00,-100.00,0.00,0,0
25800,OFF,0,0,0.00,-40.00,-40.00,-100.00,0,0,0.00,0,-64.00,0.00,0.00,0.00,-100.00,0.00,0,0
25905,OFF,0,0,0.00,-40.00,-40.00,-100.00,0,0,0.00,0,-64.00,0.00,0.00,0.00,-100.00,0.00,0,0
26008,OFF,0,0,0.00,-40.00,-40.00,-100.00,0,0,0.00,0,-64.00,0.00,0.00,0.00,-100.00,0.00,0,0
26111,OFF,0,0,0.00,-40.00,-40.00,-100.00,0,0,0.00,0,-64.00,0.00,0.00,0.00,-100.00,0.00,0,0
26215,OFF,0,0,0.00,-40.00,-40.00,-100.00,0,0,0.00,0,-64.00,0.00,0.00,0.00,-100.00,0.00,0,0
26323,OFF,0,0,0.00,-40.00,-40.00,-100.00,0,0,0.00,0,-64.00,0.00,0.00,0.00,-100.00,0.00,0,0
26426,OFF,0,0,0.00,-40.00,-40.00,-100.00,0,0,0.00,0,-64.00,0.00,0.00,0.00,-100.00,0.00,0,0
26530,OFF,0,0,0.00,-40.00,-40.00,-100.00,0,0,0.00,0,-64.00,0.00,0.00,0.00,-100.00,0.00,0,0
26634,OFF,0,0,0.00,-40.00,-40.00,-100.00,0,0,0.00,0,-64.00,0.00,0.00,0.00,-100.00,0.00,0,0
26738,OFF,0,0,0.00,-40.00,-40.00,-100.00,0,0,0.00,0,-64.00,0.00,0.00,0.00,-100.00,0.00,0,0
26841,OFF,0,0,0.00,-40.00,-40.00,-100.00,0,0,0.00,0,-64.00,0.00,0.00,0.00,-100.00,0.00,0,0
26947,OFF,0,0,0.00,-40.00,-40.00,-100.00,0,0,0.00,0,-64.00,0.00,0.00,0.00,-100.00,0.00,0,0
27051,OFF,0,0,0.00,-40.00,-40.00,-100.00,0,0,0.00,0,-64.00,0.00,0.00,0.00,-100.00,0.00,0,0
27156,OFF,0,0,0.00,-40.00,-40.00,-100.00,0,0,0.00,0,-64.00,0.00,0.00,0.00,-100.00,0.00,0,0
27260,OFF,0,0,0.00,-40.00,-40.00,-100.00,0,0,0.00,0,-64.00,0.00,0.00,0.00,-100.00,0.00,0,0
27364,OFF,0,0,0.00,-40.00,-40.00,-100.00,0,0,0.00,0,-64.00,0.00,0.00,0.00,-100.00,0.00,0,0
27468,OFF,0,0,0.00,-40.00,-40.00,-100.00,0,0,0.00,0,-64.00,0.00,0.00,0.00,-100.00,0.00,0,0
27575,OFF,0,0,0.00,-40.00,-40.00,-100.00,0,0,0.00,0,-64.00,0.00,0.00,0.00,-100.00,0.00,0,0
27679,OFF,0,0,0.00,-40.00,-40.00,-100.00,0,0,0.00,0,-64.00,0.00,0.00,0.00,-100.00,0.00,0,0
27782,OFF,0,0,0.00,-40.00,-40.00,-100.00,0,0,0.00,0,-64.00,0.00,0.00,0.00,-100.00,0.00,0,0
27886,OFF,0,0,0.00,-40.00,-40.00,-100.00,0,0,0.00,0,-64.00,0.00,0.00,0.00,-100.00,0.00,0,0
27990,OFF,0,0,0.00,-40.00,-40.00,-100.00,0,0,0.00,0,-64.00,0.00,0.00,0.00,-100.00,0.00,0,0
28094,OFF,0,0,0.00,-40.00,-40.00,-100.00,0,0,0.00,0,-64.00,0.00,0.00,0.00,-100.00,0.00,0,0
28200,OFF,0,0,0.00,-40.00,-40.00,-100.00,0,0,0.00,0,-64.00,0.00,0.00,0.00,-100.00,0.00,0,0
28304,OFF,0,0,0.00,-40.00,-40.00,-100.00,0,0,0.00,0,-64.00,0.00,0.00,0.00,-100.00,0.00,0,0
28409,OFF,0,0,0.00,-40.00,-40.00,-100.00,0,0,0.00,0,-64.00,0.00,0.00,0.00,-100.00,0.00,0,0
28512,OFF,0,0,0.00,-40.00,-40.00,-100.00,0,0,0.00,0,-64.00,0.00,0.00,0.00,-100.00,0.00,0,0
28615,OFF,0,0,0.00,-40.00,-40.00,-100.00,0,0,0.00,0,-64.00,0.00,0.00,0.00,-100.00,0.00,0,0
28719,OFF,0,0,0.00,-40.00,-40.00,-100.00,0,0,0.00,0,-64.00,0.00,0.00,0.00,-100.00,0.00,0,0
28826,OFF,0,0,0.00,-40.00,-40.00,-100.00,0,0,0.00,0,-64.00,0.00,0.00,0.00,-100.00,0.00,0,0
28930,OFF,0,0,0.00,-40.00,-40.00,-100.00,0,0,0.00,0,-64.00,0.00,0.00,0.00,-100.00,0.00,0,0
29034,OFF,0,0,0.00,-40.00,-40.00,-100.00,0,0,0.00,0,-64.00,0.00,0.00,0.00,-100.00,0.00,0,0
29138,OFF,0,0,0.00,-40.00,-40.00,-100.00,0,0,0.00,0,-64.00,0.00,0.00,0.00,-100.00,0.00,0,0
29241,OFF,0,0,0.00,-40.00,-40.00,-100.00,0,0,0.00,0,-64.00,0.00,0.00,0.00,-100.00,0.00,0,0
29344,OFF,0,0,0.00,-40.00,-40.00,-100.00,0,0,0.00,0,-64.00,0.00,0.00,0.00,-100.00,0.00,0,0
29452,OFF,0,0,0.00,-40.00,-40.00,-100.00,0,0,0.00,0,-64.00,0.00,0.00,0.00,-100.00,0.00,0,0
29555,OFF,0,0,0.00,-40.00,-40.00,-100.00,0,0,0.00,0,-64.00,0.00,0.00,0.00,-100.00,0.00,0,0
29659,OFF,0,0,0.00,-40.00,-40.00,-100.00,0,0,0.00,0,-64.00,0.00,0.00,0.00,-100.00,0.00,0,0
29763,OFF,0,0,0.00,-40.00,-40.00,-100.00,0,0,0.00,0,-64.00,0.00,0.00,0.00,-100.00,0.00,0,0
29867,OFF,0,0,0.00,-40.00,-40.00,-100.00,0,0,0.00,0,-64.00,0.00,0.00,0.00,-100.00,0.00,0,0
29970,OFF,0,0,0.00,-40.00,-40.00,-100.00,0,0,0.00,0,-64.00,0.00,0.00,0.00,-100.00,0.00,0,0
30077,OFF,0,0,0.00,-40.00,-40.00,-100.00,0,0,0.00,0,-64.00,0.00,0.00,0.00,-100.00,0.00,0,0
30180,OFF,0,0,0.00,-40.00,-40.00,-100.00,0,0,0.00,0,-64.00,0.00,0.00,0.00,-100.00,0.00,0,0
30283,OFF,0,0,0.00,-40.00,-40.00,-100.00,0,0,0.00,0,-64.00,0.00,0.00,0.00,-100.00,0.00,0,0
30387,OFF,0,0,0.00,-40.00,-40.00,-100.00,0,0,0.00,0,-64.00,0.00,0.00,0.00,-100.00,0.00,0,0
30491,OFF,0,0,0.00,-40.00,-40.00,-100.00,0,0,0.00,0,-64.00,0.00,0.00,0.00,-100.00,0.00,0,0
30595,OFF,0,0,0.00,-40.00,-40.00,-100.00,0,0,0.00,0,-64.00,0.00,0.00,0.00,-100.00,0.00,0,0
30701,OFF,0,0,0.00,-40.00,-40.00,-100.00,0,0,0.00,0,-64.00,0.00,0.00,0.00,-100.00,0.00,0,0
30805,OFF,0,0,0.00,-40.00,-40.00,-100.00,0,0,0.00,0,-64.00,0.00,0.00,0.00,-100.00,0.00,0,0
30910,OFF,0,0,0.00,-40.00,-40.00,-100.00,0,0,0.00,0,-64.00,0.00,0.00,0.00,-100.00,0.00,0,0
31013,OFF,0,0,0.00,-40.00,-40.00,-100.00,0,0,0.00,0,-64.00,0.00,0.00,0.00,-100.00,0.00,0,0
31116,OFF,0,0,0.00,-40.00,-40.00,-100.00,0,0,0.00,0,-64.00,0.00,0.00,0.00,-100.00,0.00,0,0
31220,OFF,0,0,0.00,-40.00,-40.00,-100.00,0,0,0.00,0,-64.00,0.00,0.00,0.00,-100.00,0.00,0,0
31327,OFF,0,0,0.00,-40.00,-40.00,-100.00,0,0,0.00,0,-64.00,0.00,0.00,0.00,-100.00,0.00,0,0
31431,OFF,0,0,0.00,-40.00,-40.00,-100.00,0,0,0.00,0,-64.00,0.00,0.00,0.00,-100.00,0.00,0,0
31535,OFF,0,0,0.00,-40.00,-40.00,-100.00,0,0,0.00,0,-64.00,0.00,0.00,0.00,-100.00,0.00,0,0
31639,OFF,0,0,0.00,-40.00,-40.00,-100.00,0,0,0.00,0,-64.00,0.00,0.00,0.00,-100.00,0.00,0,0
31742,OFF,0,0,0.00,-40.00,-40.00,-100.00,0,0,0.00,0,-64.00,0.00,0.00,0.00,-100.00,0.00,0,0
31846,OFF,0,0,0.00,-40.00,-40.00,-100.00,0,0,0.00,0,-64.00,0.00,0.00,0.00,-100.00,0.00,0,0
31953,OFF,0,0,0.00,-40.00,-40.00,-100.00,0,0,0.00,0,-64.00,0.00,0.00,0.00,-100.00,0.00,0,0
32057,OFF,0,0,0.00,-40.00,-40.00,-100.00,0,0,0.00,0,-64.00,0.00,0.00,0.00,-100.00,0.00,0,0
