1137,OFF,0,0,0.00,-40.00,-40.00,-100.00,0,0,0.00,0,-64.00,0.00,0.00,0.00,-100.00,0.00,0,0
1246,ON,10,0,0.00,53.00,-30.00,-3.12,100,100,0.00,0,0.00,0.00,0.00,0.25,0.00,11.48,220,24
1354,ON,10,0,0.00,53.00,-30.00,-3.12,100,100,0.00,0,0.00,0.00,0.00,0.25,0.00,11.56,42,24
1464,ON,10,0,0.00,53.00,-30.00,-3.12,100,100,0.00,0,0.00,0.00,0.00,0.25,0.00,11.48,220,24
1572,ON,10,0,0.00,53.00,-30.00,-3.12,100,100,0.00,0,0.00,0.00,0.00,0.25,0.00,11.48,220,24
1679,ON,10,0,0.00,53.00,-30.00,-3.12,100,100,0.00,0,0.00,0.00,0.00,0.25,0.00,11.56,42,24
1787,ON,10,0,0.00,53.00,-30.00,-3.12,100,100,0.00,0,0.00,0.00,0.00,0.25,0.00,11.48,220,24
1895,ON,10,0,0.00,53.00,-30.00,-3.12,100,100,0.00,0,0.00,0.00,0.00,0.25,0.00,11.48,220,24
2002,ON,10,0,0.00,53.00,-30.00,-3.12,100,100,0.00,0,0.00,0.00,0.00,0.25,0.00,11.48,220,24
2112,ON,10,0,0.00,53.00,-30.00,-3.12,100,100,0.00,0,0.00,0.00,0.00,0.25,0.00,11.48,220,24
2220,ON,10,0,0.00,53.00,-30.00,-3.12,100,100,0.00,0,0.00,0.00,0.00,0.25,0.00,11.56,42,24
2328,ON,10,0,0.00,53.00,-30.00,-3.12,100,100,0.00,0,0.00,0.00,0.00,0.25,0.00,11.48,220,24
2435,ON,10,0,0.00,53.00,-30.00,-3.12,100,100,0.00,0,0.00,0.00,0.00,0.25,0.00,11.48,220,24
2543,ON,10,0,0.00,53.00,-30.00,-3.12,100,100,0.00,0,0.00,0.00,0.00,0.25,0.00,11.48,220,24
2651,ON,10,0,0.00,53.00,-30.00,-3.12,100,100,0.00,0,0.00,0.00,0.00,0.25,0.00,11.56,42,24
2761,ON,10,0,0.00,53.00,-30.00,-3.12,100,100,0.00,0,0.00,0.00,0.00,0.25,0.00,11.48,220,24
2869,ON,10,0,0.00,53.00,-30.00,-3.12,100,100,0.00,0,0.00,0.00,0.00,0.25,0.00,11.48,220,24
2976,ON,10,0,0.00,53.00,-30.00,-3.12,100,100,0.00,0,0.00,0.00,0.00,0.25,0.00,11.48,220,24
3084,ON,10,0,0.00,53.00,-30.00,-3.12,100,100,0.00,0,0.00,0.00,0.00,0.25,0.00,11.48,220,24
3191,ON,10,0,0.00,53.00,-30.00,-3.12,100,100,0.00,0,0.00,0.00,0.00,0.25,0.00,11.48,220,24
3299,ON,10,0,0.00,53.00,-30.00,-3.12,100,100,0.00,0,0.00,0.00,0.00,0.25,0.00,11.48,220,24
3409,ON,10,0,0.00,53.00,-30.00,-3.12,100,100,0.00,0,0.00,0.00,0.00,0.25,0.00,11.48,220,24
3517,ON,10,0,0.00,53.00,-30.00,-3.12,100,100,0.00,0,0.00,0.00,0.00,0.25,0.00,4.38,23,24
3625,ON,10,0,0.00,53.00,-30.00,-3.12,100,100,0.00,0,0.00,0.00,0.00,0.25,0.00,0.08,78,24
3732,ON,10,0,0.00,53.00,-30.00,-3.12,100,100,0.00,0,0.00,0.00,0.00,0.25,0.00,0.00,0,24
3840,ON,10,0,0.00,53.00,-30.00,-3.12,100,100,0.00,0,0.00,0.00,0.00,0.25,0.00,0.00,0,24
3947,ON,10,0,0.00,53.00,-30.00,-3.12,100,100,0.00,0,0.00,0.00,0.00,0.25,0.00,0.00,0,24
4058,ON,10,0,0.00,53.00,-30.00,-3.12,100,100,0.00,0,0.00,0.00,0.00,0.25,0.00,0.00,0,24
4165,ON,10,0,0.00,53.00,-30.00,-3.12,100,100,0.00,0,0.00,0.00,0.00,0.25,0.00,0.00,0,24
4273,ON,10,0,0.00,53.00,-30.00,-3.12,100,100,0.00,0,0.00,0.00,0.00,0.25,0.00,0.00,0,24
4381,ON,10,0,0.00,53.00,-30.00,-3.12,100,100,0.00,0,0.00,0.00,0.00,0.25,0.00,0.00,0,24
4488,ON,10,0,0.00,53.00,-30.00,-3.12,100,100,0.00,0,0.00,0.00,0.00,0.25,0.00,0.00,0,24
4596,ON,10,0,0.00,53.00,-30.00,-3.12,100,100,0.00,0,0.00,0.00,0.00,0.25,0.00,0.00,0,24
4706,ON,10,0,0.00,53.00,-30.00,-3.12,100,100,0.00,0,0.00,0.00,0.00,0.25,0.00,0.00,0,24
4814,ON,10,0,0.00,53.00,-30.00,-3.12,100,100,0.00,0,0.00,0.00,0.00,0.25,0.00,0.00,0,24
4921,ON,10,0,0.00,53.00,-30.00,-3.12,100,100,0.00,0,0.00,0.00,0.00,0.25,0.00,0.00,0,24
5029,ON,10,0,0.00,53.00,-30.00,-3.12,100,100,0.00,0,0.00,0.00,0.00,0.25,0.00,0.00,0,24
5137,ON,10,0,0.00,53.00,-30.00,-3.12,100,100,0.00,0,0.00,0.00,0.00,0.25,0.00,0.00,0,24
5244,ON,10,0,0.00,53.00,-30.00,-3.12,100,100,0.00,0,0.00,0.00,0.00,0.25,0.00,0.00,0,24
5354,ON,10,0,0.00,53.00,-30.00,-3.12,100,100,0.00,0,0.00,0.00,0.00,0.25,0.00,0.00,0,24
5462,ON,10,0,0.00,53.00,-30.00,-3.12,100,100,0.00,0,0.00,0.00,0.00,0.25,0.00,0.00,0,24
5570,ON,10,0,0.00,53.00,-30.00,-3.12,100,100,0.00,0,0.00,0.00,0.00,0.25,0.00,0.00,0,24
5677,ON,10,0,0.00,53.00,-30.00,-3.12,100,100,0.00,0,0.00,0.00,0.00,0.25,0.00,0.00,0,24
5785,ON,10,0,0.00,53.00,-30.00,-3.12,100,100,0.00,0,0.00,0.00,0.00,0.25,0.00,0.00,0,24
5893,ON,10,0,0.00,53.00,-30.00,-3.12,100,100,0.00,0,0.00,0.00,0.00,0.25,0.00,0.00,0,24
6003,ON,10,0,0.00,53.00,-30.00,-3.12,100,100,0.00,0,0.00,0.00,0.00,0.25,0.00,0.00,0,24
6110,ON,10,0,0.00,53.00,-30.00,-3.12,100,100,0.00,0,0.00,0.00,0.00,0.25,0.00,0.00,0,24
6218,ON,10,0,0.00,53.00,-30.00,-3.12,100,100,0.00,0,0.00,0.00,0.00,0.25,0.00,0.00,0,24
6326,ON,10,0,0.00,53.00,-30.00,-3.12,100,100,0.00,0,0.00,0.00,0.00,0.25,0.00,0.00,0,24
6433,ON,10,0,0.00,53.00,-30.00,-3.12,100,100,0.00,0,0.00,0.00,0.00,0.25,0.00,0.00,0,24
6541,ON,10,0,0.00,53.00,-30.00,-3.12,100,100,0.00,0,0.00,0.00,0.00,0.25,0.00,0.00,0,24
6651,ON,10,0,0.00,53.00,-30.00,-3.12,100,100,0.00,0,0.00,0.00,0.00,0.25,0.00,0.00,0,24
6759,ON,10,0,0.00,53.00,-30.00,-3.12,100,100,0.00,0,0.00,0.00,0.00,0.25,0.00,0.00,0,24
6866,ON,10,0,0.00,53.00,-30.00,-3.12,100,100,0.00,0,0.00,0.00,0.00,0.25,0.00,0.00,0,24
6974,ON,10,0,0.00,53.00,-30.00,-3.12,100,100,0.00,0,0.00,0.00,0.00,0.25,0.00,0.00,0,24
7081,ON,10,0,0.00,53.00,-30.00,-3.12,100,100,0.00,0,0.00,0.00,0.00,0.25,0.00,0.00,0,24
7189,ON,10,0,0.00,53.00,-30.00,-3.12,100,100,0.00,0,0.00,0.00,0.00,0.25,0.00,0.00,0,24
7299,ON,10,0,0.00,53.00,-30.00,-3.12,100,100,0.00,0,0.00,0.00,0.00,0.25,0.00,0.00,0,24
7407,ON,10,0,0.00,53.00,-30.00,-3.12,100,100,0.00,0,0.00,0.00,0.00,0.25,0.00,0.00,0,24
7514,ON,10,0,0.00,53.00,-30.00,-3.12,100,100,0.00,0,0.00,0.00,0.00,0.25,0.00,0.00,0,24
7622,ON,10,0,0.00,53.00,-30.00,-3.12,100,100,0.00,0,0.00,0.00,0.00,0.25,0.00,0.00,0,24
7730,ON,10,0,0.00,53.00,-30.00,-3.12,100,100,0.00,0,0.00,0.00,0.00,0.25,0.00,0.00,0,24
7837,ON,10,0,0.00,53.00,-30.00,-3.12,100,100,0.00,0,0.00,0.00,0.00,0.25,0.00,0.00,0,24
7948,ON,10,0,0.00,53.00,-30.00,-3.12,100,100,0.00,0,0.00,0.00,0.00,0.25,0.00,0.00,0,24
8055,ON,10,0,0.00,53.00,-30.00,-3.12,100,100,0.00,0,0.00,0.00,0.00,0.25,0.00,0.00,0,24
8163,ON,10,0,0.00,53.00,-30.00,-3.12,100,100,0.00,0,0.00,0.00,0.00,0.25,0.00,0.00,0,24
8271,ON,10,0,0.00,53.00,-30.00,-3.12,100,100,0.00,0,0.00,0.00,0.00,0.25,0.00,0.00,0,24
8378,ON,10,0,0.00,53.00,-30.00,-3.12,100,100,0.00,0,0.00,0.00,0.00,0.25,0.00,0.00,0,24
8486,ON,10,0,0.00,53.00,-30.00,-3.12,100,100,0.00,0,0.00,0.00,0.00,0.25,0.00,0.00,0,24
8596,ON,10,0,0.00,53.00,-30.00,-3.12,100,100,0.00,0,0.00,0.00,0.00,0.25,0.00,0.00,0,24
8704,ON,10,0,0.00,53.00,-30.00,-3.12,100,100,0.00,0,0.00,0.00,0.00,0.25,0.00,0.00,0,24
8811,ON,10,0,0.00,53.00,-30.00,-3.12,100,100,0.00,0,0.00,0.00,0.00,0.25,0.00,0.00,0,24
8919,ON,10,0,0.00,53.00,-30.00,-3.12,100,100,0.00,0,0.00,0.00,0.00,0.25,0.00,0.00,0,24
9027,ON,10,0,0.00,53.00,-30.00,-3.12,100,100,0.00,0,0.00,0.00,0.00,0.25,0.00,0.00,0,24
9134,ON,10,0,0.00,53.00,-30.00,-3.12,100,100,0.00,0,0.00,0.00,0.00,0.25,0.00,0.00,0,24
9245,ON,10,0,0.00,53.00,-30.00,-3.12,100,100,0.00,0,0.00,0.00,0.00,0.25,0.00,0.00,0,24
9352,ON,10,0,0.00,53.00,-30.00,-3.12,100,100,0.00,0,0.00,0.00,0.00,0.25,0.00,0.00,0,24
9460,ON,10,0,0.00,53.00,-30.00,-3.12,100,100,0.00,0,0.00,0.00,0.00,0.25,0.00,0.00,0,24
9567,ON,10,0,0.00,53.00,-30.00,-3.12,100,100,0.00,0,0.00,0.00,0.00,0.25,0.00,0.00,0,24
9675,ON,10,0,0.00,53.00,-30.00,-3.12,100,100,0.00,0,0.00,0.00,0.00,0.25,0.00,0.00,0,24
9783,ON,10,0,0.00,53.00,-30.00,-3.12,100,100,0.00,0,0.00,0.00,0.00,0.25,0.00,0.00,0,24
9893,ON,10,0,0.00,53.00,-30.00,-3.12,100,100,0.00,0,0.00,0.00,0.00,0.25,0.00,0.00,0,24
10001,ON,10,0,0.00,53.00,-30.00,-3.12,100,100,0.00,0,0.00,0.00,0.00,0.25,0.00,0.00,0,24
10108,ON,10,0,0.00,53.00,-30.00,-3.12,100,100,0.00,0,0.00,0.00,0.00,0.25,0.00,0.00,0,24
10216,ON,10,0,0.00,53.00,-30.00,-3.12,100,100,0.00,0,0.00,0.00,0.00,0.25,0.00,0.00,0,24
10324,ON,10,0,0.00,53.00,-30.00,-3.12,100,100,0.00,0,0.00,0.00,0.00,0.25,0.00,0.00,0,24
10431,ON,10,0,0.00,53.00,-30.00,-3.12,100,100,0.00,0,0.00,0.00,0.00,0.25,0.00,0.00,0,24
10542,ON,10,0,0.00,53.00,-30.00,-3.12,100,100,0.00,0,0.00,0.00,0.00,0.25,0.00,0.00,0,24
10649,ON,10,0,0.00,53.00,-30.00,-3.12,100,100,0.00,0,0.00,0.00,0.00,0.25,0.00,0.00,0,24
10757,ON,10,0,0.00,53.00,-30.00,-3.12,100,100,0.00,0,0.00,0.00,0.00,0.25,0.00,0.00,0,24
10864,ON,10,0,0.00,53.00,-30.00,-3.12,100,100,0.00,0,0.00,0.00,0.00,0.25,0.00,0.00,0,24
10972,ON,10,0,0.00,53.00,-30.00,-3.12,100,100,0.00,0,0.00,0.00,0.00,0.25,0.00,0.00,0,24
11080,ON,10,0,0.00,53.00,-30.00,-3.12,100,100,0.00,0,0.00,0.00,0.00,0.25,0.00,0.00,0,24
11190,ON,10,0,0.00,53.00,-30.00,-3.12,100,100,0.00,0,0.00,0.00,0.00,0.25,0.00,0.00,0,24
11297,ON,10,0,0.00,53.00,-30.00,-3.12,100,100,0.00,0,0.00,0.00,0.00,0.25,0.00,0.00,0,24
11405,ON,10,0,0.00,53.00,-30.00,-3.12,100,100,0.00,0,0.00,0.00,0.00,0.25,0.00,0.00,0,24
11512,ON,10,0,0.00,53.00,-30.00,-3.12,100,100,0.00,0,0.00,0.00,0.00,0.25,0.00,0.00,0,24
11620,ON,10,0,0.00,53.00,-30.00,-3.12,100,100,0.00,0,0.00,0.00,0.00,0.25,0.00,0.00,0,24
11728,ON,10,0,0.00,53.00,-30.00,-3.12,100,100,0.00,0,0.00,0.00,0.00,0.25,0.00,0.00,0,24
11838,ON,10,0,0.00,53.00,-30.00,-3.12,100,100,0.00,0,0.00,0.00,0.00,0.25,0.00,0.00,0,24
11945,ON,10,0,0.00,53.00,-30.00,-3.12,100,100,0.00,0,0.00,0.00,0.00,0.25,0.00,0.00,0,24
12053,ON,10,0,0.00,53.00,-30.00,-3.12,100,100,0.00,0,0.00,0.00,0.00,0.25,0.00,0.00,0,24
12161,ON,10,0,0.00,53.00,-30.00,-3.12,100,100,0.00,0,0.00,0.00,0.00,0.25,0.00,0.00,0,24
12268,ON,10,0,0.00,53.00,-30.00,-3.12,100,100,0.00,0,0.00,0.00,0.00,0.25,0.00,0.00,0,24
12376,ON,10,0,0.00,53.00,-30.00,-3.12,100,100,0.00,0,0.00,0.00,0.00,0.25,0.00,0.00,0,24
12486,ON,10,0,0.00,53.00,-30.00,-3.12,100,100,0.00,0,0.00,0.00,0.00,0.25,0.00,0.00,0,24
12594,ON,10,0,0.00,53.00,-30.00,-3.12,100,100,0.00,0,0.00,0.00,0.00,0.25,0.00,0.00,0,24
12701,ON,10,0,0.00,53.00,-30.00,-3.12,100,100,0.00,0,0.00,0.00,0.00,0.25,0.00,0.00,0,24
12809,ON,10,0,0.00,53.00,-30.00,-3.12,100,100,0.00,0,0.00,0.00,0.00,0.25,0.00,0.00,0,24
12917,ON,10,0,0.00,53.00,-30.00,-3.12,100,100,0.00,0,0.00,0.00,0.00,0.25,0.00,0.00,0,24
13024,ON,10,0,0.00,53.00,-30.00,-3.12,100,100,0.00,0,0.00,0.00,0.00,0.25,0.00,0.00,0,24
13135,ON,10,0,0.00,53.00,-30.00,-3.12,100,100,0.00,0,0.00,0.00,0.00,0.25,0.00,0.00,0,24
13242,ON,10,0,0.00,53.00,-30.00,-3.12,100,100,0.00,0,0.00,0.00,0.00,0.25,0.00,0.00,0,24
13350,ON,10,0,0.00,53.00,-30.00,-3.12,100,100,0.00,0,0.00,0.00,0.00,0.25,0.00,0.00,0,24
13458,ON,10,0,0.00,53.00,-30.00,-3.12,100,100,0.00,0,0.00,0.00,0.00,0.25,0.00,0.00,0,24
13565,ON,10,0,0.00,53.00,-30.00,-3.12,100,100,0.00,0,0.00,0.00,0.00,0.25,0.00,0.00,0,24
13673,ON,10,0,0.00,53.00,-30.00,-3.12,100,100,0.00,0,0.00,0.00,0.00,0.25,0.00,0.00,0,24
13783,ON,10,0,0.00,53.00,-30.00,-3.12,100,100,0.00,0,0.00,0.00,0.00,0.25,0.00,0.00,0,24
13891,ON,10,0,0.00,53.00,-30.00,-3.12,100,100,0.00,0,0.00,0.00,0.00,0.25,0.00,0.00,0,24
13998,ON,10,0,0.00,53.00,-30.00,-3.12,100,100,0.00,0,0.00,0.00,0.00,0.25,0.00,0.00,0,24
14106,ON,10,0,0.00,53.00,-30.00,-3.12,100,100,0.00,0,0.00,0.00,0.00,0.25,0.00,0.00,0,24
14214,ON,10,0,0.00,53.00,-30.00,-3.12,100,100,0.00,0,0.00,0.00,0.00,0.25,0.00,0.00,0,24
14321,ON,10,0,0.00,53.00,-30.00,-3.12,100,100,0.00,0,0.00,0.00,0.00,0.25,0.00,0.00,0,24
14432,ON,10,0,0.00,53.00,-30.00,-3.12,100,100,0.00,0,0.00,0.00,0.00,0.25,0.00,0.00,0,24
14539,ON,10,0,0.00,53.00,-30.00,-3.12,100,100,0.00,0,0.00,0.00,0.00,0.25,0.00,0.00,0,24
14647,ON,10,0,0.00,53.00,-30.00,-3.12,100,100,0.00,0,0.00,0.00,0.00,0.25,0.00,0.00,0,24
14755,ON,10,0,0.00,53.00,-30.00,-3.12,100,100,0.00,0,0.00,0.00,0.00,0.25,0.00,0.00,0,24
14862,ON,10,0,0.00,53.00,-30.00,-3.12,100,100,0.00,0,0.00,0.00,0.00,0.25,0.00,0.00,0,24
14970,ON,10,0,0.00,53.00,-30.00,-3.12,100,100,0.00,0,0.00,0.00,0.00,0.25,0.00,0.00,0,24
15080,ON,10,0,0.00,53.00,-30.00,-3.12,100,100,0.00,0,0.00,0.00,0.00,0.25,0.00,0.00,0,24
15188,ON,10,0,0.00,53.00,-30.00,-3.12,100,100,0.00,0,0.00,0.00,0.00,0.25,0.00,0.00,0,24
15295,ON,10,0,0.00,53.00,-30.00,-3.12,100,100,0.00,0,0.00,0.00,0.00,0.25,0.00,0.00,0,24
15403,ON,10,0,0.00,53.00,-30.00,-3.12,100,100,0.00,0,0.00,0.00,0.00,0.25,0.00,0.00,0,24
15511,ON,10,0,0.00,53.00,-30.00,-3.12,100,100,0.00,0,0.00,0.00,0.00,0.25,0.00,0.00,0,24
15618,ON,10,0,0.00,53.00,-30.00,-3.12,100,100,0.00,0,0.00,0.00,0.00,0.25,0.00,0.00,0,24
15729,ON,10,0,0.00,53.00,-30.00,-3.12,100,100,0.00,0,0.00,0.00,0.00,0.25,0.00,0.00,0,24
15836,ON,10,0,0.00,53.00,-30.00,-3.12,100,100,0.00,0,0.00,0.00,0.00,0.25,0.00,0.00,0,24
15944,ON,10,0,0.00,53.00,-30.00,-3.12,100,100,0.00,0,0.00,0.00,0.00,0.25,0.00,0.00,0,24
16051,ON,10,0,0.00,53.00,-30.00,-3.12,100,100,0.00,0,0.00,0.00,0.00,0.25,0.00,0.00,0,24
16159,ON,10,0,0.00,53.00,-30.00,-3.12,100,100,0.00,0,0.00,0.00,0.00,0.25,0.00,0.00,0,24
16267,ON,10,0,0.00,53.00,-30.00,-3.12,100,100,0.00,0,0.00,0.00,0.00,0.25,0.00,0.00,0,24
16377,ON,10,0,0.00,53.00,-30.00,-3.12,100,100,0.00,0,0.00,0.00,0.00,0.25,0.00,0.00,0,24
16484,ON,10,0,0.00,53.00,-30.00,-3.12,100,100,0.00,0,0.00,0.00,0.00,0.25,0.00,0.00,0,24
16592,ON,10,0,0.00,53.00,-30.00,-3.12,100,100,0.00,0,0.00,0.00,0.00,0.25,0.00,0.00,0,24
16700,ON,10,0,0.00,53.00,-30.00,-3.12,100,100,0.00,0,0.00,0.00,0.00,0.25,0.00,0.00,0,24
16807,ON,10,0,0.00,53.00,-30.00,-3.12,100,100,0.00,0,0.00,0.00,0.00,0.25,0.00,0.00,0,24
16915,ON,10,0,0.00,53.00,-30.00,-3.12,100,100,0.00,0,0.00,0.00,0.00,0.25,0.00,0.00,0,24
17025,ON,10,0,0.00,53.00,-30.00,-3.12,100,100,0.00,0,0.00,0.00,0.00,0.25,0.00,0.00,0,24
17133,ON,10,0,0.00,53.00,-30.00,-3.12,100,100,0.00,0,0.00,0.00,0.00,0.25,0.00,0.00,0,24
17240,ON,10,0,0.00,53.00,-30.00,-3.12,100,100,0.00,0,0.00,0.00,0.00,0.25,0.00,0.00,0,24
17348,ON,10,0,0.00,53.00,-30.00,-3.12,100,100,0.00,0,0.00,0.00,0.00,0.25,0.00,0.00,0,24
17456,ON,10,0,0.00,53.00,-30.00,-3.12,100,100,0.00,0,0.00,0.00,0.00,0.25,0.00,0.00,0,24
17563,ON,10,0,0.00,53.00,-30.00,-3.12,100,100,0.00,0,0.00,0.00,0.00,0.25,0.00,0.00,0,24
17673,ON,10,0,0.00,53.00,-30.00,-3.12,100,100,0.00,0,0.00,0.00,0.00,0.25,0.00,0.00,0,24
17781,ON,10,0,0.00,53.00,-30.00,-3.12,100,100,0.00,0,0.00,0.00,0.00,0.25,0.00,0.00,0,24
17888,ON,10,0,0.00,53.00,-30.00,-3.12,100,100,0.00,0,0.00,0.00,0.00,0.25,0.00,0.00,0,24
17996,ON,10,0,0.00,53.00,-30.00,-3.12,100,100,0.00,0,0.00,0.00,0.00,0.25,0.00,0.00,0,24
18104,ON,10,0,0.00,53.00,-30.00,-3.12,100,100,0.00,0,0.00,0.00,0.00,0.25,0.00,0.00,0,24
18211,ON,10,0,0.00,53.00,-30.00,-3.12,100,100,0.00,0,0.00,0.00,0.00,0.25,0.00,0.00,0,24
18322,ON,10,0,0.00,53.00,-30.00,-3.12,100,100,0.00,0,0.00,0.00,0.00,0.25,0.00,0.00,0,24
18429,ON,10,0,0.00,53.00,-30.00,-3.12,100,100,0.00,0,0.00,0.00,0.00,0.25,0.00,0.00,0,24
18537,ON,10,0,0.00,53.00,-30.00,-3.12,100,100,0.00,0,0.00,0.00,0.00,0.25,0.00,0.00,0,24
18645,ON,10,0,0.00,53.00,-30.00,-3.12,100,100,0.00,0,0.00,0.00,0.00,0.25,0.00,0.00,0,24
18752,ON,10,0,0.00,53.00,-30.00,-3.12,100,100,0.00,0,0.00,0.00,0.00,0.25,0.00,0.00,0,24
18860,ON,10,0,0.00,53.00,-30.00,-3.12,100,100,0.00,0,0.00,0.00,0.00,0.25,0.00,0.00,0,24
18970,ON,10,0,0.00,53.00,-30.00,-3.12,100,100,0.00,0,0.00,0.00,0.00,0.25,0.00,0.00,0,24
19078,ON,10,0,0.00,53.00,-30.00,-3.12,100,100,0.00,0,0.00,0.00,0.00,0.25,0.00,0.00,0,24
19185,ON,10,0,0.00,53.00,-30.00,-3.12,100,100,0.00,0,0.00,0.00,0.00,0.25,0.00,0.00,0,24
19293,ON,10,0,0.00,53.00,-30.00,-3.12,100,100,0.00,0,0.00,0.00,0.00,0.25,0.00,0.00,0,24
19401,ON,10,0,0.00,53.00,-30.00,-3.12,100,100,0.00,0,0.00,0.00,0.00,0.25,0.00,0.00,0,24
19508,ON,10,0,0.00,53.00,-30.00,-3.12,100,100,0.00,0,0.00,0.00,0.00,0.25,0.00,0.00,0,24
19618,ON,10,0,0.00,53.00,-30.00,-3.12,100,100,0.00,0,0.00,0.00,0.00,0.25,0.00,0.00,0,24
19726,ON,10,0,0.00,53.00,-30.00,-3.12,100,100,0.00,0,0.00,0.00,0.00,0.25,0.00,0.00,0,24
19833,ON,10,0,0.00,53.00,-30.00,-3.12,100,100,0.00,0,0.00,0.00,0.00,0.25,0.00,0.00,0,24
19941,ON,10,0,0.00,53.00,-30.00,-3.12,100,100,0.00,0,0.00,0.00,0.00,0.25,0.00,0.00,0,24
20049,ON,10,0,0.00,53.00,-30.00,-3.12,100,100,0.00,0,0.00,0.00,0.00,0.25,0.00,0.00,0,24
20156,ON,10,0,0.00,53.00,-30.00,-3.12,100,100,0.00,0,0.00,0.00,0.00,0.25,0.00,0.00,0,24
20266,ON,10,0,0.00,53.00,-30.00,-3.12,100,100,0.00,0,0.00,0.00,0.00,0.25,0.00,0.00,0,24
20374,ON,10,0,0.00,53.00,-30.00,-3.12,100,100,0.00,0,0.00,0.00,0.00,0.25,0.00,0.00,0,24
20482,ON,10,0,0.00,53.00,-30.00,-3.12,100,100,0.00,0,0.00,0.00,0.00,0.25,0.00,0.00,0,24
20589,ON,10,0,0.00,53.00,-30.00,-3.12,100,100,0.00,0,0.00,0.00,0.00,0.25,0.00,0.00,0,24
20697,ON,10,0,0.00,53.00,-30.00,-3.12,100,100,0.00,0,0.00,0.00,0.00,0.25,0.00,0.00,0,24
20805,ON,10,0,0.00,53.00,-30.00,-3.12,100,100,0.00,0,0.00,0.00,0.00,0.25,0.00,0.00,0,24
20915,ON,10,0,0.00,53.00,-30.00,-3.12,100,100,0.00,0,0.00,0.00,0.00,0.25,0.00,0.00,0,24
21023,ON,10,0,0.00,53.00,-30.00,-3.12,100,100,0.00,0,0.00,0.00,0.00,0.25,0.00,0.00,0,24
21130,ON,10,0,0.00,53.00,-30.00,-3.12,100,100,0.00,0,0.00,0.00,0.00,0.25,0.00,0.00,0,24
21238,ON,10,0,0.00,53.00,-30.00,-3.12,100,100,0.00,0,0.00,0.00,0.00,0.25,0.00,0.00,0,24
21346,ON,10,0,0.00,53.00,-30.00,-3.12,100,100,0.00,0,0.00,0.00,0.00,0.25,0.00,0.00,0,24
21453,ON,10,0,0.00,53.00,-30.00,-3.12,100,100,0.00,0,0.00,0.00,0.00,0.25,0.00,0.00,0,24
21567,ON,10,0,0.00,53.00,-30.00,-3.12,100,100,0.00,0,0.00,0.00,0.00,0.25,0.00,0.00,0,24
21674,ON,10,0,0.00,53.00,-30.00,-3.12,100,100,0.00,0,0.00,0.00,0.00,0.25,0.00,0.00,0,24
21782,ON,10,0,0.00,53.00,-30.00,-3.12,100,100,0.00,0,0.00,0.00,0.00,0.25,0.00,0.00,0,24
21889,ON,10,0,0.00,53.00,-30.00,-3.12,100,100,0.00,0,0.00,0.00,0.00,0.25,0.00,0.00,0,24
21997,ON,10,0,0.00,53.00,-30.00,-3.12,100,100,0.00,0,0.00,0.00,0.00,0.25,0.00,0.00,0,24
22105,ON,10,0,0.00,53.00,-30.00,-3.12,100,100,0.00,0,0.00,0.00,0.00,0.25,0.00,0.00,0,24
22215,ON,10,0,0.00,53.00,-30.00,-3.12,100,100,0.00,0,0.00,0.00,0.00,0.25,0.00,0.00,0,24
22322,ON,10,0,0.00,53.00,-30.00,-3.12,100,100,0.00,0,0.00,0.00,0.00,0.25,0.00,0.00,0,24
22430,ON,10,0,0.00,53.00,-30.00,-3.12,100,100,0.00,0,0.00,0.00,0.00,0.25,0.00,0.00,0,24
22538,ON,10,0,0.00,53.00,-30.00,-3.12,100,100,0.00,0,0.00,0.00,0.00,0.25,0.00,0.00,0,24
22645,ON,10,0,0.00,53.00,-30.00,-3.12,100,100,0.00,0,0.00,0.00,0.00,0.25,0.00,0.00,0,24
22753,ON,10,0,0.00,53.00,-30.00,-3.12,100,100,0.00,0,0.00,0.00,0.00,0.25,0.00,0.00,0,24
22863,ON,10,0,0.00,53.00,-30.00,-3.12,100,100,0.00,0,0.00,0.00,0.00,0.25,0.00,0.00,0,24
22970,ON,10,0,0.00,53.00,-30.00,-3.12,100,100,0.00,0,0.00,0.00,0.00,0.25,0.00,0.00,0,24
23078,ON,10,0,0.00,53.00,-30.00,-3.12,100,100,0.00,0,0.00,0.00,0.00,0.25,0.00,0.00,0,24
23186,ON,10,0,0.00,53.00,-30.00,-3.12,100,100,0.00,0,0.00,0.00,0.00,0.25,0.00,0.00,0,24
23293,ON,10,0,0.00,53.00,-30.00,-3.12,100,100,0.00,0,0.00,0.00,0.00,0.25,0.00,0.00,0,24
23401,ON,10,0,0.00,53.00,-30.00,-3.12,100,100,0.00,0,0.00,0.00,0.00,0.25,0.00,0.00,0,24
23512,ON,10,0,0.00,53.00,-30.00,-3.12,100,100,0.00,0,0.00,0.00,0.00,0.25,0.00,0.00,0,24
23619,ON,10,0,0.00,53.00,-30.00,-3.12,100,100,0.00,0,0.00,0.00,0.00,0.25,0.00,0.00,0,24
23727,ON,10,0,0.00,53.00,-30.00,-3.12,100,100,0.00,0,0.00,0.00,0.00,0.25,0.00,0.00,0,24
23834,ON,10,0,0.00,53.00,-30.00,-3.12,100,100,0.00,0,0.00,0.00,0.00,0.25,0.00,0.00,0,24
23942,ON,10,0,0.00,53.00,-30.00,-3.12,100,100,0.00,0,0.00,0.00,0.00,0.25,0.00,0.00,0,24
24050,ON,10,0,0.00,53.00,-30.00,-3.12,100,100,0.00,0,0.00,0.00,0.00,0.25,0.00,0.00,0,24
24160,ON,10,0,0.00,53.00,-30.00,-3.12,100,100,0.00,0,0.00,0.00,0.00,0.25,0.00,0.00,0,24
24267,ON,10,0,0.00,53.00,-30.00,-3.12,100,100,0.00,0,0.00,0.00,0.00,0.25,0.00,0.00,0,24
24375,ON,10,0,0.00,53.00,-30.00,-3.12,100,100,0.00,0,0.00,0.00,0.00,0.25,0.00,0.00,0,24
24483,ON,10,0,0.00,53.00,-30.00,-3.12,100,100,0.00,0,0.00,0.00,0.00,0.25,0.00,0.00,0,24
24590,ON,10,0,0.00,53.00,-30.00,-3.12,100,100,0.00,0,0.00,0.00,0.00,0.25,0.00,0.00,0,24
24698,ON,10,0,0.00,53.00,-30.00,-3.12,100,100,0.00,0,0.00,0.00,0.00,0.25,0.00,0.00,0,24
24808,ON,10,0,0.00,53.00,-30.00,-3.12,100,100,0.00,0,0.00,0.00,0.00,0.25,0.00,0.00,0,24
24915,ON,10,0,0.00,53.00,-30.00,-3.12,100,100,0.00,0,0.00,0.00,0.00,0.25,0.00,0.00,0,24
25023,ON,10,0,0.00,53.00,-30.00,-3.12,100,100,0.00,0,0.00,0.00,0.00,0.25,0.00,0.00,0,24
25131,ON,10,0,0.00,53.00,-30.00,-3.12,100,100,0.00,0,0.00,0.00,0.00,0.25,0.00,0.00,0,24
25238,ON,10,0,0.00,53.00,-30.00,-3.12,100,100,0.00,0,0.00,0.00,0.00,0.25,0.00,0.00,0,24
25346,ON,10,0,0.00,53.00,-30.00,-3.12,100,100,0.00,0,0.00,0.00,0.00,0.25,0.00,0.00,0,24
25461,ON,10,0,0.00,53.00,-30.00,-3.12,100,100,0.00,0,0.00,0.00,0.00,0.25,0.00,0.00,0,24
25597,ON,10,0,0.00,53.00,-30.00,-3.12,100,100,0.00,0,0.00,0.00,0.00,0.25,0.00,0.00,0,24
25789,ON,10,0,0.00,53.00,-30.00,-3.12,100,100,0.00,0,0.00,0.00,0.00,0.25,0.00,0.00,0,24
25985,ON,10,0,0.00,53.00,-30.00,-3.12,100,100,0.00,0,0.00,0.00,0.00,0.25,0.00,0.00,0,24
26183,ON,10,0,0.00,53.00,-30.00,-3.12,100,100,0.00,0,0.00,0.00,0.00,0.25,0.00,0.00,0,24
26290,ON,10,0,0.00,53.00,-30.00,-3.12,100,100,0.00,0,0.00,0.00,0.00,0.25,0.00,0.00,0,24
26401,ON,10,0,0.00,53.00,-30.00,-3.12,100,100,0.00,0,0.00,0.00,0.00,0.25,0.00,0.00,0,24
26509,ON,10,0,0.00,53.00,-30.00,-3.12,100,100,0.00,0,0.00,0.00,0.00,0.25,0.00,0.00,0,24
26616,ON,10,0,0.00,53.00,-30.00,-3.12,100,100,0.00,0,0.00,0.00,0.00,0.25,0.00,0.00,0,24
26724,ON,10,0,0.00,53.00,-30.00,-3.12,100,100,0.00,0,0.00,0.00,0.00,0.25,0.00,0.00,0,24
26832,ON,10,0,0.00,53.00,-30.00,-3.12,100,100,0.00,0,0.00,0.00,0.00,0.25,0.00,0.00,0,24
26939,ON,10,0,0.00,53.00,-30.00,-3.12,100,100,0.00,0,0.00,0.00,0.00,0.25,0.00,0.00,0,24
27049,ON,10,0,0.00,53.00,-30.00,-3.12,100,100,0.00,0,0.00,0.00,0.00,0.25,0.00,0.00,0,24
27157,ON,10,0,0.00,53.00,-30.00,-3.12,100,100,0.00,0,0.00,0.00,0.00,0.25,0.00,0.00,0,24
27264,ON,10,0,0.00,53.00,-30.00,-3.12,100,100,0.00,0,0.00,0.00,0.00,0.25,0.00,0.00,0,24
27372,ON,10,0,0.00,53.00,-30.00,-3.12,100,100,0.00,0,0.00,0.00,0.00,0.25,0.00,0.00,0,24
27480,ON,10,0,0.00,53.00,-30.00,-3.12,100,100,0.00,0,0.00,0.00,0.00,0.25,0.00,0.00,0,24
27587,ON,10,0,0.00,53.00,-30.00,-3.12,100,100,0.00,0,0.00,0.00,0.00,0.25,0.00,0.00,0,24
27697,ON,10,0,0.00,53.00,-30.00,-3.12,100,100,0.00,0,0.00,0.00,0.00,0.25,0.00,0.00,0,24
27805,ON,10,0,0.00,53.00,-30.00,-3.12,100,100,0.00,0,0.00,0.00,0.00,0.25,0.00,0.00,0,24
27913,ON,10,0,0.00,53.00,-30.00,-3.12,100,100,0.00,0,0.00,0.00,0.00,0.25,0.00,0.00,0,24
28020,ON,10,0,0.00,53.00,-30.00,-3.12,100,100,0.00,0,0.00,0.00,0.00,0.25,0.00,0.00,0,24
28128,ON,10,0,0.00,53.00,-30.00,-3.12,100,100,0.00,0,0.00,0.00,0.00,0.25,0.00,0.00,0,24
28236,ON,10,0,0.00,53.00,-30.00,-3.12,100,100,0.00,0,0.00,0.00,0.00,0.25,0.00,0.00,0,24
28346,ON,10,0,0.00,53.00,-30.00,-3.12,100,100,0.00,0,0.00,0.00,0.00,0.25,0.00,0.00,0,24
28453,ON,10,0,0.00,53.00,-30.00,-3.12,100,100,0.00,0,0.00,0.00,0.00,0.25,0.00,0.00,0,24
28561,ON,10,0,0.00,53.00,-30.00,-3.12,100,100,0.00,0,0.00,0.00,0.00,0.25,0.00,0.00,0,24
28668,ON,10,0,0.00,53.00,-30.00,-3.12,100,100,0.00,0,0.00,0.00,0.00,0.25,0.00,0.00,0,24
28776,ON,10,0,0.00,53.00,-30.00,-3.12,100,100,0.00,0,0.00,0.00,0.00,0.25,0.00,0.00,0,24
28884,ON,10,0,0.00,53.00,-30.00,-3.12,100,100,0.00,0,0.00,0.00,0.00,0.25,0.00,0.00,0,24
28994,ON,10,0,0.00,53.00,-30.00,-3.12,100,100,0.00,0,0.00,0.00,0.00,0.25,0.00,0.00,0,24
29102,ON,10,0,0.00,53.00,-30.00,-3.12,100,100,0.00,0,0.00,0.00,0.00,0.25,0.00,0.00,0,24
29209,ON,10,0,0.00,53.00,-30.00,-3.12,100,100,0.00,0,0.00,0.00,0.00,0.25,0.00,0.00,0,24
29317,ON,10,0,0.00,53.00,-30.00,-3.12,100,100,0.00,0,0.00,0.00,0.00,0.25,0.00,0.00,0,24
29425,ON,10,0,0.00,53.00,-30.00,-3.12,100,100,0.00,0,0.00,0.00,0.00,0.25,0.00,0.00,0,24
29532,ON,10,0,0.00,53.00,-30.00,-3.12,100,100,0.00,0,0.00,0.00,0.00,0.25,0.00,0.00,0,24
29642,ON,10,0,0.00,53.00,-30.00,-3.12,100,100,0.00,0,0.00,0.00,0.00,0.25,0.00,0.00,0,24
29750,ON,10,0,0.00,53.00,-30.00,-3.12,100,100,0.00,0,0.00,0.00,0.00,0.25,0.00,0.00,0,24
29857,ON,10,0,0.00,53.00,-30.00,-3.12,100,100,0.00,0,0.00,0.00,0.00,0.25,0.00,0.00,0,24
29965,ON,10,0,0.00,53.00,-30.00,-3.12,100,100,0.00,0,0.00,0.00,0.00,0.25,0.00,0.00,0,24
30073,ON,10,0,0.00,53.00,-30.00,-3.12,100,100,0.00,0,0.00,0.00,0.00,0.25,0.00,0.00,0,24
30180,ON,10,0,0.00,53.00,-30.00,-3.12,100,100,0.00,0,0.00,0.00,0.00,0.25,0.00,0.00,0,24
30290,ON,10,0,0.00,53.00,-30.00,-3.12,100,100,0.00,0,0.00,0.00,0.00,0.25,0.00,0.00,0,24
30398,ON,10,0,0.00,53.00,-30.00,-3.12,100,100,0.00,0,0.00,0.00,0.00,0.25,0.00,0.00,0,24
30505,ON,10,0,0.00,53.00,-30.00,-3.12,100,100,0.00,0,0.00,0.00,0.00,0.25,0.00,0.00,0,24
30613,ON,10,0,0.00,53.00,-30.00,-3.12,100,100,0.00,0,0.00,0.00,0.00,0.25,0.00,0.00,0,24
30721,ON,10,0,0.00,53.00,-30.00,-3.12,100,100,0.00,0,0.00,0.00,0.00,0.25,0.00,0.00,0,24
30828,ON,10,0,0.00,53.00,-30.00,-3.12,100,100,0.00,0,0.00,0.00,0.00,0.25,0.00,0.00,0,24
30938,ON,10,0,0.00,53.00,-30.00,-3.12,100,100,0.00,0,0.00,0.00,0.00,0.25,0.00,0.00,0,24
31046,ON,10,0,0.00,53.00,-30.00,-3.12,100,100,0.00,0,0.00,0.00,0.00,0.25,0.00,0.00,0,24
31153,ON,10,0,0.00,53.00,-30.00,-3.12,100,100,0.00,0,0.00,0.00,0.00,0.25,0.00,0.00,0,24
31261,ON,10,0,0.00,53.00,-30.00,-3.12,100,100,0.00,0,0.00,0.00,0.00,0.25,0.00,0.00,0,24
31369,ON,10,0,0.00,53.00,-30.00,-3.12,100,100,0.00,0,0.00,0.00,0.00,0.25,0.00,0.00,0,24
31476,ON,10,0,0.00,53.00,-30.00,-3.12,100,100,0.00,0,0.00,0.00,0.00,0.25,0.00,0.00,0,24
31587,ON,10,0,0.00,53.00,-30.00,-3.12,100,100,0.00,0,0.00,0.00,0.00,0.25,0.00,0.00,0,24
31694,ON,10,0,0.00,53.00,-30.00,-3.12,100,100,0.00,0,0.00,0.00,0.00,0.25,0.00,0.00,0,24
31802,ON,10,0,0.00,53.00,-30.00,-3.12,100,100,0.00,0,0.00,0.00,0.00,0.25,0.00,0.00,0,24
31909,ON,10,0,0.00,53.00,-30.00,-3.12,100,100,0.00,0,0.00,0.00,0.00,0.25,0.00,0.00,0,24
32017,ON,10,0,0.00,53.00,-30.00,-3.12,100,100,0.00,0,0.00,0.00,0.00,0.25,0.00,0.00,0,24
32125,ON,10,0,0.00,53.00,-30.00,-3.12,100,100,0.00,0,0.00,0.00,0.00,0.25,0.00,0.00,0,24
32235,ON,10,0,0.00,53.00,-30.00,-3.12,100,100,0.00,0,0.00,0.00,0.00,0.25,0.00,0.00,0,24
32342,ON,10,0,0.00,53.00,-30.00,-3.12,100,100,0.00,0,0.00,0.00,0.00,0.25,0.00,0.00,0,24
32450,ON,10,0,0.00,53.00,-30.00,-3.12,100,100,0.00,0,0.00,0.00,0.00,0.25,0.00,0.00,0,24
32558,ON,10,0,0.00,53.00,-30.00,-3.12,100,100,0.00,0,0.00,0.00,0.00,0.25,0.00,0.00,0,24
32665,ON,10,0,0.00,53.00,-30.00,-3.12,100,100,0.00,0,0.00,0.00,0.00,0.25,0.00,0.00,0,24
32773,ON,10,0,0.00,53.00,-30.00,-3.12,100,100,0.00,0,0.00,0.00,0.00,0.25,0.00,0.00,0,24
32883,ON,10,0,0.00,53.00,-30.00,-3.12,100,100,0.00,0,0.00,0.00,0.00,0.25,0.00,0.00,0,24
32991,ON,10,0,0.00,53.00,-30.00,-3.12,100,100,0.00,0,0.00,0.00,0.00,0.25,0.00,0.00,0,24
33098,ON,10,0,0.00,53.00,-30.00,-3.12,100,100,0.00,0,0.00,0.00,0.00,0.25,0.00,0.00,0,24
33206,ON,10,0,0.00,53.00,-30.00,-3.12,100,100,0.00,0,0.00,0.00,0.00,0.25,0.00,0.00,0,24
33313,ON,10,0,0.00,53.00,-30.00,-3.12,100,100,0.00,0,0.00,0.00,0.00,0.25,0.00,0.00,0,24
33421,ON,10,0,0.00,53.00,-30.00,-3.12,100,100,0.00,0,0.00,0.00,0.00,0.25,0.00,0.00,0,24
33531,ON,10,0,0.00,53.00,-30.00,-3.12,100,100,0.00,0,0.00,0.00,0.00,0.25,0.00,0.00,0,24
33639,ON,10,0,0.00,53.00,-30.00,-3.12,100,100,0.00,0,0.00,0.00,0.00,0.25,0.00,0.00,0,24
33746,ON,10,0,0.00,53.00,-30.00,-3.12,100,100,0.00,0,0.00,0.00,0.00,0.25,0.00,0.00,0,24
33854,ON,10,0,0.00,53.00,-30.00,-3.12,100,100,0.00,0,0.00,0.00,0.00,0.25,0.00,0.00,0,24
33962,ON,10,0,0.00,53.00,-30.00,-3.12,100,100,0.00,0,0.00,0.00,0.00,0.25,0.00,0.00,0,24
34069,ON,10,0,0.00,53.00,-30.00,-3.12,100,100,0.00,0,0.00,0.00,0.00,0.25,0.00,0.00,0,24
34180,ON,10,0,0.00,53.00,-30.00,-3.12,100,100,0.00,0,0.00,0.00,0.00,0.25,0.00,0.00,0,24
34287,ON,10,0,0.00,53.00,-30.00,-3.12,100,100,0.00,0,0.00,0.00,0.00,0.25,0.00,0.00,0,24
34395,ON,10,0,0.00,53.00,-30.00,-3.12,100,100,0.00,0,0.00,0.00,0.00,0.25,0.00,0.00,0,24
34503,ON,10,0,0.00,53.00,-30.00,-3.12,100,100,0.00,0,0.00,0.00,0.00,0.25,0.00,0.00,0,24
34610,ON,10,0,0.00,53.00,-30.00,-3.12,100,100,0.00,0,0.00,0.00,0.00,0.25,0.00,0.00,0,24
34718,ON,10,0,0.00,53.00,-30.00,-3.12,100,100,0.00,0,0.00,0.00,0.00,0.25,0.00,0.00,0,24
34828,ON,10,0,0.00,53.00,-30.00,-3.12,100,100,0.00,0,0.00,0.00,0.00,0.25,0.00,0.00,0,24
34935,ON,10,0,0.00,53.00,-30.00,-3.12,100,100,0.00,0,0.00,0.00,0.00,0.25,0.00,0.00,0,24
35043,ON,10,0,0.00,53.00,-30.00,-3.12,100,100,0.00,0,0.00,0.00,0.00,0.25,0.00,0.00,0,24
35151,ON,10,0,0.00,53.00,-30.00,-3.12,100,100,0.00,0,0.00,0.00,0.00,0.25,0.00,0.00,0,24
35258,ON,10,0,0.00,53.00,-30.00,-3.12,100,100,0.00,0,0.00,0.00,0.00,0.25,0.00,0.00,0,24
35366,ON,10,0,0.00,53.00,-30.00,-3.12,100,100,0.00,0,0.00,0.00,0.00,0.25,0.00,0.00,0,24
35476,ON,10,0,0.00,53.00,-30.00,-3.12,100,100,0.00,0,0.00,0.00,0.00,0.25,0.00,0.00,0,24
35584,ON,10,0,0.00,53.00,-30.00,-3.12,100,100,0.00,0,0.00,0.00,0.00,0.25,0.00,0.00,0,24
35691,ON,10,0,0.00,53.00,-30.00,-3.12,100,100,0.00,0,0.00,0.00,0.00,0.25,0.00,0.00,0,24
35799,ON,10,0,0.00,53.00,-30.00,-3.12,100,100,0.00,0,0.00,0.00,0.00,0.25,0.00,0.00,0,24
35907,ON,10,0,0.00,53.00,-30.00,-3.12,100,100,0.00,0,0.00,0.00,0.00,0.25,0.00,0.00,0,24
36014,ON,10,0,0.00,53.00,-30.00,-3.12,100,100,0.00,0,0.00,0.00,0.00,0.25,0.00,0.00,0,24
36124,ON,10,0,0.00,53.00,-30.00,-3.12,100,100,0.00,0,0.00,0.00,0.00,0.25,0.00,0.00,0,24
36232,ON,10,0,0.00,53.00,-30.00,-3.12,100,100,0.00,0,0.00,0.00,0.00,0.25,0.00,0.00,0,24
36340,ON,10,0,0.00,53.00,-30.00,-3.12,100,100,0.00,0,0.00,0.00,0.00,0.25,0.00,0.00,0,24
36447,ON,10,0,0.00,53.00,-30.00,-3.12,100,100,0.00,0,0.00,0.00,0.00,0.25,0.00,0.00,0,24
36555,ON,10,0,0.00,53.00,-30.00,-3.12,100,100,0.00,0,0.00,0.00,0.00,0.25,0.00,0.00,0,24
36662,ON,10,0,0.00,53.00,-30.00,-3.12,100,100,0.00,0,0.00,0.00,0.00,0.25,0.00,0.00,0,24
36773,ON,10,0,0.00,53.00,-30.00,-3.12,100,100,0.00,0,0.00,0.00,0.00,0.25,0.00,0.00,0,24
36880,ON,10,0,0.00,53.00,-30.00,-3.12,100,100,0.00,0,0.00,0.00,0.00,0.25,0.00,0.00,0,24
36988,ON,10,0,0.00,53.00,-30.00,-3.12,100,100,0.00,0,0.00,0.00,0.00,0.25,0.00,0.00,0,24
37096,ON,10,0,0.00,53.00,-30.00,-3.12,100,100,0.00,0,0.00,0.00,0.00,0.25,0.00,0.00,0,24
37203,ON,10,0,0.00,53.00,-30.00,-3.12,100,100,0.00,0,0.00,0.00,0.00,0.25,0.00,0.00,0,24
37311,ON,10,0,0.00,53.00,-30.00,-3.12,100,100,0.00,0,0.00,0.00,0.00,0.25,0.00,0.00,0,24
37421,ON,10,0,0.00,53.00,-30.00,-3.12,100,100,0.00,0,0.00,0.00,0.00,0.25,0.00,0.00,0,24
37528,ON,10,0,0.00,53.00,-30.00,-3.12,100,100,0.00,0,0.00,0.00,0.00,0.25,0.00,0.00,0,24
37636,ON,10,0,0.00,53.00,-30.00,-3.12,100,100,0.00,0,0.00,0.00,0.00,0.25,0.00,0.00,0,24
37744,ON,10,0,0.00,53.00,-30.00,-3.12,100,100,0.00,0,0.00,0.00,0.00,0.25,0.00,0.00,0,24
37851,ON,10,0,0.00,53.00,-30.00,-3.12,100,100,0.00,0,0.00,0.00,0.00,0.25,0.00,0.00,0,24
37959,ON,10,0,0.00,53.00,-30.00,-3.12,100,100,0.00,0,0.00,0.00,0.00,0.25,0.00,0.00,0,24
38069,ON,10,0,0.00,53.00,-30.00,-3.12,100,100,0.00,0,0.00,0.00,0.00,0.25,0.00,0.00,0,24
38176,ON,10,0,0.00,53.00,-30.00,-3.12,100,100,0.00,0,0.00,0.00,0.00,0.25,0.00,0.00,0,24
38284,ON,10,0,0.00,53.00,-30.00,-3.12,100,100,0.00,0,0.00,0.00,0.00,0.25,0.00,0.00,0,24
38392,ON,10,0,0.00,53.00,-30.00,-3.12,100,100,0.00,0,0.00,0.00,0.00,0.25,0.00,0.00,0,24
38499,ON,10,0,0.00,53.00,-30.00,-3.12,100,100,0.00,0,0.00,0.00,0.00,0.25,0.00,0.00,0,24
38607,ON,10,0,0.00,53.00,-30.00,-3.12,100,100,0.00,0,0.00,0.00,0.00,0.25,0.00,0.00,0,24
38717,ON,10,0,0.00,53.00,-30.00,-3.12,100,100,0.00,0,0.00,0.00,0.00,0.25,0.00,0.00,0,24
38825,ON,10,0,0.00,53.00,-30.00,-3.12,100,100,0.00,0,0.00,0.00,0.00,0.25,0.00,0.00,0,24
38932,ON,10,0,0.00,53.00,-30.00,-3.12,100,100,0.00,0,0.00,0.00,0.00,0.25,0.00,0.00,0,24
39040,ON,10,0,0.00,53.00,-30.00,-3.12,100,100,0.00,0,0.00,0.00,0.00,0.25,0.00,0.00,0,24
39147,ON,10,0,0.00,53.00,-30.00,-3.12,100,100,0.00,0,0.00,0.00,0.00,0.25,0.00,0.00,0,24
39255,ON,10,0,0.00,53.00,-30.00,-3.12,100,100,0.00,0,0.00,0.00,0.00,0.25,0.00,0.00,0,24
39365,ON,10,0,0.00,53.00,-30.00,-3.12,100,100,0.00,0,0.00,0.00,0.00,0.25,0.00,0.00,0,24
39473,ON,10,0,0.00,53.00,-30.00,-3.12,100,100,0.00,0,0.00,0.00,0.00,0.25,0.00,0.00,0,24
39581,ON,10,0,0.00,53.00,-30.00,-3.12,100,100,0.00,0,0.00,0.00,0.00,0.25,0.00,0.00,0,24
39688,ON,10,0,0.00,53.00,-30.00,-3.12,100,100,0.00,0,0.00,0.00,0.00,0.25,0.00,0.00,0,24
39796,ON,10,0,0.00,53.00,-30.00,-3.12,100,100,0.00,0,0.00,0.00,0.00,0.25,0.00,0.00,0,24
39904,ON,10,0,0.00,53.00,-30.00,-3.12,100,100,0.00,0,0.00,0.00,0.00,0.25,0.00,0.00,0,24
40013,ON,10,0,0.00,53.00,-30.00,-3.12,100,100,0.00,0,0.00,0.00,0.00,0.25,0.00,0.00,0,24
40121,ON,10,0,0.00,53.00,-30.00,-3.12,100,100,0.00,0,0.00,0.00,0.00,0.25,0.00,0.00,0,24
40229,ON,10,0,0.00,53.00,-30.00,-3.12,100,100,0.00,0,0.00,0.00,0.00,0.25,0.00,0.00,0,24
40336,ON,10,0,0.00,53.00,-30.00,-3.12,100,100,0.00,0,0.00,0.00,0.00,0.25,0.00,0.00,0,24
40444,ON,10,0,0.00,53.00,-30.00,-3.12,100,100,0.00,0,0.00,0.00,0.00,0.25,0.00,0.00,0,24
40552,ON,10,0,0.00,53.00,-30.00,-3.12,100,100,0.00,0,0.00,0.00,0.00,0.25,0.00,0.00,0,24
40662,ON,10,0,0.00,53.00,-30.00,-3.12,100,100,0.00,0,0.00,0.00,0.00,0.25,0.00,0.00,0,24
40769,ON,10,0,0.00,53.00,-30.00,-3.12,100,100,0.00,0,0.00,0.00,0.00,0.25,0.00,0.00,0,24
40877,ON,10,0,0.00,53.00,-30.00,-3.12,100,100,0.00,0,0.00,0.00,0.00,0.25,0.00,0.00,0,24
40984,ON,10,0,0.00,53.00,-30.00,-3.12,100,100,0.00,0,0.00,0.00,0.00,0.25,0.00,0.00,0,24
41092,ON,10,0,0.00,53.00,-30.00,-3.12,100,100,0.00,0,0.00,0.00,0.00,0.25,0.00,0.00,0,24
41200,ON,10,0,0.00,53.00,-30.00,-3.12,100,100,0.00,0,0.00,0.00,0.00,0.25,0.00,0.00,0,24
41311,ON,10,0,0.00,53.00,-30.00,-3.12,100,100,0.00,0,0.00,0.00,0.00,0.25,0.00,0.00,0,24
41419,ON,10,0,0.00,53.00,-30.00,-3.12,100,100,0.00,0,0.00,0.00,0.00,0.25,0.00,0.00,0,24
41526,ON,10,0,0.00,53.00,-30.00,-3.12,100,100,0.00,0,0.00,0.00,0.00,0.25,0.00,0.00,0,24
41634,ON,10,0,0.00,53.00,-30.00,-3.12,100,100,0.00,0,0.00,0.00,0.00,0.25,0.00,0.00,0,24
41742,ON,10,0,0.00,53.00,-30.00,-3.12,100,100,0.00,0,0.00,0.00,0.00,0.25,0.00,0.00,0,24
41852,ON,10,0,0.00,53.00,-30.00,-3.12,100,100,0.00,0,0.00,0.00,0.00,0.25,0.00,0.00,0,24
41959,ON,10,0,0.00,53.00,-30.00,-3.12,100,100,0.00,0,0.00,0.00,0.00,0.25,0.00,0.00,0,24
42067,ON,10,0,0.00,53.00,-30.00,-3.12,100,100,0.00,0,0.00,0.00,0.00,0.25,0.00,0.00,0,24
42175,ON,10,0,0.00,53.00,-30.00,-3.12,100,100,0.00,0,0.00,0.00,0.00,0.25,0.00,0.00,0,24
42282,ON,10,0,0.00,53.00,-30.00,-3.12,100,100,0.00,0,0.00,0.00,0.00,0.25,0.00,0.00,0,24
42390,ON,10,0,0.00,53.00,-30.00,-3.12,100,100,0.00,0,0.00,0.00,0.00,0.25,0.00,0.00,0,24
42500,ON,10,0,0.00,53.00,-30.00,-3.12,100,100,0.00,0,0.00,0.00,0.00,0.25,0.00,0.00,0,24
42608,ON,10,0,0.00,53.00,-30.00,-3.12,100,100,0.00,0,0.00,0.00,0.00,0.25,0.00,0.00,0,24
42715,ON,10,0,0.00,53.00,-30.00,-3.12,100,100,0.00,0,0.00,0.00,0.00,0.25,0.00,0.00,0,24
42823,ON,10,0,0.00,53.00,-30.00,-3.12,100,100,0.00,0,0.00,0.00,0.00,0.25,0.00,0.00,0,24
42930,ON,10,0,0.00,53.00,-30.00,-3.12,100,100,0.00,0,0.00,0.00,0.00,0.25,0.00,0.00,0,24
43038,ON,10,0,0.00,53.00,-30.00,-3.12,100,100,0.00,0,0.00,0.00,0.00,0.25,0.00,0.00,0,24
43148,ON,10,0,0.00,53.00,-30.00,-3.12,100,100,0.00,0,0.00,0.00,0.00,0.25,0.00,0.00,0,24
43256,ON,10,0,0.00,53.00,-30.00,-3.12,100,100,0.00,0,0.00,0.00,0.00,0.25,0.00,0.00,0,24
43363,ON,10,0,0.00,53.00,-30.00,-3.12,100,100,0.00,0,0.00,0.00,0.00,0.25,0.00,0.00,0,24
43471,ON,10,0,0.00,53.00,-30.00,-3.12,100,100,0.00,0,0.00,0.00,0.00,0.25,0.00,0.00,0,24
43579,ON,10,0,0.00,53.00,-30.00,-3.12,100,100,0.00,0,0.00,0.00,0.00,0.25,0.00,0.00,0,24
43686,ON,10,0,0.00,53.00,-30.00,-3.12,100,100,0.00,0,0.00,0.00,0.00,0.25,0.00,0.00,0,24
43796,ON,10,0,0.00,53.00,-30.00,-3.12,100,100,0.00,0,0.00,0.00,0.00,0.25,0.00,0.00,0,24
43904,ON,10,0,0.00,53.00,-30.00,-3.12,100,100,0.00,0,0.00,0.00,0.00,0.25,0.00,0.00,0,24
44012,ON,10,0,0.00,53.00,-30.00,-3.12,100,100,0.00,0,0.00,0.00,0.00,0.25,0.00,0.00,0,24
44119,ON,10,0,0.00,53.00,-30.00,-3.12,100,100,0.00,0,0.00,0.00,0.00,0.25,0.00,0.00,0,24
44227,ON,10,0,0.00,53.00,-30.00,-3.12,100,100,0.00,0,0.00,0.00,0.00,0.25,0.00,0.00,0,24
44335,ON,10,0,0.00,53.00,-30.00,-3.12,100,100,0.00,0,0.00,0.00,0.00,0.25,0.00,0.00,0,24
44445,ON,10,0,0.00,53.00,-30.00,-3.12,100,100,0.00,0,0.00,0.00,0.00,0.25,0.00,0.00,0,24
44553,ON,10,0,0.00,53.00,-30.00,-3.12,100,100,0.00,0,0.00,0.00,0.00,0.25,0.00,0.00,0,24
44660,ON,10,0,0.00,53.00,-30.00,-3.12,100,100,0.00,0,0.00,0.00,0.00,0.25,0.00,0.00,0,24
44768,ON,10,0,0.00,53.00,-30.00,-3.12,100,100,0.00,0,0.00,0.00,0.00,0.25,0.00,0.00,0,24
44875,ON,10,0,0.00,53.00,-30.00,-3.12,100,100,0.00,0,0.00,0.00,0.00,0.25,0.00,0.00,0,24
44983,ON,10,0,0.00,53.00,-30.00,-3.12,100,100,0.00,0,0.00,0.00,0.00,0.25,0.00,0.00,0,24
45093,ON,10,0,0.00,53.00,-30.00,-3.12,100,100,0.00,0,0.00,0.00,0.00,0.25,0.00,0.00,0,24
45201,ON,10,0,0.00,53.00,-30.00,-3.12,100,100,0.00,0,0.00,0.00,0.00,0.25,0.00,0.00,0,24
45308,ON,10,0,0.00,53.00,-30.00,-3.12,100,100,0.00,0,0.00,0.00,0.00,0.25,0.00,0.00,0,24
45416,ON,10,0,0.00,53.00,-30.00,-3.12,100,100,0.00,0,0.00,0.00,0.00,0.25,0.00,0.00,0,24
45524,ON,10,0,0.00,53.00,-30.00,-3.12,100,100,0.00,0,0.00,0.00,0.00,0.25,0.00,0.00,0,24
45631,ON,10,0,0.00,53.00,-30.00,-3.12,100,100,0.00,0,0.00,0.00,0.00,0.25,0.00,0.00,0,24
45741,ON,10,0,0.00,53.00,-30.00,-3.12,100,100,0.00,0,0.00,0.00,0.00,0.25,0.00,0.00,0,24
45849,ON,10,0,0.00,53.00,-30.00,-3.12,100,100,0.00,0,0.00,0.00,0.00,0.25,0.00,0.00,0,24
45957,ON,10,0,0.00,53.00,-30.00,-3.12,100,100,0.00,0,0.00,0.00,0.00,0.25,0.00,0.00,0,24
46064,ON,10,0,0.00,53.00,-30.00,-3.12,100,100,0.00,0,0.00,0.00,0.00,0.25,0.00,0.00,0,24
46172,ON,10,0,0.00,53.00,-30.00,-3.12,100,100,0.00,0,0.00,0.00,0.00,0.25,0.00,0.00,0,24
46279,ON,10,0,0.00,53.00,-30.00,-3.12,100,100,0.00,0,0.00,0.00,0.00,0.25,0.00,0.00,0,24
46389,ON,10,0,0.00,53.00,-30.00,-3.12,100,100,0.00,0,0.00,0.00,0.00,0.25,0.00,0.00,0,24
46497,ON,10,0,0.00,53.00,-30.00,-3.12,100,100,0.00,0,0.00,0.00,0.00,0.25,0.00,0.00,0,24
46605,ON,10,0,0.00,53.00,-30.00,-3.12,100,100,0.00,0,0.00,0.00,0.00,0.25,0.00,0.00,0,24
46712,ON,10,0,0.00,53.00,-30.00,-3.12,100,100,0.00,0,0.00,0.00,0.00,0.25,0.00,0.00,0,24
46820,ON,10,0,0.00,53.00,-30.00,-3.12,100,100,0.00,0,0.00,0.00,0.00,0.25,0.00,0.00,0,24
46928,ON,10,0,0.00,53.00,-30.00,-3.12,100,100,0.00,0,0.00,0.00,0.00,0.25,0.00,0.00,0,24
47038,ON,10,0,0.00,53.00,-30.00,-3.12,100,100,0.00,0,0.00,0.00,0.00,0.25,0.00,0.00,0,24
47145,ON,10,0,0.00,53.00,-30.00,-3.12,100,100,0.00,0,0.00,0.00,0.00,0.25,0.00,0.00,0,24
47253,ON,10,0,0.00,53.00,-30.00,-3.12,100,100,0.00,0,0.00,0.00,0.00,0.25,0.00,0.00,0,24
47361,ON,10,0,0.00,53.00,-30.00,-3.12,100,100,0.00,0,0.00,0.00,0.00,0.25,0.00,0.00,0,24
47468,ON,10,0,0.00,53.00,-30.00,-3.12,100,100,0.00,0,0.00,0.00,0.00,0.25,0.00,0.00,0,24
47576,ON,10,0,0.00,53.00,-30.00,-3.12,100,100,0.00,0,0.00,0.00,0.00,0.25,0.00,0.00,0,24
47686,ON,10,0,0.00,53.00,-30.00,-3.12,100,100,0.00,0,0.00,0.00,0.00,0.25,0.00,0.00,0,24
47794,ON,10,0,0.00,53.00,-30.00,-3.12,100,100,0.00,0,0.00,0.00,0.00,0.25,0.00,0.00,0,24
47901,ON,10,0,0.00,53.00,-30.00,-3.12,100,100,0.00,0,0.00,0.00,0.00,0.25,0.00,0.00,0,24
48009,ON,10,0,0.00,53.00,-30.00,-3.12,100,100,0.00,0,0.00,0.00,0.00,0.25,0.00,0.00,0,24
48116,ON,10,0,0.00,53.00,-30.00,-3.12,100,100,0.00,0,0.00,0.00,0.00,0.25,0.00,0.00,0,24
48224,ON,10,0,0.00,53.00,-30.00,-3.12,100,100,0.00,0,0.00,0.00,0.00,0.25,0.00,0.00,0,24
48334,ON,10,0,0.00,53.00,-30.00,-3.12,100,100,0.00,0,0.00,0.00,0.00,0.25,0.00,0.00,0,24
48442,ON,10,0,0.00,53.00,-30.00,-3.12,100,100,0.00,0,0.00,0.00,0.00,0.25,0.00,0.00,0,24
48549,ON,10,0,0.00,53.00,-30.00,-3.12,100,100,0.00,0,0.00,0.00,0.00,0.25,0.00,0.00,0,24
48657,ON,10,0,0.00,53.00,-30.00,-3.12,100,100,0.00,0,0.00,0.00,0.00,0.25,0.00,0.00,0,24
48765,ON,10,0,0.00,53.00,-30.00,-3.12,100,100,0.00,0,0.00,0.00,0.00,0.25,0.00,0.00,0,24
48872,ON,10,0,0.00,53.00,-30.00,-3.12,100,100,0.00,0,0.00,0.00,0.00,0.25,0.00,0.00,0,24
48982,ON,10,0,0.00,53.00,-30.00,-3.12,100,100,0.00,0,0.00,0.00,0.00,0.25,0.00,0.00,0,24
49090,ON,10,0,0.00,53.00,-30.00,-3.12,100,100,0.00,0,0.00,0.00,0.00,0.25,0.00,0.00,0,24
49197,ON,10,0,0.00,53.00,-30.00,-3.12,100,100,0.00,0,0.00,0.00,0.00,0.25,0.00,0.00,0,24
49305,ON,10,0,0.00,53.00,-30.00,-3.12,100,100,0.00,0,0.00,0.00,0.00,0.25,0.00,0.00,0,24
49413,ON,10,0,0.00,53.00,-30.00,-3.12,100,100,0.00,0,0.00,0.00,0.00,0.25,0.00,0.00,0,24
49520,ON,10,0,0.00,53.00,-30.00,-3.12,100,100,0.00,0,0.00,0.00,0.00,0.25,0.00,0.00,0,24
49631,ON,10,0,0.00,53.00,-30.00,-3.12,100,100,0.00,0,0.00,0.00,0.00,0.25,0.00,0.00,0,24
49738,ON,10,0,0.00,53.00,-30.00,-3.12,100,100,0.00,0,0.00,0.00,0.00,0.25,0.00,0.00,0,24
49846,ON,10,0,0.00,53.00,-30.00,-3.12,100,100,0.00,0,0.00,0.00,0.00,0.25,0.00,0.00,0,24
49954,ON,10,0,0.00,53.00,-30.00,-3.12,100,100,0.00,0,0.00,0.00,0.00,0.25,0.00,0.00,0,24
50061,ON,10,0,0.00,53.00,-30.00,-3.12,100,100,0.00,0,0.00,0.00,0.00,0.25,0.00,0.00,0,24
50169,ON,10,0,0.00,53.00,-30.00,-3.12,100,100,0.00,0,0.00,0.00,0.00,0.25,0.00,0.00,0,24
50279,ON,10,0,0.00,53.00,-30.00,-3.12,100,100,0.00,0,0.00,0.00,0.00,0.25,0.00,0.00,0,24
50386,ON,10,0,0.00,53.00,-30.00,-3.12,100,100,0.00,0,0.00,0.00,0.00,0.25,0.00,0.00,0,24
50494,ON,10,0,0.00,53.00,-30.00,-3.12,100,100,0.00,0,0.00,0.00,0.00,0.25,0.00,0.00,0,24
50602,ON,10,0,0.00,53.00,-30.00,-3.12,100,100,0.00,0,0.00,0.00,0.00,0.25,0.00,0.00,0,24
50709,ON,10,0,0.00,53.00,-30.00,-3.12,100,100,0.00,0,0.00,0.00,0.00,0.25,0.00,0.00,0,24
50817,ON,10,0,0.00,53.00,-30.00,-3.12,100,100,0.00,0,0.00,0.00,0.00,0.25,0.00,0.00,0,24
50927,ON,10,0,0.00,53.00,-30.00,-3.12,100,100,0.00,0,0.00,0.00,0.00,0.25,0.00,0.00,0,24
51035,ON,10,0,0.00,53.00,-30.00,-3.12,100,100,0.00,0,0.00,0.00,0.00,0.25,0.00,0.00,0,24
51142,ON,10,0,0.00,53.00,-30.00,-3.12,100,100,0.00,0,0.00,0.00,0.00,0.25,0.00,0.00,0,24
51250,ON,10,0,0.00,53.00,-30.00,-3.12,100,100,0.00,0,0.00,0.00,0.00,0.25,0.00,0.00,0,24
51358,ON,10,0,0.00,53.00,-30.00,-3.12,100,100,0.00,0,0.00,0.00,0.00,0.25,0.00,0.00,0,24
51465,ON,10,0,0.00,53.00,-30.00,-3.12,100,100,0.00,0,0.00,0.00,0.00,0.25,0.00,0.00,0,24
51575,ON,10,0,0.00,53.00,-30.00,-3.12,100,100,0.00,0,0.00,0.00,0.00,0.25,0.00,0.00,0,24
51683,ON,10,0,0.00,53.00,-30.00,-3.12,100,100,0.00,0,0.00,0.00,0.00,0.25,0.00,0.00,0,24
51790,ON,10,0,0.00,53.00,-30.00,-3.12,100,100,0.00,0,0.00,0.00,0.00,0.25,0.00,0.00,0,24
51898,ON,10,0,0.00,53.00,-30.00,-3.12,100,100,0.00,0,0.00,0.00,0.00,0.25,0.00,0.00,0,24
52006,ON,10,0,0.00,53.00,-30.00,-3.12,100,100,0.00,0,0.00,0.00,0.00,0.25,0.00,0.00,0,24
52113,ON,10,0,0.00,53.00,-30.00,-3.12,100,100,0.00,0,0.00,0.00,0.00,0.25,0.00,0.00,0,24
52224,ON,10,0,0.00,53.00,-30.00,-3.12,100,100,0.00,0,0.00,0.00,0.00,0.25,0.00,0.00,0,24
52331,ON,10,0,0.00,53.00,-30.00,-3.12,100,100,0.00,0,0.00,0.00,0.00,0.25,0.00,0.00,0,24
52439,ON,10,0,0.00,53.00,-30.00,-3.12,100,100,0.00,0,0.00,0.00,0.00,0.25,0.00,0.00,0,24
52546,ON,10,0,0.00,53.00,-30.00,-3.12,100,100,0.00,0,0.00,0.00,0.00,0.25,0.00,0.00,0,24
52654,ON,10,0,0.00,53.00,-30.00,-3.12,100,100,0.00,0,0.00,0.00,0.00,0.25,0.00,0.00,0,24
52762,ON,10,0,0.00,53.00,-30.00,-3.12,100,100,0.00,0,0.00,0.00,0.00,0.25,0.00,0.00,0,24
52872,ON,10,0,0.00,53.00,-30.00,-3.12,100,100,0.00,0,0.00,0.00,0.00,0.25,0.00,0.00,0,24
52979,ON,10,0,0.00,53.00,-30.00,-3.12,100,100,0.00,0,0.00,0.00,0.00,0.25,0.00,0.00,0,24
53087,ON,10,0,0.00,53.00,-30.00,-3.12,100,100,0.00,0,0.00,0.00,0.00,0.25,0.00,0.00,0,24
53195,ON,10,0,0.00,53.00,-30.00,-3.12,100,100,0.00,0,0.00,0.00,0.00,0.25,0.00,0.00,0,24
53302,ON,10,0,0.00,53.00,-30.00,-3.12,100,100,0.00,0,0.00,0.00,0.00,0.25,0.00,0.00,0,24
53410,ON,10,0,0.00,53.00,-30.00,-3.12,100,100,0.00,0,0.00,0.00,0.00,0.25,0.00,0.00,0,24
53520,ON,10,0,0.00,53.00,-30.00,-3.12,100,100,0.00,0,0.00,0.00,0.00,0.25,0.00,0.00,0,24
53627,ON,10,0,0.00,53.00,-30.00,-3.12,100,100,0.00,0,0.00,0.00,0.00,0.25,0.00,0.00,0,24
53735,ON,10,0,0.00,53.00,-30.00,-3.12,100,100,0.00,0,0.00,0.00,0.00,0.25,0.00,0.00,0,24
53843,ON,10,0,0.00,53.00,-30.00,-3.12,100,100,0.00,0,0.00,0.00,0.00,0.25,0.00,0.00,0,24
53950,ON,10,0,0.00,53.00,-30.00,-3.12,100,100,0.00,0,0.00,0.00,0.00,0.25,0.00,0.00,0,24
54058,ON,10,0,0.00,53.00,-30.00,-3.12,100,100,0.00,0,0.00,0.00,0.00,0.25,0.00,0.00,0,24
54168,ON,10,0,0.00,53.00,-30.00,-3.12,100,100,0.00,0,0.00,0.00,0.00,0.25,0.00,0.00,0,24
54276,ON,10,0,0.00,53.00,-30.00,-3.12,100,100,0.00,0,0.00,0.00,0.00,0.25,0.00,0.00,0,24
54383,ON,10,0,0.00,53.00,-30.00,-3.12,100,100,0.00,0,0.00,0.00,0.00,0.25,0.00,0.00,0,24
54491,ON,10,0,0.00,53.00,-30.00,-3.12,100,100,0.00,0,0.00,0.00,0.00,0.25,0.00,0.00,0,24
54599,ON,10,0,0.00,53.00,-30.00,-3.12,100,100,0.00,0,0.00,0.00,0.00,0.25,0.00,0.00,0,24
54706,ON,10,0,0.00,53.00,-30.00,-3.12,100,100,0.00,0,0.00,0.00,0.00,0.25,0.00,0.00,0,24
54816,ON,10,0,0.00,53.00,-30.00,-3.12,100,100,0.00,0,0.00,0.00,0.00,0.25,0.00,0.00,0,24
54924,ON,10,0,0.00,53.00,-30.00,-3.12,100,100,0.00,0,0.00,0.00,0.00,0.25,0.00,0.00,0,24
55032,ON,10,0,0.00,53.00,-30.00,-3.12,100,100,0.00,0,0.00,0.00,0.00,0.25,0.00,0.00,0,24
55139,ON,10,0,0.00,53.00,-30.00,-3.12,100,100,0.00,0,0.00,0.00,0.00,0.25,0.00,0.00,0,24
55247,ON,10,0,0.00,53.00,-30.00,-3.12,100,100,0.00,0,0.00,0.00,0.00,0.25,0.00,0.00,0,24
55355,ON,10,0,0.00,53.00,-30.00,-3.12,100,100,0.00,0,0.00,0.00,0.00,0.25,0.00,0.00,0,24
55465,ON,10,0,0.00,53.00,-30.00,-3.12,100,100,0.00,0,0.00,0.00,0.00,0.25,0.00,0.00,0,24
55572,ON,10,0,0.00,53.00,-30.00,-3.12,100,100,0.00,0,0.00,0.00,0.00,0.25,0.00,0.00,0,24
55680,ON,10,0,0.00,53.00,-30.00,-3.12,100,100,0.00,0,0.00,0.00,0.00,0.25,0.00,0.00,0,24
55787,ON,10,0,0.00,53.00,-30.00,-3.12,100,100,0.00,0,0.00,0.00,0.00,0.25,0.00,0.00,0,24
55895,ON,10,0,0.00,53.00,-30.00,-3.12,100,100,0.00,0,0.00,0.00,0.00,0.25,0.00,0.00,0,24
56003,ON,10,0,0.00,53.00,-30.00,-3.12,100,100,0.00,0,0.00,0.00,0.00,0.25,0.00,0.00,0,24
56113,ON,10,0,0.00,53.00,-30.00,-3.12,100,100,0.00,0,0.00,0.00,0.00,0.25,0.00,0.00,0,24
56220,ON,10,0,0.00,53.00,-30.00,-3.12,100,100,0.00,0,0.00,0.00,0.00,0.25,0.00,0.00,0,24
56328,ON,10,0,0.00,53.00,-30.00,-3.12,100,100,0.00,0,0.00,0.00,0.00,0.25,0.00,0.00,0,24
56436,ON,10,0,0.00,53.00,-30.00,-3.12,100,100,0.00,0,0.00,0.00,0.00,0.25,0.00,0.00,0,24
56543,ON,10,0,0.00,53.00,-30.00,-3.12,100,100,0.00,0,0.00,0.00,0.00,0.25,0.00,0.00,0,24
56651,ON,10,0,0.00,53.00,-30.00,-3.12,100,100,0.00,0,0.00,0.00,0.00,0.25,0.00,0.00,0,24
56761,ON,10,0,0.00,53.00,-30.00,-3.12,100,100,0.00,0,0.00,0.00,0.00,0.25,0.00,0.00,0,24
56869,ON,10,0,0.00,53.00,-30.00,-3.12,100,100,0.00,0,0.00,0.00,0.00,0.25,0.00,0.00,0,24
56976,ON,10,0,0.00,53.00,-30.00,-3.12,100,100,0.00,0,0.00,0.00,0.00,0.25,0.00,0.00,0,24
57084,ON,10,0,0.00,53.00,-30.00,-3.12,100,100,0.00,0,0.00,0.00,0.00,0.25,0.00,0.00,0,24
57191,ON,10,0,0.00,53.00,-30.00,-3.12,100,100,0.00,0,0.00,0.00,0.00,0.25,0.00,0.00,0,24
57299,ON,10,0,0.00,53.00,-30.00,-3.12,100,100,0.00,0,0.00,0.00,0.00,0.25,0.00,0.00,0,24
57410,ON,10,0,0.00,53.00,-30.00,-3.12,100,100,0.00,0,0.00,0.00,0.00,0.25,0.00,0.00,0,24
57517,ON,10,0,0.00,53.00,-30.00,-3.12,100,100,0.00,0,0.00,0.00,0.00,0.25,0.00,0.00,0,24
57625,ON,10,0,0.00,53.00,-30.00,-3.12,100,100,0.00,0,0.00,0.00,0.00,0.25,0.00,0.00,0,24
57732,ON,10,0,0.00,53.00,-30.00,-3.12,100,100,0.00,0,0.00,0.00,0.00,0.25,0.00,0.00,0,24
57840,ON,10,0,0.00,53.00,-30.00,-3.12,100,100,0.00,0,0.00,0.00,0.00,0.25,0.00,0.00,0,24
57948,ON,10,0,0.00,53.00,-30.00,-3.12,100,100,0.00,0,0.00,0.00,0.00,0.25,0.00,0.00,0,24
58058,ON,10,0,0.00,53.00,-30.00,-3.12,100,100,0.00,0,0.00,0.00,0.00,0.25,0.00,0.00,0,24
58165,ON,10,0,0.00,53.00,-30.00,-3.12,100,100,0.00,0,0.00,0.00,0.00,0.25,0.00,0.00,0,24
58273,ON,10,0,0.00,53.00,-30.00,-3.12,100,100,0.00,0,0.00,0.00,0.00,0.25,0.00,0.00,0,24
58381,ON,10,0,0.00,53.00,-30.00,-3.12,100,100,0.00,0,0.00,0.00,0.00,0.25,0.00,0.00,0,24
58488,ON,10,0,0.00,53.00,-30.00,-3.12,100,100,0.00,0,0.00,0.00,0.00,0.25,0.00,0.00,0,24
58596,ON,10,0,0.00,53.00,-30.00,-3.12,100,100,0.00,0,0.00,0.00,0.00,0.25,0.00,0.00,0,24
58706,ON,10,0,0.00,53.00,-30.00,-3.12,100,100,0.00,0,0.00,0.00,0.00,0.25,0.00,0.00,0,24
58814,ON,10,0,0.00,53.00,-30.00,-3.12,100,100,0.00,0,0.00,0.00,0.00,0.25,0.00,0.00,0,24
58921,ON,10,0,0.00,53.00,-30.00,-3.12,100,100,0.00,0,0.00,0.00,0.00,0.25,0.00,0.00,0,24
59029,ON,10,0,0.00,53.00,-30.00,-3.12,100,100,0.00,0,0.00,0.00,0.00,0.25,0.00,0.00,0,24
59136,ON,10,0,0.00,53.00,-30.00,-3.12,100,100,0.00,0,0.00,0.00,0.00,0.25,0.00,0.00,0,24
59244,ON,10,0,0.00,53.00,-30.00,-3.12,100,100,0.00,0,0.00,0.00,0.00,0.25,0.00,0.00,0,24
59354,ON,10,0,0.00,53.00,-30.00,-3.12,100,100,0.00,0,0.00,0.00,0.00,0.25,0.00,0.00,0,24
59462,ON,10,0,0.00,53.00,-30.00,-3.12,100,100,0.00,0,0.00,0.00,0.00,0.25,0.00,0.00,0,24
59569,ON,10,0,0.00,53.00,-30.00,-3.12,100,100,0.00,0,0.00,0.00,0.00,0.25,0.00,0.00,0,24
59677,ON,10,0,0.00,53.00,-30.00,-3.12,100,100,0.00,0,0.00,0.00,0.00,0.25,0.00,0.00,0,24
59785,ON,10,0,0.00,53.00,-30.00,-3.12,100,100,0.00,0,0.00,0.00,0.00,0.25,0.00,0.00,0,24
59892,ON,10,0,0.00,53.00,-30.00,-3.12,100,100,0.00,0,0.00,0.00,0.00,0.25,0.00,0.00,0,24
60003,ON,10,0,0.00,53.00,-30.00,-3.12,100,100,0.00,0,0.00,0.00,0.00,0.25,0.00,0.00,0,24
60110,ON,10,0,0.00,53.00,-30.00,-3.12,100,100,0.00,0,0.00,0.00,0.00,0.25,0.00,0.00,0,24
60218,ON,10,0,0.00,53.00,-30.00,-3.12,100,100,0.00,0,0.00,0.00,0.00,0.25,0.00,0.00,0,24
60325,ON,10,0,0.00,53.00,-30.00,-3.12,100,100,0.00,0,0.00,0.00,0.00,0.25,0.00,0.00,0,24
60433,ON,10,0,0.00,53.00,-30.00,-3.12,100,100,0.00,0,0.00,0.00,0.00,0.25,0.00,0.00,0,24
60541,ON,10,0,0.00,53.00,-30.00,-3.12,100,100,0.00,0,0.00,0.00,0.00,0.25,0.00,0.00,0,24
60651,ON,10,0,0.00,53.00,-30.00,-3.12,100,100,0.00,0,0.00,0.00,0.00,0.25,0.00,0.00,0,24
60758,ON,10,0,0.00,53.00,-30.00,-3.12,100,100,0.00,0,0.00,0.00,0.00,0.25,0.00,0.00,0,24
60866,ON,10,0,0.00,53.00,-30.00,-3.12,100,100,0.00,0,0.00,0.00,0.00,0.25,0.00,0.00,0,24
