1138,OFF,0,0,0.00,-40.00,-40.00,-100.00,0,0,0.00,0,-64.00,0.00,0.00,0.00,-100.00,0.00,0,0
1255,ON,1,0,0.00,28.00,-40.00,-3.12,100,0,0.00,0,-64.00,0.00,0.00,0.00,-100.00,0.00,0,0
1365,ON,1,0,0.00,28.00,-30.00,-3.12,100,100,0.00,0,0.00,25.88,0.00,0.25,0.00,11.17,163,0
1474,ON,1,0,0.00,28.00,-30.00,-3.12,100,100,0.00,0,0.00,25.88,9.41,0.25,0.00,11.17,163,0
1583,ON,1,0,0.00,28.00,-30.00,-3.12,100,100,0.00,0,0.00,25.88,9.41,0.25,0.00,11.17,163,0
1691,ON,1,0,0.00,28.00,-30.00,-3.12,100,100,0.00,0,0.00,25.88,9.41,0.25,0.00,11.17,163,0
1802,ON,1,0,0.00,28.00,-30.00,-3.12,100,100,0.00,0,0.00,25.88,9.41,0.25,0.00,11.17,163,0
1911,ON,1,0,0.00,28.00,-30.00,-3.12,100,100,0.00,0,0.00,25.88,9.41,0.25,0.00,11.17,163,0
2020,ON,1,0,0.00,28.00,-30.00,-3.12,100,100,0.00,0,0.00,25.88,9.41,0.25,0.00,11.17,163,0
2129,ON,1,0,0.00,28.00,-30.00,-3.12,100,100,0.00,0,0.00,25.88,9.41,0.25,0.00,11.17,163,0
2238,ON,1,0,0.00,28.00,-30.00,-3.12,100,100,0.00,0,0.00,25.88,9.41,0.25,0.00,11.17,163,0
2347,ON,1,0,0.00,28.00,-30.00,-3.12,100,100,0.00,0,0.00,25.88,9.41,0.25,0.00,11.17,163,0
2458,ON,1,0,0.00,28.00,-30.00,-3.12,100,100,0.00,0,0.00,25.88,9.41,0.25,0.00,11.17,163,0
2567,ON,1,0,0.00,28.00,-30.00,-3.12,100,100,0.00,0,0.00,25.88,9.41,0.25,0.00,11.17,163,0
2676,ON,1,0,0.00,28.00,-30.00,-3.12,100,100,0.00,0,0.00,25.88,9.41,0.25,0.00,11.17,163,0
2785,ON,1,0,0.00,28.00,-30.00,-3.12,100,100,0.00,0,0.00,25.88,9.41,0.25,0.00,11.17,163,0
2894,ON,1,0,0.00,28.00,-30.00,-3.12,100,100,0.00,0,0.00,25.88,9.41,0.25,0.00,11.17,163,0
3003,ON,1,0,0.00,28.00,-30.00,-3.12,100,100,0.00,0,0.00,25.88,9.41,0.25,0.00,11.17,163,0
3114,ON,1,0,0.00,28.00,-30.00,-3.12,100,100,0.00,0,0.00,25.88,9.41,0.25,0.00,11.17,163,0
3223,ON,1,0,0.00,28.00,-30.00,-3.12,100,100,0.00,0,0.00,25.88,9.41,0.25,0.00,11.09,85,0
3332,ON,1,0,0.00,28.00,-30.00,-3.12,100,100,0.00,0,0.00,25.88,9.41,0.25,0.00,11.09,85,0
3440,ON,1,0,0.00,28.00,-30.00,-3.12,100,100,0.00,0,0.00,25.88,9.41,0.25,0.00,11.09,85,0
3550,ON,1,0,0.00,28.00,-30.00,-3.12,100,100,0.00,0,0.00,25.88,9.80,0.25,0.00,5.70,71,0
3660,ON,1,0,0.00,28.00,-30.00,-3.12,100,100,0.00,0,0.00,26.27,9.80,0.25,0.00,5.70,71,0
3772,ON,1,0,0.00,28.00,-30.00,-3.12,100,100,0.00,0,0.00,26.27,9.80,0.25,0.00,0.00,0,0
3881,ON,1,0,0.00,28.00,-30.00,-3.12,100,100,0.00,0,0.00,26.27,9.80,0.25,0.00,0.00,0,0
3991,ON,1,0,0.00,28.00,-30.00,-3.12,100,101,0.00,0,0.00,26.27,9.80,0.25,0.00,0.00,0,0
4100,ON,1,0,0.00,28.00,-30.00,-3.12,100,101,0.00,0,0.00,26.27,9.80,0.25,0.00,0.00,0,0
4210,ON,1,0,0.00,28.00,-30.00,-3.12,100,100,0.00,0,0.00,26.27,9.80,0.25,0.00,0.00,0,0
4319,ON,1,0,0.00,27.00,-30.00,-3.12,100,100,0.00,0,0.00,26.27,9.80,0.25,0.00,0.00,0,0
4431,ON,1,0,0.00,27.00,-30.00,-3.12,100,100,0.00,0,0.00,26.27,9.80,0.25,0.00,0.00,0,0
4541,ON,1,0,0.00,28.00,-30.00,-3.12,101,100,0.00,0,0.00,26.27,9.80,0.25,0.00,0.00,0,0
4650,ON,1,0,0.00,28.00,-30.00,-3.12,101,101,0.00,0,0.00,26.27,9.80,0.25,0.00,0.00,0,0
4760,ON,1,0,0.00,28.00,-30.00,-3.12,100,101,0.00,0,0.00,26.27,9.80,0.25,0.00,0.00,0,0
4869,ON,1,0,0.00,28.00,-30.00,-3.12,100,100,0.00,0,0.00,26.27,9.80,0.25,0.00,0.00,0,0
4979,ON,1,0,0.00,28.00,-30.00,-3.12,100,100,0.00,0,0.00,26.27,9.80,0.25,0.00,0.00,0,0
5091,ON,1,0,0.00,28.00,-30.00,-3.12,100,100,0.00,0,0.00,26.27,9.80,0.25,0.00,0.00,0,0
5201,ON,1,0,0.00,28.00,-30.00,-3.12,101,100,0.00,0,0.00,26.27,9.80,0.25,0.00,0.00,0,0
5310,ON,1,0,0.00,28.00,-30.00,-3.12,101,100,0.00,0,0.00,26.27,9.80,0.25,0.00,0.00,0,0
5420,ON,1,0,0.00,28.00,-30.00,-3.12,101,100,0.00,0,0.00,26.27,9.80,0.25,0.00,0.00,0,0
5530,ON,1,0,0.00,28.00,-30.00,-3.12,100,100,0.00,0,0.00,26.27,9.80,0.25,0.00,0.00,0,0
5639,ON,1,0,0.00,28.00,-30.00,-3.12,100,100,0.00,0,0.00,26.27,9.80,0.25,0.00,0.00,0,0
5751,ON,1,0,0.00,28.00,-30.00,-3.12,100,100,0.00,0,0.00,26.27,9.80,0.25,0.00,0.00,0,0
5861,ON,1,0,0.00,28.00,-30.00,-3.12,100,100,0.00,0,0.00,26.27,9.80,0.25,0.00,0.00,0,0
5970,ON,1,0,0.00,28.00,-30.00,-3.12,100,100,0.00,0,0.00,26.27,9.80,0.25,0.00,0.00,0,0
6080,ON,1,0,0.00,28.00,-30.00,-3.12,100,100,0.00,0,0.00,26.27,9.80,0.25,0.00,0.00,0,0
6189,ON,1,0,0.00,28.00,-30.00,-3.12,100,100,0.00,0,0.00,26.27,9.80,0.25,0.00,0.00,0,0
6299,ON,1,0,0.00,28.00,-30.00,-3.12,100,101,0.00,0,0.00,26.27,9.80,0.25,0.00,0.00,0,0
6411,ON,1,0,0.00,27.00,-30.00,-3.12,100,101,0.00,0,0.00,26.27,9.80,0.25,0.00,0.00,0,0
6520,ON,1,0,0.00,27.00,-30.00,-3.12,100,100,0.00,0,0.00,26.27,9.80,0.25,0.00,0.00,0,0
6630,ON,1,0,0.00,28.00,-30.00,-3.12,100,100,0.00,0,0.00,26.27,9.80,0.25,0.00,0.00,0,0
6739,ON,1,0,0.00,28.00,-30.00,-3.12,100,100,0.00,0,0.00,26.67,12.94,0.25,0.00,0.00,0,0
6850,ON,1,0,0.00,28.00,-30.00,-3.12,100,100,0.00,0,0.00,26.67,12.94,0.25,0.00,0.00,0,0
6960,ON,1,0,0.00,28.00,-30.00,-3.12,100,100,0.00,0,0.00,26.27,12.94,0.25,0.00,0.00,0,0
7072,ON,1,0,0.00,28.00,-30.00,-3.12,100,100,0.00,0,0.00,26.27,9.80,0.25,0.00,0.00,0,0
7181,ON,1,0,0.00,28.00,-30.00,-3.12,100,100,0.00,0,0.00,26.27,9.80,0.25,0.00,0.00,0,0
7291,ON,1,0,0.00,28.00,-30.00,-3.12,100,100,0.00,0,0.00,26.27,9.80,0.25,0.00,0.00,0,0
7401,ON,1,0,0.00,28.00,-30.00,-3.12,100,100,0.00,0,0.00,26.27,9.80,0.25,0.00,0.00,0,0
7510,ON,1,0,0.00,28.00,-30.00,-3.12,100,100,0.00,0,0.00,26.27,9.80,0.25,0.00,0.00,0,0
7620,ON,1,0,0.00,28.00,-30.00,-3.12,100,100,0.00,0,0.00,27.45,9.80,0.25,0.00,0.00,0,0
7732,ON,1,0,0.00,28.00,-30.00,-3.12,100,100,0.00,0,0.00,27.45,12.55,0.25,0.00,0.00,0,0
7843,ON,1,0,0.00,28.00,-30.00,-3.12,101,100,0.00,0,0.00,26.27,12.55,0.25,0.00,0.00,0,0
7953,ON,1,0,0.00,28.00,-30.00,-3.12,101,100,0.00,0,0.00,26.27,9.80,0.25,0.00,0.00,0,0
8062,ON,1,0,0.00,27.00,-30.00,-3.12,100,100,0.00,0,0.00,26.27,9.80,0.25,0.00,0.00,0,0
8172,ON,1,0,0.00,27.00,-30.00,-3.12,100,100,0.00,0,0.00,29.80,9.80,0.25,0.00,0.00,0,0
8281,ON,1,0,0.00,28.00,-30.00,-3.12,100,100,0.00,0,0.00,29.80,9.80,0.25,0.00,0.00,0,0
8393,ON,1,0,0.00,28.00,-30.00,-3.12,100,101,0.00,0,0.00,26.27,11.76,0.25,0.00,0.00,0,0
8504,ON,1,0,0.00,28.00,-30.00,-3.12,100,101,0.00,0,0.00,26.27,11.76,0.25,0.00,0.00,0,0
8614,ON,1,0,0.00,28.00,-30.00,-3.12,100,100,0.00,0,0.00,26.27,9.80,0.25,0.00,0.00,0,0
8723,ON,1,0,0.00,27.00,-30.00,-3.12,100,100,0.00,0,0.00,26.27,9.80,0.25,0.00,0.00,0,0
8833,ON,1,0,0.00,27.00,-30.00,-3.12,100,100,0.00,0,0.00,26.27,9.80,0.25,0.00,0.00,0,0
8942,ON,1,0,0.00,28.00,-30.00,-3.12,100,100,0.00,0,0.00,26.27,9.80,0.25,0.00,0.00,0,0
9054,ON,1,0,0.00,28.00,-30.00,-3.12,100,101,0.00,0,0.00,26.27,9.80,0.25,0.00,0.00,0,0
9164,ON,1,0,0.00,28.00,-30.00,-3.12,100,101,0.00,0,0.00,26.27,9.80,0.25,0.00,0.00,0,0
9273,ON,1,0,0.00,28.00,-30.00,-3.12,100,101,0.00,0,0.00,26.27,9.80,0.25,0.00,0.00,0,0
9383,ON,1,0,0.00,28.00,-30.00,-3.12,100,100,0.00,0,0.00,26.27,9.80,0.25,0.00,0.00,0,0
9493,ON,1,0,0.00,28.00,-30.00,-3.12,100,100,0.00,0,0.00,26.27,9.80,0.25,0.00,0.00,0,0
9602,ON,1,0,0.00,28.00,-30.00,-3.12,100,100,0.00,0,0.00,26.27,9.80,0.25,0.00,0.00,0,0
9714,ON,1,0,0.00,28.00,-30.00,-3.12,101,100,0.00,0,0.00,26.27,9.80,0.25,0.00,0.00,0,0
9824,ON,1,0,0.00,28.00,-30.00,-3.12,101,100,0.00,0,0.00,26.27,9.80,0.25,0.00,0.00,0,0
9933,ON,1,0,0.00,28.00,-30.00,-3.12,100,100,0.00,0,0.00,26.27,9.80,0.25,0.00,0.00,0,0
10043,ON,1,0,0.00,28.00,-30.00,-3.12,100,100,0.00,0,0.00,26.27,9.80,0.25,0.00,0.00,0,0
10152,ON,1,0,0.00,28.00,-30.00,-3.12,100,100,0.00,0,0.00,26.27,9.80,0.25,0.00,0.00,0,0
10262,ON,1,0,0.00,28.00,-30.00,-3.12,100,101,0.00,0,0.00,26.27,9.80,0.25,0.00,0.00,0,0
10374,ON,1,0,0.00,28.00,-30.00,-3.12,100,101,0.00,0,0.00,26.27,9.80,0.25,0.00,0.00,0,0
10484,ON,1,0,0.00,28.00,-30.00,-3.12,100,100,0.00,0,0.00,26.27,9.80,0.25,0.00,0.00,0,0
10593,ON,1,0,0.00,28.00,-30.00,-3.12,100,100,0.00,0,0.00,26.27,9.80,0.25,0.00,0.00,0,0
10703,ON,1,0,0.00,28.00,-30.00,-3.12,100,100,0.00,0,0.00,26.27,9.80,0.25,0.00,0.00,0,0
10812,ON,1,0,0.00,28.00,-30.00,-3.12,100,100,0.00,0,0.00,26.27,9.80,0.25,0.00,0.00,0,0
10922,ON,1,0,0.00,28.00,-30.00,-3.12,100,101,0.00,0,0.00,26.27,9.80,0.25,0.00,0.00,0,0
11034,ON,1,0,0.00,28.00,-30.00,-3.12,100,101,0.00,0,0.00,26.27,9.80,0.25,0.00,0.00,0,0
11143,ON,1,0,0.00,28.00,-30.00,-3.12,100,101,0.00,0,0.00,26.27,9.80,0.25,0.00,0.00,0,0
11253,ON,1,0,0.00,28.00,-30.00,-3.12,100,100,0.00,0,0.00,26.27,9.80,0.25,0.00,0.00,0,0
11363,ON,1,0,0.00,28.00,-30.00,-3.12,100,100,0.00,0,0.00,26.27,9.80,0.25,0.00,0.00,0,0
11472,ON,1,0,0.00,28.00,-30.00,-3.12,100,100,0.00,0,0.00,26.27,9.80,0.25,0.00,0.00,0,0
11582,ON,1,0,0.00,28.00,-30.00,-3.12,100,100,0.00,0,0.00,26.27,9.80,0.25,0.00,0.00,0,0
11694,ON,1,0,0.00,28.00,-30.00,-3.12,100,101,0.00,0,0.00,26.27,9.80,0.25,0.00,0.00,0,0
11803,ON,1,0,0.00,28.00,-30.00,-3.12,101,101,0.00,0,0.00,26.27,9.80,0.25,0.00,0.00,0,0
11913,ON,1,0,0.00,28.00,-30.00,-3.12,101,100,0.00,0,0.00,26.27,9.80,0.25,0.00,0.00,0,0
12022,ON,1,0,0.00,28.00,-30.00,-3.12,101,100,0.00,0,0.00,26.27,9.80,0.25,0.00,0.00,0,0
12132,ON,1,0,0.00,28.00,-30.00,-3.12,101,100,0.00,0,0.00,26.27,9.80,0.25,0.00,0.00,0,0
12241,ON,1,0,0.00,28.00,-30.00,-3.12,101,100,0.00,0,0.00,26.27,9.80,0.25,0.00,0.00,0,0
12353,ON,1,0,0.00,28.00,-30.00,-3.12,101,101,0.00,0,0.00,26.27,9.80,0.25,0.00,0.00,0,0
12463,ON,1,0,0.00,28.00,-30.00,-3.12,101,101,0.00,0,0.00,26.27,9.80,0.25,0.00,0.00,0,0
12572,ON,1,0,0.00,28.00,-30.00,-3.12,101,101,0.00,0,0.00,26.27,9.80,0.25,0.00,0.00,0,0
12682,ON,1,0,0.00,28.00,-30.00,-3.12,100,101,0.00,0,0.00,26.27,9.80,0.25,0.00,0.00,0,0
12792,ON,1,0,0.00,28.00,-30.00,-3.12,100,100,0.00,0,0.00,26.27,9.80,0.25,0.00,0.00,0,0
12901,ON,1,0,0.00,28.00,-30.00,-3.12,100,100,0.00,0,0.00,26.27,9.80,0.25,0.00,0.00,0,0
13013,ON,1,0,0.00,28.00,-30.00,-3.12,100,100,0.00,0,0.00,26.27,9.80,0.25,0.00,0.00,0,0
13123,ON,1,0,0.00,28.00,-30.00,-3.12,100,101,0.00,0,0.00,26.27,9.80,0.25,0.00,0.00,0,0
13233,ON,1,0,0.00,28.00,-30.00,-3.12,100,101,0.00,0,0.00,26.27,9.80,0.25,0.00,0.00,0,0
13342,ON,1,0,0.00,28.00,-30.00,-3.12,100,100,0.00,0,0.00,26.27,9.80,0.25,0.00,0.00,0,0
13452,ON,1,0,0.00,28.00,-30.00,-3.12,100,100,0.00,0,0.00,26.27,9.80,0.25,0.00,0.00,0,0
13561,ON,1,0,0.00,28.00,-30.00,-3.12,100,100,0.00,0,0.00,26.27,9.80,0.25,0.00,0.00,0,0
13673,ON,1,0,0.00,28.00,-30.00,-3.12,100,100,0.00,0,0.00,26.27,9.80,0.25,0.00,0.00,0,0
13783,ON,1,0,0.00,28.00,-30.00,-3.12,100,100,0.00,0,0.00,26.27,9.80,0.25,0.00,0.00,0,0
13892,ON,1,0,0.00,28.00,-30.00,-3.12,100,100,0.00,0,0.00,26.27,9.80,0.25,0.00,0.00,0,0
14002,ON,1,0,0.00,28.00,-30.00,-3.12,100,100,0.00,0,0.00,26.27,9.80,0.25,0.00,0.00,0,0
14111,ON,1,0,0.00,28.00,-30.00,-3.12,100,100,0.00,0,0.00,26.27,9.80,0.25,0.00,0.00,0,0
14221,ON,1,0,0.00,28.00,-30.00,-3.12,100,100,0.00,0,0.00,26.27,9.80,0.25,0.00,0.00,0,0
14333,ON,1,0,0.00,28.00,-30.00,-3.12,101,100,0.00,0,0.00,26.27,9.80,0.25,0.00,0.00,0,0
14443,ON,1,0,0.00,28.00,-30.00,-3.12,101,101,0.00,0,0.00,26.27,9.80,0.25,0.00,0.00,0,0
14552,ON,1,0,0.00,27.00,-30.00,-3.12,100,101,0.00,0,0.00,26.27,9.80,0.25,0.00,0.00,0,0
14662,ON,1,0,0.00,27.00,-30.00,-3.12,100,101,0.00,0,0.00,26.27,9.80,0.25,0.00,0.00,0,0
14771,ON,1,0,0.00,28.00,-30.00,-3.12,100,101,0.00,0,0.00,26.27,9.80,0.25,0.00,0.00,0,0
14881,ON,1,0,0.00,28.00,-30.00,-3.12,100,101,0.00,0,0.00,26.27,9.80,0.25,0.00,0.00,0,0
14993,ON,1,0,0.00,28.00,-30.00,-3.12,100,100,0.00,0,0.00,26.27,9.80,0.25,0.00,0.00,0,0
15102,ON,1,0,0.00,28.00,-30.00,-3.12,100,100,0.00,0,0.00,26.27,9.80,0.25,0.00,0.00,0,0
15212,ON,1,0,0.00,28.00,-30.00,-3.12,100,100,0.00,0,0.00,26.27,9.80,0.25,0.00,0.00,0,0
15321,ON,1,0,0.00,28.00,-30.00,-3.12,100,100,0.00,0,0.00,26.27,9.80,0.25,0.00,0.00,0,0
15431,ON,1,0,0.00,28.00,-30.00,-3.12,100,100,0.00,0,0.00,26.27,9.80,0.25,0.00,0.00,0,0
15541,ON,1,0,0.00,28.00,-30.00,-3.12,100,100,0.00,0,0.00,26.27,9.80,0.25,0.00,0.00,0,0
15653,ON,1,0,0.00,28.00,-30.00,-3.12,100,101,0.00,0,0.00,26.27,9.80,0.25,0.00,0.00,0,0
15763,ON,1,0,0.00,28.00,-30.00,-3.12,101,101,0.00,0,0.00,26.27,9.80,0.25,0.00,0.00,0,0
15872,ON,1,0,0.00,28.00,-30.00,-3.12,101,100,0.00,0,0.00,26.27,9.80,0.25,0.00,0.00,0,0
15982,ON,1,0,0.00,28.00,-30.00,-3.12,100,100,0.00,0,0.00,26.27,9.80,0.25,0.00,0.00,0,0
16091,ON,1,0,0.00,28.00,-30.00,-3.12,100,100,0.00,0,0.00,26.27,9.80,0.25,0.00,0.00,0,0
16201,ON,1,0,0.00,28.00,-30.00,-3.12,100,100,0.00,0,0.00,26.27,9.80,0.25,0.00,0.00,0,0
16313,ON,1,0,0.00,28.00,-30.00,-3.12,100,100,0.00,0,0.00,26.27,9.80,0.25,0.00,0.00,0,0
16423,ON,1,0,0.00,28.00,-30.00,-3.12,101,100,0.00,0,0.00,26.27,9.80,0.25,0.00,0.00,0,0
16532,ON,1,0,0.00,28.00,-30.00,-3.12,101,101,0.00,0,0.00,26.27,9.80,0.25,0.00,0.00,0,0
16642,ON,1,0,0.00,28.00,-30.00,-3.12,101,101,0.00,0,0.00,26.27,9.80,0.25,0.00,0.00,0,0
16751,ON,1,0,0.00,28.00,-30.00,-3.12,100,101,0.00,0,0.00,26.27,9.80,0.25,0.00,0.00,0,0
16861,ON,1,0,0.00,28.00,-30.00,-3.12,100,100,0.00,0,0.00,26.27,9.80,0.25,0.00,0.00,0,0
16973,ON,1,0,0.00,28.00,-30.00,-3.12,100,100,0.00,0,0.00,26.27,9.80,0.25,0.00,0.00,0,0
17082,ON,1,0,0.00,28.00,-30.00,-3.12,100,100,0.00,0,0.00,26.27,9.80,0.25,0.00,0.00,0,0
17192,ON,1,0,0.00,28.00,-30.00,-3.12,100,100,0.00,0,0.00,26.27,9.80,0.25,0.00,0.00,0,0
17302,ON,1,0,0.00,28.00,-30.00,-3.12,100,100,0.00,0,0.00,26.27,9.80,0.25,0.00,0.00,0,0
17411,ON,1,0,0.00,28.00,-30.00,-3.12,100,100,0.00,0,0.00,26.27,9.80,0.25,0.00,0.00,0,0
17521,ON,1,0,0.00,28.00,-30.00,-3.12,100,100,0.00,0,0.00,26.27,9.80,0.25,0.00,0.00,0,0
17633,ON,1,0,0.00,28.00,-30.00,-3.12,100,100,0.00,0,0.00,26.27,9.80,0.25,0.00,0.00,0,0
17742,ON,1,0,0.00,28.00,-30.00,-3.12,100,100,0.00,0,0.00,26.27,9.80,0.25,0.00,0.00,0,0
17852,ON,1,0,0.00,28.00,-30.00,-3.12,100,100,0.00,0,0.00,26.27,9.80,0.25,0.00,0.00,0,0
17961,ON,1,0,0.00,28.00,-30.00,-3.12,100,100,0.00,0,0.00,26.27,9.80,0.25,0.00,0.00,0,0
18071,ON,1,0,0.00,28.00,-30.00,-3.12,100,100,0.00,0,0.00,26.27,9.80,0.25,0.00,0.00,0,0
18180,ON,1,0,0.00,28.00,-30.00,-3.12,100,100,0.00,0,0.00,26.27,9.80,0.25,0.00,0.00,0,0
18293,ON,1,0,0.00,28.00,-30.00,-3.12,100,100,0.00,0,0.00,26.27,9.80,0.25,0.00,0.00,0,0
18402,ON,1,0,0.00,28.00,-30.00,-3.12,100,100,0.00,0,0.00,26.27,9.80,0.25,0.00,0.00,0,0
18512,ON,1,0,0.00,28.00,-30.00,-3.12,100,100,0.00,0,0.00,26.27,9.80,0.25,0.00,0.00,0,0
18621,ON,1,0,0.00,28.00,-30.00,-3.12,101,100,0.00,0,0.00,26.27,9.80,0.25,0.00,0.00,0,0
18731,ON,1,0,0.00,28.00,-30.00,-3.12,101,101,0.00,0,0.00,26.27,9.80,0.25,0.00,0.00,0,0
18841,ON,1,0,0.00,28.00,-30.00,-3.12,101,101,0.00,0,0.00,26.27,9.80,0.25,0.00,0.00,0,0
18953,ON,1,0,0.00,28.00,-30.00,-3.12,101,100,0.00,0,0.00,26.27,9.80,0.25,0.00,0.00,0,0
19062,ON,1,0,0.00,28.00,-30.00,-3.12,100,100,0.00,0,0.00,26.27,9.80,0.25,0.00,0.00,0,0
19172,ON,1,0,0.00,28.00,-30.00,-3.12,100,100,0.00,0,0.00,26.27,9.80,0.25,0.00,0.00,0,0
19281,ON,1,0,0.00,28.00,-30.00,-3.12,100,100,0.00,0,0.00,26.27,9.80,0.25,0.00,0.00,0,0
19391,ON,1,0,0.00,28.00,-30.00,-3.12,100,100,0.00,0,0.00,26.27,9.80,0.25,0.00,0.00,0,0
19500,ON,1,0,0.00,28.00,-30.00,-3.12,100,100,0.00,0,0.00,26.27,9.80,0.25,0.00,0.00,0,0
19612,ON,1,0,0.00,28.00,-30.00,-3.12,100,100,0.00,0,0.00,26.27,9.80,0.25,0.00,0.00,0,0
19722,ON,1,0,0.00,28.00,-30.00,-3.12,101,100,0.00,0,0.00,26.27,9.80,0.25,0.00,0.00,0,0
19832,ON,1,0,0.00,28.00,-30.00,-3.12,101,100,0.00,0,0.00,26.27,9.80,0.25,0.00,0.00,0,0
19941,ON,1,0,0.00,28.00,-30.00,-3.12,101,100,0.00,0,0.00,26.27,9.80,0.25,0.00,0.00,0,0
20051,ON,1,0,0.00,28.00,-30.00,-3.12,101,100,0.00,0,0.00,26.27,9.80,0.25,0.00,0.00,0,0
20160,ON,1,0,0.00,28.00,-30.00,-3.12,100,100,0.00,0,0.00,26.27,9.80,0.25,0.00,0.00,0,0
20272,ON,1,0,0.00,28.00,-30.00,-3.12,100,100,0.00,0,0.00,26.27,9.80,0.25,0.00,0.00,0,0
20382,ON,1,0,0.00,28.00,-30.00,-3.12,100,100,0.00,0,0.00,26.27,9.80,0.25,0.00,0.00,0,0
20491,ON,1,0,0.00,28.00,-30.00,-3.12,100,100,0.00,0,0.00,26.27,9.80,0.25,0.00,0.00,0,0
20601,ON,1,0,0.00,28.00,-30.00,-3.12,100,100,0.00,0,0.00,26.27,9.80,0.25,0.00,0.00,0,0
20710,ON,1,0,0.00,28.00,-30.00,-3.12,101,100,0.00,0,0.00,26.27,9.80,0.25,0.00,0.00,0,0
20820,ON,1,0,0.00,28.00,-30.00,-3.12,101,100,0.00,0,0.00,26.27,9.80,0.25,0.00,0.00,0,0
20932,ON,1,0,0.00,28.00,-30.00,-3.12,100,100,0.00,0,0.00,26.27,9.80,0.25,0.00,0.00,0,0
21042,ON,1,0,0.00,28.00,-30.00,-3.12,100,101,0.00,0,0.00,26.27,9.80,0.25,0.00,0.00,0,0
21151,ON,1,0,0.00,28.00,-30.00,-3.12,100,101,0.00,0,0.00,26.27,9.80,0.25,0.00,0.00,0,0
21261,ON,1,0,0.00,28.00,-30.00,-3.12,100,101,0.00,0,0.00,26.27,9.80,0.25,0.00,0.00,0,0
21371,ON,1,0,0.00,28.00,-30.00,-3.12,100,101,0.00,0,0.00,26.27,9.80,0.25,0.00,0.00,0,0
21480,ON,1,0,0.00,28.00,-30.00,-3.12,100,100,0.00,0,0.00,26.27,9.80,0.25,0.00,0.00,0,0
21592,ON,1,0,0.00,28.00,-30.00,-3.12,101,100,0.00,0,0.00,26.27,9.80,0.25,0.00,0.00,0,0
21702,ON,1,0,0.00,28.00,-30.00,-3.12,101,100,0.00,0,0.00,26.27,9.80,0.25,0.00,0.00,0,0
21811,ON,1,0,0.00,28.00,-30.00,-3.12,101,100,0.00,0,0.00,26.27,9.80,0.25,0.00,0.00,0,0
21921,ON,1,0,0.00,28.00,-30.00,-3.12,101,101,0.00,0,0.00,26.27,9.80,0.25,0.00,0.00,0,0
22030,ON,1,0,0.00,28.00,-30.00,-3.12,100,101,0.00,0,0.00,26.27,9.80,0.25,0.00,0.00,0,0
22140,ON,1,0,0.00,28.00,-30.00,-3.12,100,101,0.00,0,0.00,26.27,9.80,0.25,0.00,0.00,0,0
22252,ON,1,0,0.00,28.00,-30.00,-3.12,100,101,0.00,0,0.00,26.27,9.80,0.25,0.00,0.00,0,0
22361,ON,1,0,0.00,28.00,-30.00,-3.12,100,101,0.00,0,0.00,26.27,9.80,0.25,0.00,0.00,0,0
22471,ON,1,0,0.00,28.00,-30.00,-3.12,100,100,0.00,0,0.00,26.27,9.80,0.25,0.00,0.00,0,0
22580,ON,1,0,0.00,28.00,-30.00,-3.12,100,100,0.00,0,0.00,26.27,9.80,0.25,0.00,0.00,0,0
22690,ON,1,0,0.00,28.00,-30.00,-3.12,100,101,0.00,0,0.00,26.27,9.80,0.25,0.00,0.00,0,0
22800,ON,1,0,0.00,28.00,-30.00,-3.12,101,101,0.00,0,0.00,26.27,9.80,0.25,0.00,0.00,0,0
22912,ON,1,0,0.00,28.00,-30.00,-3.12,101,101,0.00,0,0.00,26.27,9.80,0.25,0.00,0.00,0,0
23021,ON,1,0,0.00,28.00,-30.00,-3.12,100,101,0.00,0,0.00,26.27,9.80,0.25,0.00,0.00,0,0
23131,ON,1,0,0.00,28.00,-30.00,-3.12,100,100,0.00,0,0.00,26.27,9.80,0.25,0.00,0.00,0,0
23240,ON,1,0,0.00,28.00,-30.00,-3.12,100,100,0.00,0,0.00,26.27,9.80,0.25,0.00,0.00,0,0
23350,ON,1,0,0.00,28.00,-30.00,-3.12,100,100,0.00,0,0.00,26.27,9.80,0.25,0.00,0.00,0,0
23459,ON,1,0,0.00,28.00,-30.00,-3.12,100,100,0.00,0,0.00,26.27,9.80,0.25,0.00,0.00,0,0
23572,ON,1,0,0.00,28.00,-30.00,-3.12,100,100,0.00,0,0.00,26.27,9.80,0.25,0.00,0.00,0,0
23681,ON,1,0,0.00,28.00,-30.00,-3.12,101,100,0.00,0,0.00,26.27,9.80,0.25,0.00,0.00,0,0
23791,ON,1,0,0.00,28.00,-30.00,-3.12,101,100,0.00,0,0.00,26.27,9.80,0.25,0.00,0.00,0,0
23900,ON,1,0,0.00,28.00,-30.00,-3.12,100,100,0.00,0,0.00,26.27,9.80,0.25,0.00,0.00,0,0
24010,ON,1,0,0.00,28.00,-30.00,-3.12,100,100,0.00,0,0.00,26.27,9.80,0.25,0.00,0.00,0,0
24119,ON,1,0,0.00,28.00,-30.00,-3.12,100,100,0.00,0,0.00,26.27,9.80,0.25,0.00,0.00,0,0
24231,ON,1,0,0.00,28.00,-30.00,-3.12,100,100,0.00,0,0.00,26.27,9.80,0.25,0.00,0.00,0,0
24341,ON,1,0,0.00,28.00,-30.00,-3.12,100,100,0.00,0,0.00,26.27,9.80,0.25,0.00,0.00,0,0
24451,ON,1,0,0.00,28.00,-30.00,-3.12,100,100,0.00,0,0.00,26.27,9.80,0.25,0.00,0.00,0,0
24560,ON,1,0,0.00,28.00,-30.00,-3.12,100,101,0.00,0,0.00,26.27,9.80,0.25,0.00,0.00,0,0
24670,ON,1,0,0.00,28.00,-30.00,-3.12,101,101,0.00,0,0.00,26.27,9.80,0.25,0.00,0.00,0,0
24779,ON,1,0,0.00,28.00,-30.00,-3.12,101,101,0.00,0,0.00,26.27,9.80,0.25,0.00,0.00,0,0
24891,ON,1,0,0.00,28.00,-30.00,-3.12,101,101,0.00,0,0.00,26.27,9.80,0.25,0.00,0.00,0,0
25001,ON,1,0,0.00,28.00,-30.00,-3.12,101,100,0.00,0,0.00,26.27,9.80,0.25,0.00,0.00,0,0
25110,ON,1,0,0.00,28.00,-30.00,-3.12,101,100,0.00,0,0.00,26.27,9.80,0.25,0.00,0.00,0,0
25220,ON,1,0,0.00,28.00,-30.00,-3.12,101,100,0.00,0,0.00,26.27,9.80,0.25,0.00,0.00,0,0
25329,ON,1,0,0.00,28.00,-30.00,-3.12,101,100,0.00,0,0.00,26.27,9.80,0.25,0.00,0.00,0,0
25439,ON,1,0,0.00,28.00,-30.00,-3.12,101,100,0.00,0,0.00,26.27,9.80,0.25,0.00,0.00,0,0
25551,ON,1,0,0.00,28.00,-30.00,-3.12,101,100,0.00,0,0.00,26.27,9.80,0.25,0.00,0.00,0,0
25661,ON,1,0,0.00,28.00,-30.00,-3.12,101,100,0.00,0,0.00,26.27,9.80,0.25,0.00,0.00,0,0
25770,ON,1,0,0.00,28.00,-30.00,-3.12,100,100,0.00,0,0.00,26.27,9.80,0.25,0.00,0.00,0,0
25880,ON,1,0,0.00,28.00,-30.00,-3.12,100,100,0.00,0,0.00,26.27,9.80,0.25,0.00,0.00,0,0
25989,ON,1,0,0.00,28.00,-30.00,-3.12,100,100,0.00,0,0.00,26.27,9.80,0.25,0.00,0.00,0,0
26099,ON,1,0,0.00,28.00,-30.00,-3.12,100,100,0.00,0,0.00,26.27,9.80,0.25,0.00,0.00,0,0
26211,ON,1,0,0.00,28.00,-30.00,-3.12,100,101,0.00,0,0.00,26.27,9.80,0.25,0.00,0.00,0,0
26321,ON,1,0,0.00,28.00,-30.00,-3.12,101,101,0.00,0,0.00,26.27,9.80,0.25,0.00,0.00,0,0
26430,ON,1,0,0.00,28.00,-30.00,-3.12,101,101,0.00,0,0.00,26.27,9.80,0.25,0.00,0.00,0,0
26540,ON,1,0,0.00,28.00,-30.00,-3.12,100,101,0.00,0,0.00,26.27,9.80,0.25,0.00,0.00,0,0
26649,ON,1,0,0.00,28.00,-30.00,-3.12,100,100,0.00,0,0.00,26.27,9.80,0.25,0.00,0.00,0,0
26759,ON,1,0,0.00,28.00,-30.00,-3.12,101,100,0.00,0,0.00,26.27,9.80,0.25,0.00,0.00,0,0
26871,ON,1,0,0.00,28.00,-30.00,-3.12,101,100,0.00,0,0.00,26.27,9.80,0.25,0.00,0.00,0,0
26981,ON,1,0,0.00,28.00,-30.00,-3.12,101,100,0.00,0,0.00,26.27,9.80,0.25,0.00,0.00,0,0
27090,ON,1,0,0.00,28.00,-30.00,-3.12,101,100,0.00,0,0.00,26.27,9.80,0.25,0.00,0.00,0,0
27200,ON,1,0,0.00,28.00,-30.00,-3.12,100,100,0.00,0,0.00,26.27,9.80,0.25,0.00,0.00,0,0
27309,ON,1,0,0.00,28.00,-30.00,-3.12,100,101,0.00,0,0.00,26.27,9.80,0.25,0.00,0.00,0,0
27419,ON,1,0,0.00,28.00,-30.00,-3.12,101,101,0.00,0,0.00,26.27,9.80,0.25,0.00,0.00,0,0
27531,ON,1,0,0.00,28.00,-30.00,-3.12,101,100,0.00,0,0.00,26.27,9.80,0.25,0.00,0.00,0,0
27640,ON,1,0,0.00,28.00,-30.00,-3.12,100,100,0.00,0,0.00,26.27,9.80,0.25,0.00,0.00,0,0
27750,ON,1,0,0.00,28.00,-30.00,-3.12,100,100,0.00,0,0.00,26.27,9.80,0.25,0.00,0.00,0,0
27859,ON,1,0,0.00,28.00,-30.00,-3.12,100,100,0.00,0,0.00,26.27,9.80,0.25,0.00,0.00,0,0
27969,ON,1,0,0.00,28.00,-30.00,-3.12,100,100,0.00,0,0.00,26.27,9.80,0.25,0.00,0.00,0,0
28079,ON,1,0,0.00,28.00,-30.00,-3.12,100,100,0.00,0,0.00,26.27,9.80,0.25,0.00,0.00,0,0
28191,ON,1,0,0.00,28.00,-30.00,-3.12,100,100,0.00,0,0.00,26.27,9.80,0.25,0.00,0.00,0,0
28300,ON,1,0,0.00,28.00,-30.00,-3.12,100,100,0.00,0,0.00,26.27,9.80,0.25,0.00,0.00,0,0
28414,ON,1,0,0.00,28.00,-30.00,-3.12,101,100,0.00,0,0.00,26.27,9.80,0.25,0.00,0.00,0,0
28524,ON,1,0,0.00,28.00,-30.00,-3.12,101,101,0.00,0,0.00,26.27,9.80,0.25,0.00,0.00,0,0
28634,ON,1,0,0.00,28.00,-30.00,-3.12,100,101,0.00,0,0.00,26.27,9.80,0.25,0.00,0.00,0,0
28743,ON,1,0,0.00,28.00,-30.00,-3.12,100,101,0.00,0,0.00,26.27,9.80,0.25,0.00,0.00,0,0
28856,ON,1,0,0.00,28.00,-30.00,-3.12,101,101,0.00,0,0.00,26.27,9.80,0.25,0.00,0.00,0,0
28965,ON,1,0,0.00,28.00,-30.00,-3.12,101,100,0.00,0,0.00,26.27,9.80,0.25,0.00,0.00,0,0
29075,ON,1,0,0.00,28.00,-30.00,-3.12,100,100,0.00,0,0.00,26.27,9.80,0.25,0.00,0.00,0,0
29184,ON,1,0,0.00,28.00,-30.00,-3.12,100,100,0.00,0,0.00,26.27,9.80,0.25,0.00,0.00,0,0
29294,ON,1,0,0.00,28.00,-30.00,-3.12,101,100,0.00,0,0.00,26.27,9.80,0.25,0.00,0.00,0,0
29403,ON,1,0,0.00,28.00,-30.00,-3.12,101,101,0.00,0,0.00,26.27,9.80,0.25,0.00,0.00,0,0
29515,ON,1,0,0.00,28.00,-30.00,-3.12,101,101,0.00,0,0.00,26.27,9.80,0.25,0.00,0.00,0,0
29625,ON,1,0,0.00,28.00,-30.00,-3.12,101,100,0.00,0,0.00,26.27,9.80,0.25,0.00,0.00,0,0
29734,ON,1,0,0.00,28.00,-30.00,-3.12,101,100,0.00,0,0.00,26.27,9.80,0.25,0.00,0.00,0,0
29844,ON,1,0,0.00,28.00,-30.00,-3.12,100,100,0.00,0,0.00,26.27,9.80,0.25,0.00,0.00,0,0
29953,ON,1,0,0.00,28.00,-30.00,-3.12,100,101,0.00,0,0.00,26.27,9.80,0.25,0.00,0.00,0,0
30063,ON,1,0,0.00,28.00,-30.00,-3.12,101,101,0.00,0,0.00,26.27,9.80,0.25,0.00,0.00,0,0
30175,ON,1,0,0.00,28.00,-30.00,-3.12,101,100,0.00,0,0.00,26.27,9.80,0.25,0.00,0.00,0,0
30284,ON,1,0,0.00,28.00,-30.00,-3.12,100,100,0.00,0,0.00,26.27,9.80,0.25,0.00,0.00,0,0
30394,ON,1,0,0.00,28.00,-30.00,-3.12,100,100,0.00,0,0.00,26.27,9.80,0.25,0.00,0.00,0,0
30504,ON,1,0,0.00,28.00,-30.00,-3.12,100,100,0.00,0,0.00,26.27,9.80,0.25,0.00,0.00,0,0
30613,ON,1,0,0.00,28.00,-30.00,-3.12,100,100,0.00,0,0.00,26.27,9.80,0.25,0.00,0.00,0,0
30723,ON,1,0,0.00,28.00,-30.00,-3.12,100,100,0.00,0,0.00,26.27,9.80,0.25,0.00,0.00,0,0
30835,ON,1,0,0.00,28.00,-30.00,-3.12,100,101,0.00,0,0.00,26.27,9.80,0.25,0.00,0.00,0,0
30944,ON,1,0,0.00,28.00,-30.00,-3.12,101,101,0.00,0,0.00,26.27,9.80,0.25,0.00,0.00,0,0
31054,ON,1,0,0.00,28.00,-30.00,-3.12,101,101,0.00,0,0.00,26.27,9.80,0.25,0.00,0.00,0,0
31163,ON,1,0,0.00,28.00,-30.00,-3.12,100,101,0.00,0,0.00,26.27,9.80,0.25,0.00,0.00,0,0
31273,ON,1,0,0.00,28.00,-30.00,-3.12,100,100,0.00,0,0.00,26.27,9.80,0.25,0.00,0.00,0,0
31382,ON,1,0,0.00,28.00,-30.00,-3.12,100,100,0.00,0,0.00,26.27,9.80,0.25,0.00,0.00,0,0
31495,ON,1,0,0.00,28.00,-30.00,-3.12,100,100,0.00,0,0.00,26.27,9.80,0.25,0.00,0.00,0,0
31604,ON,1,0,0.00,28.00,-30.00,-3.12,100,100,0.00,0,0.00,26.27,9.80,0.25,0.00,0.00,0,0
31714,ON,1,0,0.00,28.00,-30.00,-3.12,101,100,0.00,0,0.00,26.27,9.80,0.25,0.00,0.00,0,0
31823,ON,1,0,0.00,28.00,-30.00,-3.12,101,100,0.00,0,0.00,26.27,9.80,0.25,0.00,0.00,0,0
31933,ON,1,0,0.00,28.00,-30.00,-3.12,101,100,0.00,0,0.00,26.27,9.80,0.25,0.00,0.00,0,0
32042,ON,1,0,0.00,28.00,-30.00,-3.12,101,101,0.00,0,0.00,26.27,9.80,0.25,0.00,0.00,0,0
32154,ON,1,0,0.00,28.00,-30.00,-3.12,100,101,0.00,0,0.00,26.27,9.80,0.25,0.00,0.00,0,0
32264,ON,1,0,0.00,28.00,-30.00,-3.12,100,100,0.00,0,0.00,26.27,9.80,0.25,0.00,0.00,0,0
32373,ON,1,0,0.00,28.00,-30.00,-3.12,100,100,0.00,0,0.00,26.27,9.80,0.25,0.00,0.00,0,0
32483,ON,1,0,0.00,28.00,-30.00,-3.12,100,101,0.00,0,0.00,26.27,9.80,0.25,0.00,0.00,0,0
32592,ON,1,0,0.00,28.00,-30.00,-3.12,101,101,0.00,0,0.00,26.27,9.80,0.25,0.00,0.00,0,0
32702,ON,1,0,0.00,28.00,-30.00,-3.12,101,100,0.00,0,0.00,26.27,9.80,0.25,0.00,0.00,0,0
32814,ON,1,0,0.00,28.00,-30.00,-3.12,101,100,0.00,0,0.00,26.27,9.80,0.25,0.00,0.00,0,0
32923,ON,1,0,0.00,28.00,-30.00,-3.12,101,100,0.00,0,0.00,26.27,9.80,0.25,0.00,0.00,0,0
33033,ON,1,0,0.00,28.00,-30.00,-3.12,100,100,0.00,0,0.00,26.27,9.80,0.25,0.00,0.00,0,0
33143,ON,1,0,0.00,28.00,-30.00,-3.12,100,101,0.00,0,0.00,26.27,9.80,0.25,0.00,0.00,0,0
33252,ON,1,0,0.00,28.00,-30.00,-3.12,100,101,0.00,0,0.00,26.27,9.80,0.25,0.00,0.00,0,0
33362,ON,1,0,0.00,28.00,-30.00,-3.12,100,101,0.00,0,0.00,26.27,9.80,0.25,0.00,0.00,0,0
33474,ON,1,0,0.00,28.00,-30.00,-3.12,100,101,0.00,0,0.00,26.27,9.80,0.25,0.00,0.00,0,0
33583,ON,1,0,0.00,28.00,-30.00,-3.12,100,101,0.00,0,0.00,26.27,9.80,0.25,0.00,0.00,0,0
33693,ON,1,0,0.00,28.00,-30.00,-3.12,100,101,0.00,0,0.00,26.27,9.80,0.25,0.00,0.00,0,0
33802,ON,1,0,0.00,28.00,-30.00,-3.12,100,101,0.00,0,0.00,26.27,9.80,0.25,0.00,0.00,0,0
33912,ON,1,0,0.00,28.00,-30.00,-3.12,100,100,0.00,0,0.00,26.27,9.80,0.25,0.00,0.00,0,0
34021,ON,1,0,0.00,28.00,-30.00,-3.12,101,100,0.00,0,0.00,26.27,9.80,0.25,0.00,0.00,0,0
34134,ON,1,0,0.00,28.00,-30.00,-3.12,101,101,0.00,0,0.00,26.27,9.80,0.25,0.00,0.00,0,0
34243,ON,1,0,0.00,28.00,-30.00,-3.12,101,101,0.00,0,0.00,26.27,9.80,0.25,0.00,0.00,0,0
34353,ON,1,0,0.00,28.00,-30.00,-3.12,101,101,0.00,0,0.00,26.27,9.80,0.25,0.00,0.00,0,0
34462,ON,1,0,0.00,28.00,-30.00,-3.12,100,101,0.00,0,0.00,26.27,9.80,0.25,0.00,0.00,0,0
34572,ON,1,0,0.00,28.00,-30.00,-3.12,100,100,0.00,0,0.00,26.27,9.80,0.25,0.00,0.00,0,0
34681,ON,1,0,0.00,28.00,-30.00,-3.12,101,100,0.00,0,0.00,26.27,9.80,0.25,0.00,0.00,0,0
34793,ON,1,0,0.00,28.00,-30.00,-3.12,101,100,0.00,0,0.00,26.27,9.80,0.25,0.00,0.00,0,0
34903,ON,1,0,0.00,28.00,-30.00,-3.12,100,100,0.00,0,0.00,26.27,9.80,0.25,0.00,0.00,0,0
35012,ON,1,0,0.00,28.00,-30.00,-3.12,100,101,0.00,0,0.00,26.27,9.80,0.25,0.00,0.00,0,0
35122,ON,1,0,0.00,28.00,-30.00,-3.12,101,101,0.00,0,0.00,26.27,9.80,0.25,0.00,0.00,0,0
35232,ON,1,0,0.00,28.00,-30.00,-3.12,101,101,0.00,0,0.00,26.27,9.80,0.25,0.00,0.00,0,0
35341,ON,1,0,0.00,28.00,-30.00,-3.12,101,101,0.00,0,0.00,26.27,9.80,0.25,0.00,0.00,0,0
35453,ON,1,0,0.00,28.00,-30.00,-3.12,100,101,0.00,0,0.00,26.27,9.80,0.25,0.00,0.00,0,0
35563,ON,1,0,0.00,28.00,-30.00,-3.12,100,101,0.00,0,0.00,26.27,9.80,0.25,0.00,0.00,0,0
35672,ON,1,0,0.00,28.00,-30.00,-3.12,100,101,0.00,0,0.00,26.27,9.80,0.25,0.00,0.00,0,0
35782,ON,1,0,0.00,28.00,-30.00,-3.12,100,101,0.00,0,0.00,26.27,9.80,0.25,0.00,0.00,0,0
35891,ON,1,0,0.00,28.00,-30.00,-3.12,100,101,0.00,0,0.00,26.27,9.80,0.25,0.00,0.00,0,0
36001,ON,1,0,0.00,28.00,-30.00,-3.12,100,101,0.00,0,0.00,26.27,9.80,0.25,0.00,0.00,0,0
36113,ON,1,0,0.00,28.00,-30.00,-3.12,100,101,0.00,0,0.00,26.27,9.80,0.25,0.00,0.00,0,0
36222,ON,1,0,0.00,28.00,-30.00,-3.12,100,100,0.00,0,0.00,26.27,9.80,0.25,0.00,0.00,0,0
36332,ON,1,0,0.00,28.00,-30.00,-3.12,101,100,0.00,0,0.00,26.27,9.80,0.25,0.00,0.00,0,0
36442,ON,1,0,0.00,28.00,-30.00,-3.12,101,101,0.00,0,0.00,26.27,9.80,0.25,0.00,0.00,0,0
36551,ON,1,0,0.00,28.00,-30.00,-3.12,100,101,0.00,0,0.00,26.27,9.80,0.25,0.00,0.00,0,0
36661,ON,1,0,0.00,28.00,-30.00,-3.12,100,100,0.00,0,0.00,26.27,9.80,0.25,0.00,0.00,0,0
36773,ON,1,0,0.00,28.00,-30.00,-3.12,100,100,0.00,0,0.00,26.27,9.80,0.25,0.00,0.00,0,0
36883,ON,1,0,0.00,28.00,-30.00,-3.12,100,100,0.00,0,0.00,26.27,9.80,0.25,0.00,0.00,0,0
36992,ON,1,0,0.00,28.00,-30.00,-3.12,100,100,0.00,0,0.00,26.27,9.80,0.25,0.00,0.00,0,0
37102,ON,1,0,0.00,28.00,-30.00,-3.12,100,101,0.00,0,0.00,26.27,9.80,0.25,0.00,0.00,0,0
37211,ON,1,0,0.00,28.00,-30.00,-3.12,100,101,0.00,0,0.00,26.27,9.80,0.25,0.00,0.00,0,0
37321,ON,1,0,0.00,28.00,-30.00,-3.12,101,101,0.00,0,0.00,26.27,9.80,0.25,0.00,0.00,0,0
37433,ON,1,0,0.00,28.00,-30.00,-3.12,101,101,0.00,0,0.00,26.27,9.80,0.25,0.00,0.00,0,0
37542,ON,1,0,0.00,28.00,-30.00,-3.12,100,101,0.00,0,0.00,26.27,9.80,0.25,0.00,0.00,0,0
37652,ON,1,0,0.00,28.00,-30.00,-3.12,100,100,0.00,0,0.00,26.27,9.80,0.25,0.00,0.00,0,0
37761,ON,1,0,0.00,28.00,-30.00,-3.12,101,100,0.00,0,0.00,26.27,9.80,0.25,0.00,0.00,0,0
37871,ON,1,0,0.00,28.00,-30.00,-3.12,101,100,0.00,0,0.00,26.27,9.80,0.25,0.00,0.00,0,0
37980,ON,1,0,0.00,28.00,-30.00,-3.12,101,100,0.00,0,0.00,26.27,9.80,0.25,0.00,0.00,0,0
38093,ON,1,0,0.00,28.00,-30.00,-3.12,101,101,0.00,0,0.00,26.27,9.80,0.25,0.00,0.00,0,0
38202,ON,1,0,0.00,28.00,-30.00,-3.12,100,101,0.00,0,0.00,26.27,9.80,0.25,0.00,0.00,0,0
38312,ON,1,0,0.00,28.00,-30.00,-3.12,100,100,0.00,0,0.00,26.27,9.80,0.25,0.00,0.00,0,0
38421,ON,1,0,0.00,28.00,-30.00,-3.12,100,100,0.00,0,0.00,26.27,9.80,0.25,0.00,0.00,0,0
38531,ON,1,0,0.00,28.00,-30.00,-3.12,100,101,0.00,0,0.00,26.27,9.80,0.25,0.00,0.00,0,0
38640,ON,1,0,0.00,28.00,-30.00,-3.12,101,101,0.00,0,0.00,26.27,9.80,0.25,0.00,0.00,0,0
38759,ON,1,0,0.00,28.00,-30.00,-3.12,101,101,0.00,0,0.00,26.27,9.80,0.25,0.00,0.00,0,0
38878,ON,1,0,0.00,28.00,-30.00,-3.12,100,101,0.00,0,0.00,26.27,9.80,0.25,0.00,0.00,0,0
38987,ON,1,0,0.00,28.00,-30.00,-3.12,100,100,0.00,0,0.00,26.27,9.80,0.25,0.00,0.00,0,0
39097,ON,1,0,0.00,28.00,-30.00,-3.12,100,100,0.00,0,0.00,26.27,9.80,0.25,0.00,0.00,0,0
39206,ON,1,0,0.00,28.00,-30.00,-3.12,100,100,0.00,0,0.00,26.27,9.80,0.25,0.00,0.00,0,0
39316,ON,1,0,0.00,28.00,-30.00,-3.12,100,101,0.00,0,0.00,26.27,9.80,0.25,0.00,0.00,0,0
39428,ON,1,0,0.00,28.00,-30.00,-3.12,100,101,0.00,0,0.00,26.27,9.80,0.25,0.00,0.00,0,0
39538,ON,1,0,0.00,28.00,-30.00,-3.12,100,101,0.00,0,0.00,26.27,9.80,0.25,0.00,0.00,0,0
39647,ON,1,0,0.00,28.00,-30.00,-3.12,100,101,0.00,0,0.00,26.27,9.80,0.25,0.00,0.00,0,0
39757,ON,1,0,0.00,28.00,-30.00,-3.12,100,101,0.00,0,0.00,26.27,9.80,0.25,0.00,0.00,0,0
39866,ON,1,0,0.00,28.00,-30.00,-3.12,100,101,0.00,0,0.00,26.27,9.80,0.25,0.00,0.00,0,0
39976,ON,1,0,0.00,28.00,-30.00,-3.12,100,100,0.00,0,0.00,26.27,9.80,0.25,0.00,0.00,0,0
40088,ON,1,0,0.00,28.00,-30.00,-3.12,100,100,0.00,0,0.00,26.27,9.80,0.25,0.00,0.00,0,0
40197,ON,1,0,0.00,28.00,-30.00,-3.12,100,101,0.00,0,0.00,26.27,9.80,0.25,0.00,0.00,0,0
40307,ON,1,0,0.00,28.00,-30.00,-3.12,100,101,0.00,0,0.00,26.27,9.80,0.25,0.00,0.00,0,0
40416,ON,1,0,0.00,28.00,-30.00,-3.12,100,100,0.00,0,0.00,26.27,9.80,0.25,0.00,0.00,0,0
40526,ON,1,0,0.00,28.00,-30.00,-3.12,101,100,0.00,0,0.00,26.27,9.80,0.25,0.00,0.00,0,0
40636,ON,1,0,0.00,28.00,-30.00,-3.12,101,101,0.00,0,0.00,26.27,9.80,0.25,0.00,0.00,0,0
40748,ON,1,0,0.00,28.00,-30.00,-3.12,100,101,0.00,0,0.00,26.27,9.80,0.25,0.00,0.00,0,0
40857,ON,1,0,0.00,28.00,-30.00,-3.12,100,100,0.00,0,0.00,26.27,9.80,0.25,0.00,0.00,0,0
40967,ON,1,0,0.00,28.00,-30.00,-3.12,100,100,0.00,0,0.00,26.27,9.80,0.25,0.00,0.00,0,0
41076,ON,1,0,0.00,28.00,-30.00,-3.12,100,100,0.00,0,0.00,26.27,9.80,0.25,0.00,0.00,0,0
41186,ON,1,0,0.00,28.00,-30.00,-3.12,100,101,0.00,0,0.00,26.27,9.80,0.25,0.00,0.00,0,0
41295,ON,1,0,0.00,28.00,-30.00,-3.12,101,101,0.00,0,0.00,26.27,9.80,0.25,0.00,0.00,0,0
41407,ON,1,0,0.00,28.00,-30.00,-3.12,101,100,0.00,0,0.00,26.27,9.80,0.25,0.00,0.00,0,0
41517,ON,1,0,0.00,28.00,-30.00,-3.12,100,100,0.00,0,0.00,26.27,9.80,0.25,0.00,0.00,0,0
41627,ON,1,0,0.00,28.00,-30.00,-3.12,100,100,0.00,0,0.00,26.27,9.80,0.25,0.00,0.00,0,0
41736,ON,1,0,0.00,28.00,-30.00,-3.12,101,100,0.00,0,0.00,26.27,9.80,0.25,0.00,0.00,0,0
41846,ON,1,0,0.00,28.00,-30.00,-3.12,101,100,0.00,0,0.00,26.27,9.80,0.25,0.00,0.00,0,0
41955,ON,1,0,0.00,28.00,-30.00,-3.12,101,100,0.00,0,0.00,26.27,9.80,0.25,0.00,0.00,0,0
42068,ON,1,0,0.00,28.00,-30.00,-3.12,101,101,0.00,0,0.00,26.27,9.80,0.25,0.00,0.00,0,0
42178,ON,1,0,0.00,28.00,-30.00,-3.12,101,101,0.00,0,0.00,26.27,9.80,0.25,0.00,0.00,0,0
42287,ON,1,0,0.00,28.00,-30.00,-3.12,101,101,0.00,0,0.00,26.27,9.80,0.25,0.00,0.00,0,0
42397,ON,1,0,0.00,28.00,-30.00,-3.12,100,101,0.00,0,0.00,26.27,9.80,0.25,0.00,0.00,0,0
42506,ON,1,0,0.00,28.00,-30.00,-3.12,100,100,0.00,0,0.00,26.27,9.80,0.25,0.00,0.00,0,0
42618,ON,1,0,0.00,28.00,-30.00,-3.12,100,100,0.00,0,0.00,26.27,9.80,0.25,0.00,0.00,0,0
42728,ON,1,0,0.00,28.00,-30.00,-3.12,100,101,0.00,0,0.00,26.27,9.80,0.25,0.00,0.00,0,0
42837,ON,1,0,0.00,28.00,-30.00,-3.12,100,101,0.00,0,0.00,26.27,9.80,0.25,0.00,0.00,0,0
42947,ON,1,0,0.00,28.00,-30.00,-3.12,100,101,0.00,0,0.00,26.27,9.80,0.25,0.00,0.00,0,0
43056,ON,1,0,0.00,28.00,-30.00,-3.12,100,100,0.00,0,0.00,26.27,9.80,0.25,0.00,0.00,0,0
43166,ON,1,0,0.00,28.00,-30.00,-3.12,100,100,0.00,0,0.00,26.27,9.80,0.25,0.00,0.00,0,0
43278,ON,1,0,0.00,28.00,-30.00,-3.12,100,101,0.00,0,0.00,26.27,9.80,0.25,0.00,0.00,0,0
43388,ON,1,0,0.00,28.00,-30.00,-3.12,101,101,0.00,0,0.00,26.27,9.80,0.25,0.00,0.00,0,0
43497,ON,1,0,0.00,28.00,-30.00,-3.12,101,100,0.00,0,0.00,26.27,9.80,0.25,0.00,0.00,0,0
43607,ON,1,0,0.00,28.00,-30.00,-3.12,100,100,0.00,0,0.00,26.27,9.80,0.25,0.00,0.00,0,0
43716,ON,1,0,0.00,28.00,-30.00,-3.12,100,101,0.00,0,0.00,26.27,9.80,0.25,0.00,0.00,0,0
43826,ON,1,0,0.00,28.00,-30.00,-3.12,101,101,0.00,0,0.00,26.27,9.80,0.25,0.00,0.00,0,0
43938,ON,1,0,0.00,28.00,-30.00,-3.12,101,100,0.00,0,0.00,26.27,9.80,0.25,0.00,0.00,0,0
44047,ON,1,0,0.00,28.00,-30.00,-3.12,100,100,0.00,0,0.00,26.27,9.80,0.25,0.00,0.00,0,0
44157,ON,1,0,0.00,28.00,-30.00,-3.12,100,100,0.00,0,0.00,26.27,9.80,0.25,0.00,0.00,0,0
44266,ON,1,0,0.00,28.00,-30.00,-3.12,100,100,0.00,0,0.00,26.27,9.80,0.25,0.00,0.00,0,0
44376,ON,1,0,0.00,28.00,-30.00,-3.12,100,100,0.00,0,0.00,26.27,9.80,0.25,0.00,0.00,0,0
44485,ON,1,0,0.00,28.00,-30.00,-3.12,100,100,0.00,0,0.00,26.27,9.80,0.25,0.00,0.00,0,0
44598,ON,1,0,0.00,28.00,-30.00,-3.12,100,100,0.00,0,0.00,26.27,9.80,0.25,0.00,0.00,0,0
44707,ON,1,0,0.00,28.00,-30.00,-3.12,100,100,0.00,0,0.00,26.27,9.80,0.25,0.00,0.00,0,0
44817,ON,1,0,0.00,28.00,-30.00,-3.12,100,100,0.00,0,0.00,26.27,9.80,0.25,0.00,0.00,0,0
44926,ON,1,0,0.00,28.00,-30.00,-3.12,100,100,0.00,0,0.00,26.27,9.80,0.25,0.00,0.00,0,0
45036,ON,1,0,0.00,28.00,-30.00,-3.12,100,100,0.00,0,0.00,26.27,9.80,0.25,0.00,0.00,0,0
45145,ON,1,0,0.00,28.00,-30.00,-3.12,100,101,0.00,0,0.00,26.27,9.80,0.25,0.00,0.00,0,0
45257,ON,1,0,0.00,28.00,-30.00,-3.12,100,101,0.00,0,0.00,26.27,9.80,0.25,0.00,0.00,0,0
45367,ON,1,0,0.00,28.00,-30.00,-3.12,100,100,0.00,0,0.00,26.27,9.80,0.25,0.00,0.00,0,0
45476,ON,1,0,0.00,28.00,-30.00,-3.12,100,100,0.00,0,0.00,26.27,9.80,0.25,0.00,0.00,0,0
45586,ON,1,0,0.00,28.00,-30.00,-3.12,100,100,0.00,0,0.00,26.27,9.80,0.25,0.00,0.00,0,0
45696,ON,1,0,0.00,28.00,-30.00,-3.12,100,100,0.00,0,0.00,26.27,9.80,0.25,0.00,0.00,0,0
45805,ON,1,0,0.00,28.00,-30.00,-3.12,100,100,0.00,0,0.00,26.27,9.80,0.25,0.00,0.00,0,0
45917,ON,1,0,0.00,28.00,-30.00,-3.12,100,100,0.00,0,0.00,26.27,9.80,0.25,0.00,0.00,0,0
46027,ON,1,0,0.00,28.00,-30.00,-3.12,100,101,0.00,0,0.00,26.27,9.80,0.25,0.00,0.00,0,0
46136,ON,1,0,0.00,28.00,-30.00,-3.12,101,101,0.00,0,0.00,26.27,9.80,0.25,0.00,0.00,0,0
46246,ON,1,0,0.00,28.00,-30.00,-3.12,101,101,0.00,0,0.00,26.27,9.80,0.25,0.00,0.00,0,0
46355,ON,1,0,0.00,28.00,-30.00,-3.12,101,101,0.00,0,0.00,26.27,9.80,0.25,0.00,0.00,0,0
46465,ON,1,0,0.00,28.00,-30.00,-3.12,101,100,0.00,0,0.00,26.27,9.80,0.25,0.00,0.00,0,0
46577,ON,1,0,0.00,28.00,-30.00,-3.12,101,100,0.00,0,0.00,26.27,9.80,0.25,0.00,0.00,0,0
46686,ON,1,0,0.00,28.00,-30.00,-3.12,100,100,0.00,0,0.00,26.27,9.80,0.25,0.00,0.00,0,0
46796,ON,1,0,0.00,28.00,-30.00,-3.12,100,100,0.00,0,0.00,26.27,9.80,0.25,0.00,0.00,0,0
46906,ON,1,0,0.00,28.00,-30.00,-3.12,101,100,0.00,0,0.00,26.27,9.80,0.25,0.00,0.00,0,0
47015,ON,1,0,0.00,28.00,-30.00,-3.12,101,100,0.00,0,0.00,26.27,9.80,0.25,0.00,0.00,0,0
47125,ON,1,0,0.00,28.00,-30.00,-3.12,101,100,0.00,0,0.00,26.27,9.80,0.25,0.00,0.00,0,0
47237,ON,1,0,0.00,28.00,-30.00,-3.12,101,101,0.00,0,0.00,26.27,9.80,0.25,0.00,0.00,0,0
47347,ON,1,0,0.00,28.00,-30.00,-3.12,101,101,0.00,0,0.00,26.27,9.80,0.25,0.00,0.00,0,0
47456,ON,1,0,0.00,28.00,-30.00,-3.12,101,101,0.00,0,0.00,26.27,9.80,0.25,0.00,0.00,0,0
47566,ON,1,0,0.00,28.00,-30.00,-3.12,101,101,0.00,0,0.00,26.27,9.80,0.25,0.00,0.00,0,0
47675,ON,1,0,0.00,28.00,-30.00,-3.12,101,101,0.00,0,0.00,26.27,9.80,0.25,0.00,0.00,0,0
47785,ON,1,0,0.00,28.00,-30.00,-3.12,101,101,0.00,0,0.00,26.27,9.80,0.25,0.00,0.00,0,0
47897,ON,1,0,0.00,28.00,-30.00,-3.12,101,100,0.00,0,0.00,26.27,9.80,0.25,0.00,0.00,0,0
48006,ON,1,0,0.00,28.00,-30.00,-3.12,101,100,0.00,0,0.00,26.27,9.80,0.25,0.00,0.00,0,0
48116,ON,1,0,0.00,28.00,-30.00,-3.12,101,100,0.00,0,0.00,26.27,9.80,0.25,0.00,0.00,0,0
48225,ON,1,0,0.00,28.00,-30.00,-3.12,100,100,0.00,0,0.00,26.27,9.80,0.25,0.00,0.00,0,0
48335,ON,1,0,0.00,28.00,-30.00,-3.12,100,100,0.00,0,0.00,26.27,9.80,0.25,0.00,0.00,0,0
48445,ON,1,0,0.00,28.00,-30.00,-3.12,100,100,0.00,0,0.00,26.27,9.80,0.25,0.00,0.00,0,0
48557,ON,1,0,0.00,28.00,-30.00,-3.12,100,100,0.00,0,0.00,26.27,9.80,0.25,0.00,0.00,0,0
48666,ON,1,0,0.00,28.00,-30.00,-3.12,100,101,0.00,0,0.00,26.27,9.80,0.25,0.00,0.00,0,0
48776,ON,1,0,0.00,28.00,-30.00,-3.12,100,101,0.00,0,0.00,26.27,9.80,0.25,0.00,0.00,0,0
48885,ON,1,0,0.00,28.00,-30.00,-3.12,100,100,0.00,0,0.00,26.27,9.80,0.25,0.00,0.00,0,0
48995,ON,1,0,0.00,28.00,-30.00,-3.12,101,100,0.00,0,0.00,26.27,9.80,0.25,0.00,0.00,0,0
49104,ON,1,0,0.00,28.00,-30.00,-3.12,101,101,0.00,0,0.00,26.27,9.80,0.25,0.00,0.00,0,0
49216,ON,1,0,0.00,28.00,-30.00,-3.12,101,101,0.00,0,0.00,26.27,9.80,0.25,0.00,0.00,0,0
49326,ON,1,0,0.00,28.00,-30.00,-3.12,101,101,0.00,0,0.00,26.27,9.80,0.25,0.00,0.00,0,0
49436,ON,1,0,0.00,28.00,-30.00,-3.12,101,101,0.00,0,0.00,26.27,9.80,0.25,0.00,0.00,0,0
49545,ON,1,0,0.00,28.00,-30.00,-3.12,101,100,0.00,0,0.00,26.27,9.80,0.25,0.00,0.00,0,0
49655,ON,1,0,0.00,28.00,-30.00,-3.12,101,100,0.00,0,0.00,26.27,9.80,0.25,0.00,0.00,0,0
49764,ON,1,0,0.00,28.00,-30.00,-3.12,101,101,0.00,0,0.00,26.27,9.80,0.25,0.00,0.00,0,0
49877,ON,1,0,0.00,28.00,-30.00,-3.12,100,101,0.00,0,0.00,26.27,9.80,0.25,0.00,0.00,0,0
49986,ON,1,0,0.00,28.00,-30.00,-3.12,100,100,0.00,0,0.00,26.27,9.80,0.25,0.00,0.00,0,0
50096,ON,1,0,0.00,28.00,-30.00,-3.12,100,100,0.00,0,0.00,26.27,9.80,0.25,0.00,0.00,0,0
50205,ON,1,0,0.00,28.00,-30.00,-3.12,100,100,0.00,0,0.00,26.27,9.80,0.25,0.00,0.00,0,0
50315,ON,1,0,0.00,28.00,-30.00,-3.12,100,100,0.00,0,0.00,26.27,9.80,0.25,0.00,0.00,0,0
50424,ON,1,0,0.00,28.00,-30.00,-3.12,101,100,0.00,0,0.00,26.27,9.80,0.25,0.00,0.00,0,0
50536,ON,1,0,0.00,27.00,-30.00,-3.12,101,100,0.00,0,0.00,26.27,9.80,0.25,0.00,0.00,0,0
50646,ON,1,0,0.00,27.00,-30.00,-3.12,101,100,0.00,0,0.00,26.27,9.80,0.25,0.00,0.00,0,0
50755,ON,1,0,0.00,27.00,-30.00,-3.12,101,101,0.00,0,0.00,26.27,9.80,0.25,0.00,0.00,0,0
50865,ON,1,0,0.00,28.00,-30.00,-3.12,101,101,0.00,0,0.00,26.27,9.80,0.25,0.00,0.00,0,0
50975,ON,1,0,0.00,28.00,-30.00,-3.12,101,100,0.00,0,0.00,26.27,9.80,0.25,0.00,0.00,0,0
51084,ON,1,0,0.00,28.00,-30.00,-3.12,101,100,0.00,0,0.00,26.27,9.80,0.25,0.00,0.00,0,0
51196,ON,1,0,0.00,28.00,-30.00,-3.12,101,100,0.00,0,0.00,26.27,9.80,0.25,0.00,0.00,0,0
51306,ON,1,0,0.00,28.00,-30.00,-3.12,101,100,0.00,0,0.00,26.27,9.80,0.25,0.00,0.00,0,0
51415,ON,1,0,0.00,28.00,-30.00,-3.12,101,100,0.00,0,0.00,26.27,9.80,0.25,0.00,0.00,0,0
51525,ON,1,0,0.00,28.00,-30.00,-3.12,101,100,0.00,0,0.00,26.27,9.80,0.25,0.00,0.00,0,0
51634,ON,1,0,0.00,28.00,-30.00,-3.12,101,100,0.00,0,0.00,26.27,9.80,0.25,0.00,0.00,0,0
51744,ON,1,0,0.00,28.00,-30.00,-3.12,101,100,0.00,0,0.00,26.27,9.80,0.25,0.00,0.00,0,0
51856,ON,1,0,0.00,28.00,-30.00,-3.12,101,100,0.00,0,0.00,26.27,9.80,0.25,0.00,0.00,0,0
51965,ON,1,0,0.00,28.00,-30.00,-3.12,100,100,0.00,0,0.00,26.27,9.80,0.25,0.00,0.00,0,0
