1127,OFF,0,0,0.00,-40.00,-40.00,-100.00,0,0,0.00,0,-64.00,0.00,0.00,0.00,-100.00,0.00,0,0
1241,ON,1,0,0.00,28.00,-40.00,-3.12,100,0,0.00,0,-64.00,0.00,0.00,0.00,-100.00,0.00,0,0
1351,ON,1,0,0.00,28.00,-30.00,-3.12,100,100,0.00,0,0.00,25.49,0.00,0.25,0.00,11.09,85,0
1460,ON,1,0,0.00,28.00,-30.00,-3.12,100,100,0.00,0,0.00,25.49,9.02,0.25,0.00,11.09,85,0
1569,ON,1,0,0.00,28.00,-30.00,-3.12,100,100,0.00,0,0.00,25.49,9.02,0.25,0.00,11.09,85,0
1680,ON,1,0,0.00,28.00,-30.00,-3.12,100,100,0.00,0,0.00,25.49,9.02,0.25,0.00,11.09,85,0
1789,ON,1,0,0.00,28.00,-30.00,-3.12,100,100,0.00,0,0.00,25.49,9.02,0.25,0.00,11.09,85,0
1898,ON,1,0,0.00,28.00,-30.00,-3.12,100,100,0.00,0,0.00,25.49,9.02,0.25,0.00,11.09,85,0
2007,ON,1,0,0.00,28.00,-30.00,-3.12,100,100,0.00,0,0.00,25.49,9.02,0.25,0.00,11.09,85,0
2116,ON,1,0,0.00,28.00,-30.00,-3.12,100,100,0.00,0,0.00,25.49,9.02,0.25,0.00,11.09,85,0
2225,ON,1,0,0.00,28.00,-30.00,-3.12,100,100,0.00,0,0.00,25.49,9.02,0.25,0.00,11.09,85,0
2336,ON,1,0,0.00,28.00,-30.00,-3.12,100,100,0.00,0,0.00,25.49,9.02,0.25,0.00,11.17,163,0
2445,ON,1,0,0.00,28.00,-30.00,-3.12,100,100,0.00,0,0.00,25.49,9.02,0.25,0.00,11.17,163,0
2554,ON,1,0,0.00,28.00,-30.00,-3.12,100,100,0.00,0,0.00,25.49,9.02,0.25,0.00,11.09,85,0
2663,ON,1,0,0.00,28.00,-30.00,-3.12,100,100,0.00,0,0.00,25.49,9.02,0.25,0.00,11.09,85,0
2771,ON,1,0,0.00,28.00,-30.00,-3.12,100,100,0.00,0,0.00,25.49,9.02,0.25,0.00,11.09,85,0
2880,ON,1,0,0.00,28.00,-30.00,-3.12,100,100,0.00,0,0.00,25.49,9.02,0.25,0.00,11.09,85,0
2992,ON,1,0,0.00,28.00,-30.00,-3.12,100,100,0.00,0,0.00,25.49,9.02,0.25,0.00,11.09,85,0
3101,ON,1,0,0.00,28.00,-30.00,-3.12,100,100,0.00,0,0.00,25.49,9.02,0.25,0.00,11.09,85,0
3210,ON,1,0,0.00,28.00,-30.00,-3.12,100,100,0.00,0,0.00,25.49,9.02,0.25,0.00,11.09,85,0
3323,ON,1,0,0.00,28.00,-30.00,-3.12,100,100,0.00,0,0.00,25.49,9.02,0.25,0.00,11.09,85,0
3432,ON,1,0,0.00,28.00,-30.00,-3.12,100,100,0.00,0,0.00,25.49,9.02,0.25,0.00,11.09,85,0
3542,ON,1,0,0.00,28.00,-30.00,-3.12,100,100,0.00,0,0.00,25.49,9.80,0.25,0.00,11.09,85,0
3654,ON,1,0,0.00,28.00,-30.00,-3.12,100,100,0.00,0,0.00,26.27,9.80,0.25,0.00,11.09,85,0
3763,ON,1,0,0.00,28.00,-30.00,-3.12,100,100,0.00,0,0.00,26.27,9.80,0.25,0.00,0.00,0,0
3873,ON,1,0,0.00,28.00,-30.00,-3.12,101,100,0.00,0,0.00,26.27,9.80,0.25,0.00,0.00,0,0
3982,ON,1,0,0.00,28.00,-30.00,-3.12,101,100,0.00,0,0.00,26.27,9.80,0.25,0.00,0.00,0,0
4092,ON,1,0,0.00,28.00,-30.00,-3.12,100,100,0.00,0,0.00,26.27,9.80,0.25,0.00,0.00,0,0
4201,ON,1,0,0.00,28.00,-30.00,-3.12,100,101,0.00,0,0.00,26.27,9.80,0.25,0.00,0.00,0,0
4314,ON,1,0,0.00,28.00,-30.00,-3.12,100,101,0.00,0,0.00,26.27,9.80,0.25,0.00,0.00,0,0
4423,ON,1,0,0.00,28.00,-30.00,-3.12,100,100,0.00,0,0.00,26.27,9.80,0.25,0.00,0.00,0,0
4533,ON,1,0,0.00,28.00,-30.00,-3.12,100,100,0.00,0,0.00,26.27,9.80,0.25,0.00,0.00,0,0
4642,ON,1,0,0.00,28.00,-30.00,-3.12,100,100,0.00,0,0.00,26.27,9.80,0.25,0.00,0.00,0,0
4752,ON,1,0,0.00,28.00,-30.00,-3.12,100,100,0.00,0,0.00,26.27,9.80,0.25,0.00,0.00,0,0
4861,ON,1,0,0.00,28.00,-30.00,-3.12,100,100,0.00,0,0.00,26.27,9.80,0.25,0.00,0.00,0,0
4973,ON,1,0,0.00,28.00,-30.00,-3.12,101,100,0.00,0,0.00,26.27,9.80,0.25,0.00,0.00,0,0
5083,ON,1,0,0.00,28.00,-30.00,-3.12,101,101,0.00,0,0.00,26.27,9.80,0.25,0.00,0.00,0,0
5192,ON,1,0,0.00,28.00,-30.00,-3.12,101,101,0.00,0,0.00,26.27,9.80,0.25,0.00,0.00,0,0
5302,ON,1,0,0.00,28.00,-30.00,-3.12,101,100,0.00,0,0.00,26.27,9.80,0.25,0.00,0.00,0,0
5411,ON,1,0,0.00,28.00,-30.00,-3.12,101,100,0.00,0,0.00,26.27,9.80,0.25,0.00,0.00,0,0
5521,ON,1,0,0.00,28.00,-30.00,-3.12,101,100,0.00,0,0.00,26.27,9.80,0.25,0.00,0.00,0,0
5633,ON,1,0,0.00,28.00,-30.00,-3.12,101,100,0.00,0,0.00,26.27,9.80,0.25,0.00,0.00,0,0
5743,ON,1,0,0.00,28.00,-30.00,-3.12,100,100,0.00,0,0.00,26.27,9.80,0.25,0.00,0.00,0,0
5852,ON,1,0,0.00,28.00,-30.00,-3.12,100,100,0.00,0,0.00,26.27,9.80,0.25,0.00,0.00,0,0
5962,ON,1,0,0.00,28.00,-30.00,-3.12,101,100,0.00,0,0.00,26.27,9.80,0.25,0.00,0.00,0,0
6072,ON,1,0,0.00,28.00,-30.00,-3.12,101,100,0.00,0,0.00,26.27,9.80,0.25,0.00,0.00,0,0
6181,ON,1,0,0.00,28.00,-30.00,-3.12,100,100,0.00,0,0.00,26.27,9.80,0.25,0.00,0.00,0,0
6293,ON,1,0,0.00,28.00,-30.00,-3.12,100,101,0.00,0,0.00,26.27,9.80,0.25,0.00,0.00,0,0
6403,ON,1,0,0.00,28.00,-30.00,-3.12,101,101,0.00,0,0.00,26.27,9.80,0.25,0.00,0.00,0,0
6512,ON,1,0,0.00,28.00,-30.00,-3.12,101,100,0.00,0,0.00,26.27,9.80,0.25,0.00,0.00,0,0
6622,ON,1,0,0.00,28.00,-30.00,-3.12,101,100,0.00,0,0.00,26.27,9.80,0.25,0.00,0.00,0,0
6731,ON,1,0,0.00,28.00,-30.00,-3.12,101,100,0.00,0,0.00,26.27,9.80,0.25,0.00,0.00,0,0
6841,ON,1,0,0.00,28.00,-30.00,-3.12,100,100,0.00,0,0.00,26.27,9.80,0.25,0.00,0.00,0,0
6953,ON,1,0,0.00,28.00,-30.00,-3.12,100,100,0.00,0,0.00,26.27,9.80,0.25,0.00,0.00,0,0
7062,ON,1,0,0.00,28.00,-30.00,-3.12,101,100,0.00,0,0.00,26.27,9.80,0.25,0.00,0.00,0,0
7172,ON,1,0,0.00,28.00,-30.00,-3.12,101,100,0.00,0,0.00,26.27,9.80,0.25,0.00,0.00,0,0
7281,ON,1,0,0.00,28.00,-30.00,-3.12,101,100,0.00,0,0.00,26.27,9.80,0.25,0.00,0.00,0,0
7391,ON,1,0,0.00,28.00,-30.00,-3.12,100,100,0.00,0,0.00,26.27,9.80,0.25,0.00,0.00,0,0
7501,ON,1,0,0.00,28.00,-30.00,-3.12,100,100,0.00,0,0.00,26.27,9.80,0.25,0.00,0.00,0,0
7613,ON,1,0,0.00,28.00,-30.00,-3.12,100,100,0.00,0,0.00,26.27,9.80,0.25,0.00,0.00,0,0
7722,ON,1,0,0.00,28.00,-30.00,-3.12,100,100,0.00,0,0.00,26.27,9.80,0.25,0.00,0.00,0,0
7832,ON,1,0,0.00,28.00,-30.00,-3.12,100,100,0.00,0,0.00,26.27,9.80,0.25,0.00,0.00,0,0
7941,ON,1,0,0.00,28.00,-30.00,-3.12,100,100,0.00,0,0.00,26.27,9.80,0.25,0.00,0.00,0,0
8051,ON,1,0,0.00,28.00,-30.00,-3.12,100,100,0.00,0,0.00,26.27,9.80,0.25,0.00,0.00,0,0
8160,ON,1,0,0.00,28.00,-30.00,-3.12,100,101,0.00,0,0.00,26.27,9.80,0.25,0.00,0.00,0,0
8273,ON,1,0,0.00,28.00,-30.00,-3.12,100,101,0.00,0,0.00,26.27,9.80,0.25,0.00,0.00,0,0
8382,ON,1,0,0.00,28.00,-30.00,-3.12,100,101,0.00,0,0.00,26.27,9.80,0.25,0.00,0.00,0,0
8492,ON,1,0,0.00,28.00,-30.00,-3.12,101,101,0.00,0,0.00,26.27,9.80,0.25,0.00,0.00,0,0
8601,ON,1,0,0.00,28.00,-30.00,-3.12,101,100,0.00,0,0.00,26.27,9.80,0.25,0.00,0.00,0,0
8711,ON,1,0,0.00,28.00,-30.00,-3.12,100,100,0.00,0,0.00,26.27,9.80,0.25,0.00,0.00,0,0
8820,ON,1,0,0.00,28.00,-30.00,-3.12,100,100,0.00,0,0.00,26.27,9.80,0.25,0.00,0.00,0,0
8932,ON,1,0,0.00,28.00,-30.00,-3.12,100,100,0.00,0,0.00,26.27,9.80,0.25,0.00,0.00,0,0
9042,ON,1,0,0.00,28.00,-30.00,-3.12,100,100,0.00,0,0.00,26.27,9.80,0.25,0.00,0.00,0,0
9151,ON,1,0,0.00,28.00,-30.00,-3.12,100,100,0.00,0,0.00,26.27,9.80,0.25,0.00,0.00,0,0
9261,ON,1,0,0.00,28.00,-30.00,-3.12,101,100,0.00,0,0.00,26.27,9.80,0.25,0.00,0.00,0,0
9370,ON,1,0,0.00,28.00,-30.00,-3.12,101,100,0.00,0,0.00,26.27,9.80,0.25,0.00,0.00,0,0
9480,ON,1,0,0.00,28.00,-30.00,-3.12,100,100,0.00,0,0.00,26.27,9.80,0.25,0.00,0.00,0,0
9592,ON,1,0,0.00,28.00,-30.00,-3.12,100,100,0.00,0,0.00,26.27,9.80,0.25,0.00,0.00,0,0
9701,ON,1,0,0.00,28.00,-30.00,-3.12,101,100,0.00,0,0.00,26.27,9.80,0.25,0.00,0.00,0,0
9811,ON,1,0,0.00,28.00,-30.00,-3.12,101,100,0.00,0,0.00,26.27,9.80,0.25,0.00,0.00,0,0
9921,ON,1,0,0.00,28.00,-30.00,-3.12,100,100,0.00,0,0.00,26.27,9.80,0.25,0.00,0.00,0,0
10030,ON,1,0,0.00,28.00,-30.00,-3.12,100,100,0.00,0,0.00,26.27,9.80,0.25,0.00,0.00,0,0
10140,ON,1,0,0.00,28.00,-30.00,-3.12,100,100,0.00,0,0.00,26.27,9.80,0.25,0.00,0.00,0,0
10251,ON,1,0,0.00,28.00,-30.00,-3.12,100,101,0.00,0,0.00,26.27,9.80,0.25,0.00,0.00,0,0
10361,ON,1,0,0.00,28.00,-30.00,-3.12,101,101,0.00,0,0.00,26.27,9.80,0.25,0.00,0.00,0,0
10471,ON,1,0,0.00,28.00,-30.00,-3.12,101,100,0.00,0,0.00,26.27,9.80,0.25,0.00,0.00,0,0
10580,ON,1,0,0.00,28.00,-30.00,-3.12,101,100,0.00,0,0.00,26.27,9.80,0.25,0.00,0.00,0,0
10690,ON,1,0,0.00,28.00,-30.00,-3.12,101,101,0.00,0,0.00,26.27,9.80,0.25,0.00,0.00,0,0
10799,ON,1,0,0.00,28.00,-30.00,-3.12,101,101,0.00,0,0.00,26.27,9.80,0.25,0.00,0.00,0,0
10912,ON,1,0,0.00,28.00,-30.00,-3.12,101,100,0.00,0,0.00,26.27,9.80,0.25,0.00,0.00,0,0
11021,ON,1,0,0.00,28.00,-30.00,-3.12,101,100,0.00,0,0.00,26.27,9.80,0.25,0.00,0.00,0,0
11131,ON,1,0,0.00,28.00,-30.00,-3.12,101,100,0.00,0,0.00,26.27,9.80,0.25,0.00,0.00,0,0
11240,ON,1,0,0.00,28.00,-30.00,-3.12,101,101,0.00,0,0.00,26.27,9.80,0.25,0.00,0.00,0,0
11350,ON,1,0,0.00,28.00,-30.00,-3.12,100,101,0.00,0,0.00,26.27,9.80,0.25,0.00,0.00,0,0
11459,ON,1,0,0.00,28.00,-30.00,-3.12,100,100,0.00,0,0.00,26.27,9.80,0.25,0.00,0.00,0,0
11571,ON,1,0,0.00,28.00,-30.00,-3.12,100,100,0.00,0,0.00,26.27,9.80,0.25,0.00,0.00,0,0
11681,ON,1,0,0.00,28.00,-30.00,-3.12,100,100,0.00,0,0.00,26.27,9.80,0.25,0.00,0.00,0,0
11790,ON,1,0,0.00,28.00,-30.00,-3.12,101,100,0.00,0,0.00,26.27,9.80,0.25,0.00,0.00,0,0
11900,ON,1,0,0.00,28.00,-30.00,-3.12,101,100,0.00,0,0.00,26.27,9.80,0.25,0.00,0.00,0,0
12009,ON,1,0,0.00,28.00,-30.00,-3.12,100,100,0.00,0,0.00,26.27,9.80,0.25,0.00,0.00,0,0
12119,ON,1,0,0.00,28.00,-30.00,-3.12,100,100,0.00,0,0.00,26.27,9.80,0.25,0.00,0.00,0,0
12231,ON,1,0,0.00,28.00,-30.00,-3.12,101,100,0.00,0,0.00,26.27,9.80,0.25,0.00,0.00,0,0
12340,ON,1,0,0.00,28.00,-30.00,-3.12,101,100,0.00,0,0.00,26.27,9.80,0.25,0.00,0.00,0,0
12450,ON,1,0,0.00,28.00,-30.00,-3.12,101,100,0.00,0,0.00,26.27,9.80,0.25,0.00,0.00,0,0
12559,ON,1,0,0.00,28.00,-30.00,-3.12,101,101,0.00,0,0.00,26.27,9.80,0.25,0.00,0.00,0,0
12669,ON,1,0,0.00,28.00,-30.00,-3.12,100,101,0.00,0,0.00,26.27,9.80,0.25,0.00,0.00,0,0
12778,ON,1,0,0.00,28.00,-30.00,-3.12,100,100,0.00,0,0.00,26.27,9.80,0.25,0.00,0.00,0,0
12890,ON,1,0,0.00,28.00,-30.00,-3.12,100,100,0.00,0,0.00,26.27,9.80,0.25,0.00,0.00,0,0
13000,ON,1,0,0.00,28.00,-30.00,-3.12,100,100,0.00,0,0.00,26.27,9.80,0.25,0.00,0.00,0,0
13109,ON,1,0,0.00,28.00,-30.00,-3.12,100,101,0.00,0,0.00,26.27,9.80,0.25,0.00,0.00,0,0
13219,ON,1,0,0.00,28.00,-30.00,-3.12,100,101,0.00,0,0.00,26.27,9.80,0.25,0.00,0.00,0,0
13329,ON,1,0,0.00,28.00,-30.00,-3.12,100,101,0.00,0,0.00,26.27,9.80,0.25,0.00,0.00,0,0
13439,ON,1,0,0.00,28.00,-30.00,-3.12,100,101,0.00,0,0.00,26.27,9.80,0.25,0.00,0.00,0,0
13551,ON,1,0,0.00,28.00,-30.00,-3.12,100,101,0.00,0,0.00,26.27,9.80,0.25,0.00,0.00,0,0
13661,ON,1,0,0.00,28.00,-30.00,-3.12,100,101,0.00,0,0.00,26.27,9.80,0.25,0.00,0.00,0,0
13770,ON,1,0,0.00,28.00,-30.00,-3.12,100,101,0.00,0,0.00,26.27,9.80,0.25,0.00,0.00,0,0
13880,ON,1,0,0.00,28.00,-30.00,-3.12,100,101,0.00,0,0.00,26.27,9.80,0.25,0.00,0.00,0,0
13989,ON,1,0,0.00,28.00,-30.00,-3.12,100,101,0.00,0,0.00,26.27,9.80,0.25,0.00,0.00,0,0
14099,ON,1,0,0.00,28.00,-30.00,-3.12,100,101,0.00,0,0.00,26.27,9.80,0.25,0.00,0.00,0,0
14211,ON,1,0,0.00,28.00,-30.00,-3.12,100,101,0.00,0,0.00,26.27,9.80,0.25,0.00,0.00,0,0
14320,ON,1,0,0.00,28.00,-30.00,-3.12,100,101,0.00,0,0.00,26.27,9.80,0.25,0.00,0.00,0,0
14430,ON,1,0,0.00,28.00,-30.00,-3.12,100,101,0.00,0,0.00,26.27,9.80,0.25,0.00,0.00,0,0
14539,ON,1,0,0.00,28.00,-30.00,-3.12,100,101,0.00,0,0.00,26.27,9.80,0.25,0.00,0.00,0,0
14649,ON,1,0,0.00,28.00,-30.00,-3.12,100,101,0.00,0,0.00,26.27,9.80,0.25,0.00,0.00,0,0
14758,ON,1,0,0.00,28.00,-30.00,-3.12,100,101,0.00,0,0.00,26.27,9.80,0.25,0.00,0.00,0,0
14871,ON,1,0,0.00,28.00,-30.00,-3.12,100,101,0.00,0,0.00,26.27,9.80,0.25,0.00,0.00,0,0
14981,ON,1,0,0.00,28.00,-30.00,-3.12,100,101,0.00,0,0.00,25.49,9.80,0.25,0.00,0.00,0,0
15090,ON,1,0,0.00,28.00,-30.00,-3.12,100,101,0.00,0,0.00,25.49,9.02,0.25,0.00,11.09,85,0
15198,ON,1,0,0.00,28.00,-30.00,-3.12,100,101,0.00,0,0.00,25.49,9.02,0.25,0.00,11.09,85,0
15307,ON,1,0,0.00,28.00,-30.00,-3.12,100,101,0.00,0,0.00,25.49,9.02,0.25,0.00,11.17,163,0
15416,ON,1,0,0.00,28.00,-30.00,-3.12,100,101,0.00,0,0.00,25.49,9.02,0.25,0.00,11.17,163,0
15527,ON,1,0,0.00,28.00,-30.00,-3.12,100,101,0.00,0,0.00,25.49,9.02,0.25,0.00,11.09,85,0
15636,ON,1,0,0.00,28.00,-30.00,-3.12,100,101,0.00,0,0.00,25.49,9.02,0.25,0.00,11.09,85,0
15745,ON,1,0,0.00,28.00,-30.00,-3.12,100,100,0.00,0,0.00,25.49,9.02,0.25,0.00,11.09,85,0
15854,ON,1,0,0.00,28.00,-30.00,-3.12,100,100,0.00,0,0.00,25.49,9.02,0.25,0.00,11.09,85,0
15963,ON,1,0,0.00,28.00,-30.00,-3.12,100,100,0.00,0,0.00,25.49,9.02,0.25,0.00,11.09,85,0
16072,ON,1,0,0.00,28.00,-30.00,-3.12,100,100,0.00,0,0.00,25.49,9.02,0.25,0.00,11.09,85,0
16183,ON,1,0,0.00,28.00,-30.00,-3.12,100,100,0.00,0,0.00,25.49,9.02,0.25,0.00,11.09,85,0
16292,ON,1,0,0.00,28.00,-30.00,-3.12,100,100,0.00,0,0.00,25.49,9.02,0.25,0.00,11.09,85,0
16401,ON,1,0,0.00,28.00,-30.00,-3.12,100,100,0.00,0,0.00,25.49,9.02,0.25,0.00,11.17,163,0
16510,ON,1,0,0.00,28.00,-30.00,-3.12,100,100,0.00,0,0.00,25.49,9.02,0.25,0.00,11.17,163,0
16619,ON,1,0,0.00,28.00,-30.00,-3.12,100,100,0.00,0,0.00,25.49,9.02,0.25,0.00,11.09,85,0
16728,ON,1,0,0.00,28.00,-30.00,-3.12,100,100,0.00,0,0.00,25.49,9.02,0.25,0.00,11.09,85,0
16839,ON,1,0,0.00,28.00,-30.00,-3.12,100,100,0.00,0,0.00,25.49,9.02,0.25,0.00,11.09,85,0
16948,ON,1,0,0.00,28.00,-30.00,-3.12,100,100,0.00,0,0.00,25.49,9.02,0.25,0.00,11.09,85,0
17056,ON,1,0,0.00,28.00,-30.00,-3.12,100,100,0.00,0,0.00,25.49,9.02,0.25,0.00,11.09,85,0
17165,ON,1,0,0.00,28.00,-30.00,-3.12,100,100,0.00,0,0.00,25.49,9.02,0.25,0.00,11.09,85,0
17274,ON,1,0,0.00,28.00,-30.00,-3.12,100,100,0.00,0,0.00,25.49,9.02,0.25,0.00,11.09,85,0
17383,ON,1,0,0.00,28.00,-30.00,-3.12,100,100,0.00,0,0.00,25.49,9.02,0.25,0.00,11.09,85,0
17494,ON,1,0,0.00,28.00,-30.00,-3.12,100,100,0.00,0,0.00,25.49,9.02,0.25,0.00,11.09,85,0
17603,ON,1,0,0.00,28.00,-30.00,-3.12,100,100,0.00,0,0.00,25.49,9.02,0.25,0.00,11.09,85,0
17712,ON,1,0,0.00,28.00,-30.00,-3.12,100,100,0.00,0,0.00,25.49,9.02,0.25,0.00,11.09,85,0
17821,ON,1,0,0.00,28.00,-30.00,-3.12,100,100,0.00,0,0.00,25.49,9.02,0.25,0.00,11.09,85,0
17930,ON,1,0,0.00,28.00,-30.00,-3.12,100,100,0.00,0,0.00,25.49,9.02,0.25,0.00,11.09,85,0
18039,ON,1,0,0.00,28.00,-30.00,-3.12,100,101,0.00,0,0.00,26.27,9.80,0.25,0.00,0.00,0,0
18151,ON,1,0,0.00,28.00,-30.00,-3.12,100,101,0.00,0,0.00,26.27,9.80,0.25,0.00,0.00,0,0
18260,ON,1,0,0.00,28.00,-30.00,-3.12,100,100,0.00,0,0.00,26.27,9.80,0.25,0.00,0.00,0,0
18370,ON,1,0,0.00,28.00,-30.00,-3.12,101,100,0.00,0,0.00,26.27,9.80,0.25,0.00,0.00,0,0
18479,ON,1,0,0.00,28.00,-30.00,-3.12,101,101,0.00,0,0.00,26.27,9.80,0.25,0.00,0.00,0,0
18589,ON,1,0,0.00,28.00,-30.00,-3.12,100,101,0.00,0,0.00,26.27,9.80,0.25,0.00,0.00,0,0
18698,ON,1,0,0.00,28.00,-30.00,-3.12,100,100,0.00,0,0.00,26.27,9.80,0.25,0.00,0.00,0,0
18811,ON,1,0,0.00,28.00,-30.00,-3.12,100,100,0.00,0,0.00,26.27,9.80,0.25,0.00,0.00,0,0
18920,ON,1,0,0.00,28.00,-30.00,-3.12,101,100,0.00,0,0.00,26.27,9.80,0.25,0.00,0.00,0,0
19030,ON,1,0,0.00,28.00,-30.00,-3.12,101,100,0.00,0,0.00,26.27,9.80,0.25,0.00,0.00,0,0
19139,ON,1,0,0.00,28.00,-30.00,-3.12,101,100,0.00,0,0.00,26.27,9.80,0.25,0.00,0.00,0,0
19249,ON,1,0,0.00,28.00,-30.00,-3.12,101,101,0.00,0,0.00,26.27,9.80,0.25,0.00,0.00,0,0
19358,ON,1,0,0.00,28.00,-30.00,-3.12,100,101,0.00,0,0.00,26.27,9.80,0.25,0.00,0.00,0,0
19470,ON,1,0,0.00,28.00,-30.00,-3.12,100,101,0.00,0,0.00,26.27,9.80,0.25,0.00,0.00,0,0
19580,ON,1,0,0.00,28.00,-30.00,-3.12,101,101,0.00,0,0.00,26.27,9.80,0.25,0.00,0.00,0,0
19690,ON,1,0,0.00,28.00,-30.00,-3.12,101,100,0.00,0,0.00,30.98,21.57,0.25,0.00,0.00,0,0
19800,ON,1,0,0.00,28.00,-30.00,-3.12,101,100,0.00,0,0.00,30.98,21.57,0.25,0.00,0.00,0,0
19910,ON,1,0,0.00,28.00,-30.00,-3.12,101,101,0.00,0,0.00,49.02,40.78,0.25,0.00,0.00,0,0
20020,ON,1,0,0.00,28.00,-30.00,-3.12,101,101,0.00,0,0.00,49.02,40.78,0.25,0.00,0.00,0,0
20133,ON,1,0,0.00,28.00,-30.00,-3.12,101,101,0.00,0,0.00,56.08,52.55,0.25,0.00,0.00,0,0
20243,ON,1,0,0.00,28.00,-30.00,-3.12,100,101,0.00,0,0.00,56.08,52.55,0.25,0.00,0.00,0,0
20354,ON,1,0,0.00,28.00,-30.00,-3.12,100,100,0.00,0,0.00,64.71,52.55,0.25,0.00,0.00,0,0
20464,ON,1,0,0.00,28.00,-30.00,-3.12,101,100,0.00,0,0.00,64.71,56.47,0.25,0.00,0.00,0,0
20574,ON,1,0,0.00,28.00,-30.00,-3.12,101,100,0.00,0,0.00,63.14,56.47,0.25,0.00,0.00,0,0
20684,ON,1,0,0.00,28.00,-30.00,-3.12,101,100,0.00,0,0.00,63.14,51.37,0.25,0.00,0.00,0,0
20797,ON,1,0,0.00,28.00,-30.00,-3.12,101,100,0.00,0,0.00,58.04,51.37,0.25,0.00,0.00,0,0
20907,ON,1,0,0.00,28.00,-30.00,-3.12,101,101,0.00,0,0.00,58.04,48.63,0.25,0.00,0.00,0,0
21017,ON,1,0,0.00,28.00,-30.00,-3.12,100,101,0.00,0,0.00,54.12,48.63,0.25,0.00,0.00,0,0
21128,ON,1,0,0.00,28.00,-30.00,-3.12,100,100,0.00,0,0.00,54.12,41.18,0.25,0.00,0.00,0,0
21238,ON,1,0,0.00,28.00,-30.00,-3.12,100,100,0.00,0,0.00,48.63,41.18,0.25,0.00,0.00,0,0
21348,ON,1,0,0.00,28.00,-30.00,-3.12,100,100,0.00,0,0.00,48.63,36.08,0.25,0.00,0.00,0,0
21461,ON,1,0,0.00,28.00,-30.00,-3.12,101,100,0.00,0,0.00,48.63,36.08,0.25,0.00,0.00,0,0
21571,ON,1,0,0.00,28.00,-30.00,-3.12,101,100,0.00,0,0.00,42.75,27.84,0.25,0.00,0.00,0,0
21682,ON,1,0,0.00,28.00,-30.00,-3.12,101,100,0.00,0,0.00,42.75,27.84,0.25,0.00,0.00,0,0
21792,ON,1,0,0.00,28.00,-30.00,-3.12,101,100,0.00,0,0.00,37.65,22.35,0.25,0.00,0.00,0,0
21902,ON,1,0,0.00,28.00,-30.00,-3.12,100,100,0.00,0,0.00,37.65,22.35,0.25,0.00,0.00,0,0
22012,ON,1,0,0.00,28.00,-30.00,-3.12,100,101,0.00,0,0.00,34.51,18.04,0.25,0.00,0.00,0,0
22125,ON,1,0,0.00,28.00,-30.00,-3.12,101,101,0.00,0,0.00,34.51,18.04,0.25,0.00,0.00,0,0
22235,ON,1,0,0.00,28.00,-30.00,-3.12,101,100,0.00,0,0.00,35.29,18.04,0.25,0.00,0.00,0,0
22345,ON,1,0,0.00,28.00,-30.00,-3.12,100,100,0.00,0,0.00,35.29,27.45,0.25,0.00,0.00,0,0
22456,ON,1,0,0.00,28.00,-30.00,-3.12,100,101,0.00,0,0.00,48.63,27.45,0.25,0.00,0.00,0,0
22566,ON,1,0,0.00,28.00,-30.00,-3.12,100,101,0.00,0,0.00,48.63,40.78,0.25,0.00,0.00,0,0
22676,ON,1,0,0.00,28.00,-30.00,-3.12,100,101,0.00,0,0.00,59.61,40.78,0.25,0.00,0.00,0,0
22789,ON,1,0,0.00,28.00,-30.00,-3.12,100,100,0.00,0,0.00,59.61,55.29,0.25,0.00,0.00,0,0
22899,ON,1,0,0.00,28.00,-30.00,-3.12,101,100,0.00,0,0.00,72.16,55.29,0.25,0.00,0.00,0,0
23009,ON,1,0,0.00,28.00,-30.00,-3.12,101,101,0.00,0,0.00,72.16,67.06,0.25,0.00,0.00,0,0
23119,ON,1,0,0.00,28.00,-30.00,-3.12,101,101,0.00,0,0.00,72.94,67.06,0.25,0.00,0.00,0,0
23230,ON,1,0,0.00,28.00,-30.00,-3.12,101,100,0.00,0,0.00,72.94,67.06,0.25,0.00,0.00,0,0
23340,ON,1,0,0.00,28.00,-30.00,-3.12,101,100,0.00,0,0.00,72.94,67.06,0.25,0.00,0.00,0,0
23453,ON,1,0,0.00,28.00,-30.00,-3.12,101,100,0.00,0,0.00,72.94,67.06,0.25,0.00,0.00,0,0
23563,ON,1,0,0.00,28.00,-30.00,-3.12,101,100,0.00,0,0.00,72.94,67.06,0.25,0.00,0.00,0,0
23673,ON,1,0,0.00,28.00,-30.00,-3.12,101,101,0.00,0,0.00,72.94,67.06,0.25,0.00,0.00,0,0
23783,ON,1,0,0.00,28.00,-30.00,-3.12,101,101,0.00,0,0.00,72.94,67.06,0.25,0.00,0.00,0,0
23894,ON,1,0,0.00,28.00,-30.00,-3.12,101,100,0.00,0,0.00,72.55,63.53,0.25,0.00,0.00,0,0
24004,ON,1,0,0.00,28.00,-30.00,-3.12,100,100,0.00,0,0.00,72.55,63.53,0.25,0.00,0.00,0,0
24117,ON,1,0,0.00,28.00,-30.00,-3.12,100,101,0.00,0,0.00,61.18,63.53,0.25,0.00,0.00,0,0
24227,ON,1,0,0.00,28.00,-30.00,-3.12,101,101,0.00,0,0.00,61.18,46.67,0.25,0.00,0.00,0,0
24337,ON,1,0,0.00,28.00,-30.00,-3.12,101,101,0.00,0,0.00,47.06,46.67,0.25,0.00,0.00,0,0
24448,ON,1,0,0.00,28.00,-30.00,-3.12,101,101,0.00,0,0.00,47.06,28.63,0.25,0.00,0.00,0,0
24558,ON,1,0,0.00,28.00,-30.00,-3.12,101,101,0.00,0,0.00,32.94,28.63,0.25,0.00,0.00,0,0
24668,ON,1,0,0.00,28.00,-30.00,-3.12,101,101,0.00,0,0.00,32.94,12.55,0.25,0.00,0.00,0,0
24781,ON,1,0,0.00,28.00,-30.00,-3.12,101,101,0.00,0,0.00,26.67,12.55,0.25,0.00,0.00,0,0
24891,ON,1,0,0.00,28.00,-30.00,-3.12,101,100,0.00,0,0.00,26.67,10.20,0.25,0.00,0.00,0,0
25001,ON,1,0,0.00,28.00,-30.00,-3.12,101,100,0.00,0,0.00,26.67,10.20,0.25,0.00,0.00,0,0
25111,ON,1,0,0.00,28.00,-30.00,-3.12,101,101,0.00,0,0.00,26.67,10.20,0.25,0.00,0.00,0,0
25222,ON,1,0,0.00,28.00,-30.00,-3.12,100,101,0.00,0,0.00,26.67,10.20,0.25,0.00,0.00,0,0
25332,ON,1,0,0.00,28.00,-30.00,-3.12,100,100,0.00,0,0.00,26.67,10.20,0.25,0.00,0.00,0,0
25445,ON,1,0,0.00,28.00,-30.00,-3.12,100,100,0.00,0,0.00,26.67,10.20,0.25,0.00,0.00,0,0
25555,ON,1,0,0.00,28.00,-30.00,-3.12,100,101,0.00,0,0.00,26.67,10.20,0.25,0.00,0.00,0,0
25665,ON,1,0,0.00,28.00,-30.00,-3.12,100,101,0.00,0,0.00,26.67,10.20,0.25,0.00,0.00,0,0
25775,ON,1,0,0.00,28.00,-30.00,-3.12,100,100,0.00,0,0.00,26.67,10.20,0.25,0.00,0.00,0,0
25886,ON,1,0,0.00,28.00,-30.00,-3.12,101,100,0.00,0,0.00,26.67,10.20,0.25,0.00,0.00,0,0
25996,ON,1,0,0.00,28.00,-30.00,-3.12,101,101,0.00,0,0.00,26.67,10.20,0.25,0.00,0.00,0,0
26109,ON,1,0,0.00,28.00,-30.00,-3.12,100,101,0.00,0,0.00,26.67,10.20,0.25,0.00,0.00,0,0
26219,ON,1,0,0.00,28.00,-30.00,-3.12,100,101,0.00,0,0.00,26.67,10.20,0.25,0.00,0.00,0,0
26329,ON,1,0,0.00,28.00,-30.00,-3.12,100,101,0.00,0,0.00,26.67,10.20,0.25,0.00,0.00,0,0
26439,ON,1,0,0.00,28.00,-30.00,-3.12,101,101,0.00,0,0.00,26.67,10.20,0.25,0.00,0.00,0,0
26550,ON,1,0,0.00,28.00,-30.00,-3.12,101,100,0.00,0,0.00,26.67,10.20,0.25,0.00,0.00,0,0
26660,ON,1,0,0.00,28.00,-30.00,-3.12,100,100,0.00,0,0.00,26.67,10.20,0.25,0.00,0.00,0,0
26773,ON,1,0,0.00,28.00,-30.00,-3.12,100,100,0.00,0,0.00,26.67,10.20,0.25,0.00,0.00,0,0
26883,ON,1,0,0.00,28.00,-30.00,-3.12,100,100,0.00,0,0.00,26.67,10.20,0.25,0.00,0.00,0,0
26993,ON,1,0,0.00,28.00,-30.00,-3.12,100,100,0.00,0,0.00,26.67,10.20,0.25,0.00,0.00,0,0
27104,ON,1,0,0.00,28.00,-30.00,-3.12,100,100,0.00,0,0.00,26.67,10.20,0.25,0.00,0.00,0,0
27214,ON,1,0,0.00,28.00,-30.00,-3.12,100,101,0.00,0,0.00,26.67,10.20,0.25,0.00,0.00,0,0
27324,ON,1,0,0.00,28.00,-30.00,-3.12,101,101,0.00,0,0.00,26.67,10.20,0.25,0.00,0.00,0,0
27437,ON,1,0,0.00,28.00,-30.00,-3.12,101,101,0.00,0,0.00,26.67,10.20,0.25,0.00,0.00,0,0
27547,ON,1,0,0.00,28.00,-30.00,-3.12,100,101,0.00,0,0.00,26.67,10.20,0.25,0.00,0.00,0,0
27657,ON,1,0,0.00,28.00,-30.00,-3.12,100,101,0.00,0,0.00,26.67,10.20,0.25,0.00,0.00,0,0
27768,ON,1,0,0.00,28.00,-30.00,-3.12,101,101,0.00,0,0.00,26.67,10.20,0.25,0.00,0.00,0,0
27878,ON,1,0,0.00,28.00,-30.00,-3.12,101,100,0.00,0,0.00,26.67,10.20,0.25,0.00,0.00,0,0
27988,ON,1,0,0.00,28.00,-30.00,-3.12,101,100,0.00,0,0.00,26.67,10.20,0.25,0.00,0.00,0,0
28101,ON,1,0,0.00,28.00,-30.00,-3.12,101,101,0.00,0,0.00,26.67,10.20,0.25,0.00,0.00,0,0
28211,ON,1,0,0.00,28.00,-30.00,-3.12,101,101,0.00,0,0.00,26.67,10.20,0.25,0.00,0.00,0,0
28321,ON,1,0,0.00,28.00,-30.00,-3.12,101,101,0.00,0,0.00,26.67,10.20,0.25,0.00,0.00,0,0
28431,ON,1,0,0.00,28.00,-30.00,-3.12,101,101,0.00,0,0.00,26.67,10.20,0.25,0.00,0.00,0,0
28542,ON,1,0,0.00,28.00,-30.00,-3.12,100,101,0.00,0,0.00,26.67,10.20,0.25,0.00,0.00,0,0
28652,ON,1,0,0.00,28.00,-30.00,-3.12,100,100,0.00,0,0.00,26.67,10.20,0.25,0.00,0.00,0,0
28765,ON,1,0,0.00,28.00,-30.00,-3.12,101,100,0.00,0,0.00,26.67,10.20,0.25,0.00,0.00,0,0
28875,ON,1,0,0.00,28.00,-30.00,-3.12,101,101,0.00,0,0.00,26.67,10.20,0.25,0.00,0.00,0,0
28985,ON,1,0,0.00,28.00,-30.00,-3.12,100,101,0.00,0,0.00,26.67,10.20,0.25,0.00,0.00,0,0
29095,ON,1,0,0.00,28.00,-30.00,-3.12,100,101,0.00,0,0.00,26.67,10.20,0.25,0.00,0.00,0,0
29206,ON,1,0,0.00,28.00,-30.00,-3.12,100,101,0.00,0,0.00,26.67,10.20,0.25,0.00,0.00,0,0
29316,ON,1,0,0.00,28.00,-30.00,-3.12,100,101,0.00,0,0.00,26.67,10.20,0.25,0.00,0.00,0,0
29430,ON,1,0,0.00,28.00,-30.00,-3.12,100,101,0.00,0,0.00,26.67,10.20,0.25,0.00,0.00,0,0
29540,ON,1,0,0.00,28.00,-30.00,-3.12,100,101,0.00,0,0.00,26.67,10.20,0.25,0.00,0.00,0,0
29650,ON,1,0,0.00,28.00,-30.00,-3.12,100,101,0.00,0,0.00,26.67,10.20,0.25,0.00,0.00,0,0
29761,ON,1,0,0.00,28.00,-30.00,-3.12,100,101,0.00,0,0.00,26.67,10.20,0.25,0.00,0.00,0,0
29871,ON,1,0,0.00,28.00,-30.00,-3.12,100,101,0.00,0,0.00,26.67,10.20,0.25,0.00,0.00,0,0
29981,ON,1,0,0.00,28.00,-30.00,-3.12,100,101,0.00,0,0.00,26.67,10.20,0.25,0.00,0.00,0,0
30094,ON,1,0,0.00,28.00,-30.00,-3.12,100,101,0.00,0,0.00,26.67,10.20,0.25,0.00,0.00,0,0
30204,ON,1,0,0.00,28.00,-30.00,-3.12,100,101,0.00,0,0.00,26.67,10.20,0.25,0.00,0.00,0,0
30314,ON,1,0,0.00,28.00,-30.00,-3.12,100,101,0.00,0,0.00,26.67,10.20,0.25,0.00,0.00,0,0
30424,ON,1,0,0.00,28.00,-30.00,-3.12,100,101,0.00,0,0.00,26.67,10.20,0.25,0.00,0.00,0,0
30535,ON,1,0,0.00,28.00,-30.00,-3.12,100,101,0.00,0,0.00,26.67,10.20,0.25,0.00,0.00,0,0
30645,ON,1,0,0.00,28.00,-30.00,-3.12,100,101,0.00,0,0.00,26.67,10.20,0.25,0.00,0.00,0,0
30758,ON,1,0,0.00,28.00,-30.00,-3.12,100,101,0.00,0,0.00,26.67,10.20,0.25,0.00,0.00,0,0
30868,ON,1,0,0.00,28.00,-30.00,-3.12,100,101,0.00,0,0.00,26.67,10.20,0.25,0.00,0.00,0,0
30978,ON,1,0,0.00,28.00,-30.00,-3.12,100,101,0.00,0,0.00,26.67,10.20,0.25,0.00,0.00,0,0
31088,ON,1,0,0.00,28.00,-30.00,-3.12,100,101,0.00,0,0.00,26.67,10.20,0.25,0.00,0.00,0,0
31199,ON,1,0,0.00,28.00,-30.00,-3.12,100,101,0.00,0,0.00,26.67,10.20,0.25,0.00,0.00,0,0
31309,ON,1,0,0.00,28.00,-30.00,-3.12,100,101,0.00,0,0.00,26.67,10.20,0.25,0.00,0.00,0,0
