1152,OFF,0,0,0.00,-40.00,-40.00,-100.00,0,0,0.00,0,-64.00,0.00,0.00,0.00,-100.00,0.00,0,0
1266,ON,2,0,0.00,31.00,-40.00,-3.12,100,0,0.00,0,-64.00,0.00,0.00,0.00,-100.00,0.00,0,0
1372,ON,2,0,0.00,31.00,-30.00,-3.12,100,0,0.00,0,0.00,0.00,0.00,0.25,0.00,0.00,0,0
1478,ON,2,0,0.00,31.00,-30.00,-3.12,100,100,0.00,0,0.00,0.00,0.00,0.25,0.00,0.00,0,0
1584,ON,2,0,0.00,31.00,-30.00,-3.12,100,100,0.00,0,0.00,0.00,0.00,0.25,0.00,0.00,0,0
1689,ON,2,0,0.00,31.00,-30.00,-3.12,100,100,0.00,0,0.00,0.00,0.00,0.25,0.00,0.00,0,0
1795,ON,2,0,0.00,31.00,-30.00,-3.12,100,100,0.00,0,0.00,0.00,0.00,0.25,0.00,0.00,0,0
1903,ON,2,0,0.00,31.00,-30.00,-3.12,100,100,0.00,0,0.00,0.00,0.00,0.25,0.00,0.00,0,0
2009,ON,2,0,0.00,31.00,-30.00,-3.12,100,100,0.00,0,0.00,0.00,0.00,0.25,0.00,0.00,0,0
2114,ON,2,0,0.00,31.00,-30.00,-3.12,100,100,0.00,0,0.00,0.00,0.00,0.25,0.00,0.00,0,0
2220,ON,2,0,0.00,31.00,-30.00,-3.12,100,100,0.00,0,0.00,0.00,0.00,0.25,0.00,0.00,0,0
2325,ON,2,0,0.00,31.00,-30.00,-3.12,100,100,0.00,0,0.00,0.00,0.00,0.25,0.00,0.00,0,0
2431,ON,2,0,0.00,31.00,-30.00,-3.12,100,100,0.00,0,0.00,0.00,0.00,0.25,0.00,0.00,0,0
2539,ON,2,0,0.00,31.00,-30.00,-3.12,100,100,0.00,0,0.00,0.00,0.00,0.25,0.00,0.00,0,0
2644,ON,2,0,0.00,31.00,-30.00,-3.12,100,100,0.00,0,0.00,0.00,0.00,0.25,0.00,0.00,0,0
2750,ON,2,0,0.00,31.00,-30.00,-3.12,100,100,0.00,0,0.00,0.00,0.00,0.25,0.00,0.00,0,0
2856,ON,2,0,0.00,31.00,-30.00,-3.12,100,100,0.00,0,0.00,0.00,0.00,0.25,0.00,0.00,0,0
2961,ON,2,0,0.00,31.00,-30.00,-3.12,100,100,0.00,0,0.00,0.00,0.00,0.25,0.00,0.00,0,0
3067,ON,2,0,0.00,31.00,-30.00,-3.12,100,100,0.00,0,0.00,0.00,0.00,0.25,0.00,0.00,0,0
3175,ON,2,0,0.00,31.00,-30.00,-3.12,100,100,0.00,0,0.00,0.00,0.00,0.25,0.00,0.00,0,0
3280,ON,2,0,0.00,31.00,-30.00,-3.12,100,100,0.00,0,0.00,0.00,0.00,0.25,0.00,0.00,0,0
3386,ON,2,0,0.00,31.00,-30.00,-3.12,100,100,0.00,0,0.00,0.00,0.00,0.25,0.00,0.00,0,0
3492,ON,2,0,0.00,31.00,-30.00,-3.12,100,100,0.00,0,0.00,0.00,0.00,0.25,0.00,0.00,0,0
3597,ON,2,0,0.00,31.00,-30.00,-3.12,100,100,0.00,0,0.00,0.00,0.00,0.25,0.00,0.00,0,0
3702,ON,2,0,0.00,31.00,-30.00,-3.12,100,100,0.00,0,0.00,0.00,0.00,0.25,0.00,0.00,0,0
3809,ON,2,0,0.00,31.00,-30.00,-3.12,100,100,0.00,0,0.00,0.00,0.00,0.25,0.00,0.00,0,0
3914,ON,2,0,0.00,31.00,-30.00,-3.12,100,100,0.00,0,0.00,0.00,0.00,0.25,0.00,0.00,0,0
4018,ON,2,0,0.00,31.00,-30.00,-3.12,100,100,0.00,0,0.00,0.00,0.00,0.25,0.00,0.00,0,0
4122,ON,2,0,0.00,31.00,-30.00,-3.12,100,100,0.00,0,0.00,0.00,0.00,0.25,0.00,0.00,0,0
4227,ON,2,0,0.00,31.00,-30.00,-3.12,100,100,0.00,0,0.00,0.00,0.00,0.25,0.00,0.00,0,0
4331,ON,2,0,0.00,31.00,-30.00,-3.12,100,100,0.00,0,0.00,0.00,0.00,0.25,0.00,0.00,0,0
4453,ON,2,0,0.00,31.00,-30.00,-3.12,101,100,0.00,0,0.00,0.00,0.00,0.25,0.00,0.00,0,0
4558,ON,2,0,0.00,31.00,-30.00,-3.12,101,100,0.00,0,0.00,0.00,0.00,0.25,0.00,0.00,0,0
4662,ON,2,0,0.00,31.00,-30.00,-3.12,101,100,0.00,0,0.00,0.00,0.00,0.25,0.00,0.00,0,0
4767,ON,2,0,0.00,31.00,-30.00,-3.12,101,100,0.00,0,0.00,0.00,0.00,0.25,0.00,0.00,0,0
4873,ON,2,0,0.00,31.00,-30.00,-3.12,100,100,0.00,0,0.00,0.00,0.00,0.25,0.00,0.00,0,0
4978,ON,2,0,0.00,31.00,-30.00,-3.12,100,100,0.00,0,0.00,0.00,0.00,0.25,0.00,0.00,0,0
5086,ON,2,0,0.00,31.00,-30.00,-3.12,100,100,0.00,0,0.00,0.00,0.00,0.25,0.00,0.00,0,0
5192,ON,2,0,0.00,31.00,-30.00,-3.12,100,100,0.00,0,0.00,0.00,0.00,0.25,0.00,0.00,0,0
5297,ON,2,0,0.00,31.00,-30.00,-3.12,100,100,0.00,0,0.00,0.00,0.00,0.25,0.00,0.00,0,0
5403,ON,2,0,0.00,31.00,-30.00,-3.12,100,100,0.00,0,0.00,0.00,0.00,0.25,0.00,0.00,0,0
5508,ON,2,0,0.00,31.00,-30.00,-3.12,100,101,0.00,0,0.00,0.00,0.00,0.25,0.00,0.00,0,0
5614,ON,2,0,0.00,31.00,-30.00,-3.12,100,101,0.00,0,0.00,0.00,0.00,0.25,0.00,0.00,0,0
5722,ON,2,0,0.00,31.00,-30.00,-3.12,100,101,0.00,0,0.00,0.00,0.00,0.25,0.00,0.00,0,0
5828,ON,2,0,0.00,31.00,-30.00,-3.12,100,100,0.00,0,0.00,0.00,0.00,0.25,0.00,0.00,0,0
5933,ON,2,0,0.00,31.00,-30.00,-3.12,100,100,0.00,0,0.00,0.00,0.00,0.25,0.00,0.00,0,0
6039,ON,2,0,0.00,31.00,-30.00,-3.12,100,100,0.00,0,0.00,0.00,0.00,0.25,0.00,0.00,0,0
6144,ON,2,0,0.00,31.00,-30.00,-3.12,101,100,0.00,0,0.00,0.00,0.00,0.25,0.00,0.00,0,0
6250,ON,2,0,0.00,31.00,-30.00,-3.12,101,100,0.00,0,0.00,0.00,0.00,0.25,0.00,0.00,0,0
6358,ON,2,0,0.00,31.00,-30.00,-3.12,101,100,0.00,0,0.00,0.00,0.00,0.25,0.00,0.00,0,0
6464,ON,2,0,0.00,31.00,-30.00,-3.12,100,100,0.00,0,0.00,0.00,0.00,0.25,0.00,0.00,0,0
6569,ON,2,0,0.00,31.00,-30.00,-3.12,100,100,0.00,0,0.00,0.00,0.00,0.25,0.00,0.00,0,0
6675,ON,2,0,0.00,31.00,-30.00,-3.12,100,100,0.00,0,0.00,0.00,0.00,0.25,0.00,0.00,0,0
6780,ON,2,0,0.00,31.00,-30.00,-3.12,100,100,0.00,0,0.00,0.00,0.00,0.25,0.00,0.00,0,0
6886,ON,2,0,0.00,31.00,-30.00,-3.12,100,100,0.00,0,0.00,0.00,0.00,0.25,0.00,0.00,0,0
6994,ON,2,0,0.00,31.00,-30.00,-3.12,100,100,0.00,0,0.00,0.00,0.00,0.25,0.00,0.00,0,0
7100,ON,2,0,0.00,31.00,-30.00,-3.12,100,100,0.00,0,0.00,0.00,0.00,0.25,0.00,0.00,0,0
7206,ON,2,0,0.00,31.00,-30.00,-3.12,100,100,0.00,0,0.00,0.00,0.00,0.25,0.00,0.00,0,0
7311,ON,2,0,0.00,31.00,-30.00,-3.12,100,100,0.00,0,0.00,0.00,0.00,0.25,0.00,0.00,0,0
7417,ON,2,0,0.00,31.00,-30.00,-3.12,100,100,0.00,0,0.00,0.00,0.00,0.25,0.00,0.00,0,0
7522,ON,2,0,0.00,31.00,-30.00,-3.12,100,100,0.00,0,0.00,0.00,0.00,0.25,0.00,0.00,0,0
7630,ON,2,0,0.00,31.00,-30.00,-3.12,100,100,0.00,0,0.00,0.00,0.00,0.25,0.00,0.00,0,0
7736,ON,2,0,0.00,31.00,-30.00,-3.12,100,100,0.00,0,0.00,0.00,0.00,0.25,0.00,0.00,0,0
7841,ON,2,0,0.00,31.00,-30.00,-3.12,100,100,0.00,0,0.00,0.00,0.00,0.25,0.00,0.00,0,0
7947,ON,2,0,0.00,31.00,-30.00,-3.12,100,100,0.00,0,0.00,0.00,0.00,0.25,0.00,0.00,0,0
8053,ON,2,0,0.00,31.00,-30.00,-3.12,100,100,0.00,0,0.00,0.00,0.00,0.25,0.00,0.00,0,0
8158,ON,2,0,0.00,31.00,-30.00,-3.12,100,100,0.00,0,0.00,0.00,0.00,0.25,0.00,0.00,0,0
8266,ON,2,0,0.00,31.00,-30.00,-3.12,100,100,0.00,0,0.00,0.00,0.00,0.25,0.00,0.00,0,0
8372,ON,2,0,0.00,31.00,-30.00,-3.12,100,101,0.00,0,0.00,0.00,0.00,0.25,0.00,0.00,0,0
8477,ON,2,0,0.00,31.00,-30.00,-3.12,100,101,0.00,0,0.00,0.00,0.00,0.25,0.00,0.00,0,0
8583,ON,2,0,0.00,31.00,-30.00,-3.12,100,100,0.00,0,0.00,0.00,0.00,0.25,0.00,0.00,0,0
8688,ON,2,0,0.00,31.00,-30.00,-3.12,100,100,0.00,0,0.00,0.00,0.00,0.25,0.00,0.00,0,0
8794,ON,2,0,0.00,31.00,-30.00,-3.12,100,100,0.00,0,0.00,0.00,0.00,0.25,0.00,0.00,0,0
8902,ON,2,0,0.00,31.00,-30.00,-3.12,100,100,0.00,0,0.00,0.00,0.00,0.25,0.00,0.00,0,0
9008,ON,2,0,0.00,31.00,-30.00,-3.12,100,100,0.00,0,0.00,0.00,0.00,0.25,0.00,0.00,0,0
9113,ON,2,0,0.00,31.00,-30.00,-3.12,100,100,0.00,0,0.00,0.00,0.00,0.25,0.00,0.00,0,0
9219,ON,2,0,0.00,31.00,-30.00,-3.12,100,100,0.00,0,0.00,0.00,0.00,0.25,0.00,0.00,0,0
9324,ON,2,0,0.00,31.00,-30.00,-3.12,100,100,0.00,0,0.00,0.00,0.00,0.25,0.00,0.00,0,0
9430,ON,2,0,0.00,31.00,-30.00,-3.12,100,100,0.00,0,0.00,0.00,0.00,0.25,0.00,0.00,0,0
9538,ON,2,0,0.00,31.00,-30.00,-3.12,100,100,0.00,0,0.00,0.00,0.00,0.25,0.00,0.00,0,0
9644,ON,2,0,0.00,31.00,-30.00,-3.12,100,100,0.00,0,0.00,0.00,0.00,0.25,0.00,0.00,0,0
9750,ON,2,0,0.00,31.00,-30.00,-3.12,101,100,0.00,0,0.00,0.00,0.00,0.25,0.00,0.00,0,0
9855,ON,2,0,0.00,31.00,-30.00,-3.12,101,100,0.00,0,0.00,0.00,0.00,0.25,0.00,0.00,0,0
9961,ON,2,0,0.00,31.00,-30.00,-3.12,101,100,0.00,0,0.00,0.00,0.00,0.25,0.00,0.00,0,0
10066,ON,2,0,0.00,31.00,-30.00,-3.12,100,100,0.00,0,0.00,0.00,0.00,0.25,0.00,0.00,0,0
10174,ON,2,0,0.00,31.00,-30.00,-3.12,100,100,0.00,0,0.00,0.00,0.00,0.25,0.00,0.00,0,0
10280,ON,2,0,0.00,31.00,-30.00,-3.12,100,100,0.00,0,0.00,0.00,0.00,0.25,0.00,0.00,0,0
10386,ON,2,0,0.00,31.00,-30.00,-3.12,100,100,0.00,0,0.00,0.00,0.00,0.25,0.00,0.00,0,0
10491,ON,2,0,0.00,31.00,-30.00,-3.12,100,100,0.00,0,0.00,0.00,0.00,0.25,0.00,0.00,0,0
10597,ON,2,0,0.00,31.00,-30.00,-3.12,100,100,0.00,0,0.00,0.00,0.00,0.25,0.00,0.00,0,0
10702,ON,2,0,0.00,31.00,-30.00,-3.12,100,100,0.00,0,0.00,0.00,0.00,0.25,0.00,0.00,0,0
10810,ON,2,0,0.00,31.00,-30.00,-3.12,100,100,0.00,0,0.00,0.00,0.00,0.25,0.00,0.00,0,0
10916,ON,2,0,0.00,31.00,-30.00,-3.12,100,100,0.00,0,0.00,0.00,0.00,0.25,0.00,0.00,0,0
11021,ON,2,0,0.00,31.00,-30.00,-3.12,100,100,0.00,0,0.00,0.00,0.00,0.25,0.00,0.00,0,0
11127,ON,2,0,0.00,31.00,-30.00,-3.12,100,100,0.00,0,0.00,0.00,0.00,0.25,0.00,0.00,0,0
11233,ON,2,0,0.00,31.00,-30.00,-3.12,100,100,0.00,0,0.00,0.00,0.00,0.25,0.00,0.00,0,0
11338,ON,2,0,0.00,31.00,-30.00,-3.12,100,100,0.00,0,0.00,0.00,0.00,0.25,0.00,0.00,0,0
11446,ON,2,0,0.00,31.00,-30.00,-3.12,100,100,0.00,0,0.00,0.00,0.00,0.25,0.00,0.00,0,0
11552,ON,2,0,0.00,31.00,-30.00,-3.12,100,100,0.00,0,0.00,0.00,0.00,0.25,0.00,0.00,0,0
11657,ON,2,0,0.00,31.00,-30.00,-3.12,100,100,0.00,0,0.00,0.00,0.00,0.25,0.00,0.00,0,0
11763,ON,2,0,0.00,31.00,-30.00,-3.12,100,100,0.00,0,0.00,0.00,0.00,0.25,0.00,0.00,0,0
11868,ON,2,0,0.00,31.00,-30.00,-3.12,100,100,0.00,0,0.00,0.00,0.00,0.25,0.00,0.00,0,0
11974,ON,2,0,0.00,31.00,-30.00,-3.12,100,100,0.00,0,0.00,0.00,0.00,0.25,0.00,0.00,0,0
12082,ON,2,0,0.00,31.00,-30.00,-3.12,100,100,0.00,0,0.00,0.00,0.00,0.25,0.00,0.00,0,0
12188,ON,2,0,0.00,31.00,-30.00,-3.12,100,100,0.00,0,0.00,0.00,0.00,0.25,0.00,0.00,0,0
12293,ON,2,0,0.00,31.00,-30.00,-3.12,100,100,0.00,0,0.00,0.00,0.00,0.25,0.00,0.00,0,0
12399,ON,2,0,0.00,31.00,-30.00,-3.12,100,100,0.00,0,0.00,0.00,0.00,0.25,0.00,0.00,0,0
12504,ON,2,0,0.00,31.00,-30.00,-3.12,100,100,0.00,0,0.00,0.00,0.00,0.25,0.00,0.00,0,0
12610,ON,2,0,0.00,31.00,-30.00,-3.12,100,100,0.00,0,0.00,0.00,0.00,0.25,0.00,0.00,0,0
12718,ON,2,0,0.00,31.00,-30.00,-3.12,100,100,0.00,0,0.00,0.00,0.00,0.25,0.00,0.00,0,0
12823,ON,2,0,0.00,31.00,-30.00,-3.12,100,100,0.00,0,0.00,0.00,0.00,0.25,0.00,0.00,0,0
12929,ON,2,0,0.00,31.00,-30.00,-3.12,100,100,0.00,0,0.00,0.00,0.00,0.25,0.00,0.00,0,0
13035,ON,2,0,0.00,31.00,-30.00,-3.12,100,101,0.00,0,0.00,0.00,0.00,0.25,0.00,0.00,0,0
13140,ON,2,0,0.00,31.00,-30.00,-3.12,100,101,0.00,0,0.00,0.00,0.00,0.25,0.00,0.00,0,0
13246,ON,2,0,0.00,31.00,-30.00,-3.12,100,100,0.00,0,0.00,0.00,0.00,0.25,0.00,0.00,0,0
13354,ON,2,0,0.00,31.00,-30.00,-3.12,100,100,0.00,0,0.00,0.00,0.00,0.25,0.00,0.00,0,0
13459,ON,2,0,0.00,31.00,-30.00,-3.12,100,100,0.00,0,0.00,0.00,0.00,0.25,0.00,0.00,0,0
13565,ON,2,0,0.00,31.00,-30.00,-3.12,100,100,0.00,0,0.00,0.00,0.00,0.25,0.00,0.00,0,0
13670,ON,2,0,0.00,31.00,-30.00,-3.12,100,100,0.00,0,0.00,0.00,0.00,0.25,0.00,0.00,0,0
13776,ON,2,0,0.00,31.00,-30.00,-3.12,100,100,0.00,0,0.00,0.00,0.00,0.25,0.00,0.00,0,0
13882,ON,2,0,0.00,31.00,-30.00,-3.12,100,100,0.00,0,0.00,0.00,0.00,0.25,0.00,0.00,0,0
13990,ON,2,0,0.00,31.00,-30.00,-3.12,100,100,0.00,0,0.00,0.00,0.00,0.25,0.00,0.00,0,0
14095,ON,2,0,0.00,31.00,-30.00,-3.12,100,100,0.00,0,0.00,0.00,0.00,0.25,0.00,0.00,0,0
14201,ON,2,0,0.00,31.00,-30.00,-3.12,101,100,0.00,0,0.00,0.00,0.00,0.25,0.00,0.00,0,0
14306,ON,2,0,0.00,31.00,-30.00,-3.12,101,100,0.00,0,0.00,0.00,0.00,0.25,0.00,0.00,0,0
14412,ON,2,0,0.00,31.00,-30.00,-3.12,100,100,0.00,0,0.00,0.00,0.00,0.25,0.00,0.00,0,0
14517,ON,2,0,0.00,31.00,-30.00,-3.12,100,100,0.00,0,0.00,0.00,0.00,0.25,0.00,0.00,0,0
14626,ON,2,0,0.00,31.00,-30.00,-3.12,100,100,0.00,0,0.00,0.00,0.00,0.25,0.00,0.00,0,0
14731,ON,2,0,0.00,31.00,-30.00,-3.12,100,100,0.00,0,0.00,0.00,0.00,0.25,0.00,0.00,0,0
14837,ON,2,0,0.00,31.00,-30.00,-3.12,100,100,0.00,0,0.00,0.00,0.00,0.25,0.00,0.00,0,0
14942,ON,2,0,0.00,31.00,-30.00,-3.12,100,100,0.00,0,0.00,0.00,0.00,0.25,0.00,0.00,0,0
15048,ON,2,0,0.00,31.00,-30.00,-3.12,100,100,0.00,0,0.00,0.00,0.00,0.25,0.00,0.00,0,0
15154,ON,2,0,0.00,31.00,-30.00,-3.12,100,100,0.00,0,0.00,0.00,0.00,0.25,0.00,0.00,0,0
15262,ON,2,0,0.00,31.00,-30.00,-3.12,100,100,0.00,0,0.00,0.00,0.00,0.25,0.00,0.00,0,0
15367,ON,2,0,0.00,31.00,-30.00,-3.12,100,100,0.00,0,0.00,0.00,0.00,0.25,0.00,0.00,0,0
15473,ON,2,0,0.00,31.00,-30.00,-3.12,100,100,0.00,0,0.00,0.00,0.00,0.25,0.00,0.00,0,0
15578,ON,2,0,0.00,31.00,-30.00,-3.12,100,100,0.00,0,0.00,0.00,0.00,0.25,0.00,0.00,0,0
15684,ON,2,0,0.00,31.00,-30.00,-3.12,100,100,0.00,0,0.00,0.00,0.00,0.25,0.00,0.00,0,0
15789,ON,2,0,0.00,31.00,-30.00,-3.12,100,100,0.00,0,0.00,0.00,0.00,0.25,0.00,0.00,0,0
15903,ON,2,0,0.00,31.00,-30.00,-3.12,100,100,0.00,0,0.00,0.00,0.00,0.25,0.00,0.00,0,0
16009,ON,2,0,0.00,31.00,-30.00,-3.12,100,100,0.00,0,0.00,0.00,0.00,0.25,0.00,0.00,0,0
16114,ON,2,0,0.00,31.00,-30.00,-3.12,100,100,0.00,0,0.00,0.00,0.00,0.25,0.00,0.00,0,0
16220,ON,2,0,0.00,31.00,-30.00,-3.12,100,100,0.00,0,0.00,0.00,0.00,0.25,0.00,0.00,0,0
16325,ON,2,0,0.00,31.00,-30.00,-3.12,100,100,0.00,0,0.00,0.00,0.00,0.25,0.00,0.00,0,0
16431,ON,2,0,0.00,31.00,-30.00,-3.12,100,100,0.00,0,0.00,0.00,0.00,0.25,0.00,0.00,0,0
16539,ON,2,0,0.00,31.00,-30.00,-3.12,100,100,0.00,0,0.00,0.00,0.00,0.25,0.00,0.00,0,0
16645,ON,2,0,0.00,31.00,-30.00,-3.12,100,100,0.00,0,0.00,0.00,0.00,0.25,0.00,0.00,0,0
16750,ON,2,0,0.00,31.00,-30.00,-3.12,100,100,0.00,0,0.00,0.00,0.00,0.25,0.00,0.00,0,0
16856,ON,2,0,0.00,31.00,-30.00,-3.12,100,100,0.00,0,0.00,0.00,0.00,0.25,0.00,0.00,0,0
16961,ON,2,0,0.00,31.00,-30.00,-3.12,100,100,0.00,0,0.00,0.00,0.00,0.25,0.00,0.00,0,0
17067,ON,2,0,0.00,31.00,-30.00,-3.12,100,100,0.00,0,0.00,0.00,0.00,0.25,0.00,0.00,0,0
17175,ON,2,0,0.00,31.00,-30.00,-3.12,100,100,0.00,0,0.00,0.00,0.00,0.25,0.00,0.00,0,0
17281,ON,2,0,0.00,31.00,-30.00,-3.12,100,100,0.00,0,0.00,0.00,0.00,0.25,0.00,0.00,0,0
17386,ON,2,0,0.00,31.00,-30.00,-3.12,100,100,0.00,0,0.00,0.00,0.00,0.25,0.00,0.00,0,0
17492,ON,2,0,0.00,31.00,-30.00,-3.12,100,100,0.00,0,0.00,0.00,0.00,0.25,0.00,0.00,0,0
17598,ON,2,0,0.00,31.00,-30.00,-3.12,100,100,0.00,0,0.00,0.00,0.00,0.25,0.00,0.00,0,0
17703,ON,2,0,0.00,31.00,-30.00,-3.12,100,100,0.00,0,0.00,0.00,0.00,0.25,0.00,0.00,0,0
17811,ON,2,0,0.00,31.00,-30.00,-3.12,100,100,0.00,0,0.00,0.00,0.00,0.25,0.00,0.00,0,0
17917,ON,2,0,0.00,31.00,-30.00,-3.12,100,100,0.00,0,0.00,0.00,0.00,0.25,0.00,0.00,0,0
18022,ON,2,0,0.00,31.00,-30.00,-3.12,100,100,0.00,0,0.00,0.00,0.00,0.25,0.00,0.00,0,0
18128,ON,2,0,0.00,31.00,-30.00,-3.12,100,100,0.00,0,0.00,0.00,0.00,0.25,0.00,0.00,0,0
18233,ON,2,0,0.00,31.00,-30.00,-3.12,100,100,0.00,0,0.00,0.00,0.00,0.25,0.00,0.00,0,0
18339,ON,2,0,0.00,31.00,-30.00,-3.12,100,100,0.00,0,0.00,0.00,0.00,0.25,0.00,0.00,0,0
18447,ON,2,0,0.00,31.00,-30.00,-3.12,100,100,0.00,0,0.00,0.00,0.00,0.25,0.00,0.00,0,0
18553,ON,2,0,0.00,31.00,-30.00,-3.12,100,100,0.00,0,0.00,0.00,0.00,0.25,0.00,0.00,0,0
18658,ON,2,0,0.00,31.00,-30.00,-3.12,100,100,0.00,0,0.00,0.00,0.00,0.25,0.00,0.00,0,0
18764,ON,2,0,0.00,31.00,-30.00,-3.12,100,100,0.00,0,0.00,0.00,0.00,0.25,0.00,0.00,0,0
18869,ON,2,0,0.00,31.00,-30.00,-3.12,100,100,0.00,0,0.00,0.00,0.00,0.25,0.00,0.00,0,0
18975,ON,2,0,0.00,31.00,-30.00,-3.12,100,100,0.00,0,0.00,0.00,0.00,0.25,0.00,0.00,0,0
19083,ON,2,0,0.00,31.00,-30.00,-3.12,100,100,0.00,0,0.00,0.00,0.00,0.25,0.00,0.00,0,0
19188,ON,2,0,0.00,31.00,-30.00,-3.12,100,100,0.00,0,0.00,0.00,0.00,0.25,0.00,0.00,0,0
19294,ON,2,0,0.00,31.00,-30.00,-3.12,101,100,0.00,0,0.00,0.00,0.00,0.25,0.00,0.00,0,0
19399,ON,2,0,0.00,31.00,-30.00,-3.12,101,100,0.00,0,0.00,0.00,0.00,0.25,0.00,0.00,0,0
19505,ON,2,0,0.00,31.00,-30.00,-3.12,101,100,0.00,0,0.00,0.00,0.00,0.25,0.00,0.00,0,0
19611,ON,2,0,0.00,31.00,-30.00,-3.12,100,100,0.00,0,0.00,0.00,0.00,0.25,0.00,0.00,0,0
19719,ON,2,0,0.00,31.00,-30.00,-3.12,100,100,0.00,0,0.00,0.00,0.00,0.25,0.00,0.00,0,0
19825,ON,2,0,0.00,31.00,-30.00,-3.12,100,100,0.00,0,0.00,0.00,0.00,0.25,0.00,0.00,0,0
19930,ON,2,0,0.00,31.00,-30.00,-3.12,100,100,0.00,0,0.00,0.00,0.00,0.25,0.00,0.00,0,0
20036,ON,2,0,0.00,31.00,-30.00,-3.12,100,100,0.00,0,0.00,0.00,0.00,0.25,0.00,0.00,0,0
20141,ON,2,0,0.00,31.00,-30.00,-3.12,100,100,0.00,0,0.00,0.00,0.00,0.25,0.00,0.00,0,0
20247,ON,2,0,0.00,31.00,-30.00,-3.12,100,100,0.00,0,0.00,0.00,0.00,0.25,0.00,0.00,0,0
20355,ON,2,0,0.00,31.00,-30.00,-3.12,100,100,0.00,0,0.00,0.00,0.00,0.25,0.00,0.00,0,0
20460,ON,2,0,0.00,31.00,-30.00,-3.12,100,100,0.00,0,0.00,0.00,0.00,0.25,0.00,0.00,0,0
20566,ON,2,0,0.00,31.00,-30.00,-3.12,100,100,0.00,0,0.00,0.00,0.00,0.25,0.00,0.00,0,0
20671,ON,2,0,0.00,31.00,-30.00,-3.12,100,100,0.00,0,0.00,0.00,0.00,0.25,0.00,0.00,0,0
20777,ON,2,0,0.00,31.00,-30.00,-3.12,100,100,0.00,0,0.00,0.00,0.00,0.25,0.00,0.00,0,0
20883,ON,2,0,0.00,31.00,-30.00,-3.12,100,100,0.00,0,0.00,0.00,0.00,0.25,0.00,0.00,0,0
20991,ON,2,0,0.00,31.00,-30.00,-3.12,100,100,0.00,0,0.00,0.00,0.00,0.25,0.00,0.00,0,0
21096,ON,2,0,0.00,31.00,-30.00,-3.12,100,100,0.00,0,0.00,0.00,0.00,0.25,0.00,0.00,0,0
21202,ON,2,0,0.00,31.00,-30.00,-3.12,100,100,0.00,0,0.00,0.00,0.00,0.25,0.00,0.00,0,0
21307,ON,2,0,0.00,31.00,-30.00,-3.12,100,100,0.00,0,0.00,0.00,0.00,0.25,0.00,0.00,0,0
21413,ON,2,0,0.00,31.00,-30.00,-3.12,100,100,0.00,0,0.00,0.00,0.00,0.25,0.00,0.00,0,0
21518,ON,2,0,0.00,31.00,-30.00,-3.12,100,100,0.00,0,0.00,0.00,0.00,0.25,0.00,0.00,0,0
21633,ON,2,0,0.00,31.00,-30.00,-3.12,100,100,0.00,0,0.00,0.00,0.00,0.25,0.00,0.00,0,0
21747,ON,2,0,0.00,31.00,-30.00,-3.12,100,100,0.00,0,0.00,0.00,0.00,0.25,0.00,0.00,0,0
21853,ON,2,0,0.00,31.00,-30.00,-3.12,100,100,0.00,0,0.00,0.00,0.00,0.25,0.00,0.00,0,0
21958,ON,2,0,0.00,31.00,-30.00,-3.12,100,100,0.00,0,0.00,0.00,0.00,0.25,0.00,0.00,0,0
22064,ON,2,0,0.00,31.00,-30.00,-3.12,100,100,0.00,0,0.00,0.00,0.00,0.25,0.00,0.00,0,0
22169,ON,2,0,0.00,31.00,-30.00,-3.12,100,100,0.00,0,0.00,0.00,0.00,0.25,0.00,0.00,0,0
22278,ON,2,0,0.00,31.00,-30.00,-3.12,100,100,0.00,0,0.00,0.00,0.00,0.25,0.00,0.00,0,0
22383,ON,2,0,0.00,31.00,-30.00,-3.12,100,100,0.00,0,0.00,0.00,0.00,0.25,0.00,0.00,0,0
22489,ON,2,0,0.00,31.00,-30.00,-3.12,100,100,0.00,0,0.00,0.00,0.00,0.25,0.00,0.00,0,0
22595,ON,2,0,0.00,31.00,-30.00,-3.12,100,100,0.00,0,0.00,0.00,0.00,0.25,0.00,0.00,0,0
22700,ON,2,0,0.00,31.00,-30.00,-3.12,100,100,0.00,0,0.00,0.00,0.00,0.25,0.00,0.00,0,0
22806,ON,2,0,0.00,31.00,-30.00,-3.12,100,100,0.00,0,0.00,0.00,0.00,0.25,0.00,0.00,0,0
22914,ON,2,0,0.00,31.00,-30.00,-3.12,100,100,0.00,0,0.00,0.00,0.00,0.25,0.00,0.00,0,0
23019,ON,2,0,0.00,31.00,-30.00,-3.12,100,100,0.00,0,0.00,0.00,0.00,0.25,0.00,0.00,0,0
23125,ON,2,0,0.00,31.00,-30.00,-3.12,100,100,0.00,0,0.00,0.00,0.00,0.25,0.00,0.00,0,0
23230,ON,2,0,0.00,31.00,-30.00,-3.12,100,100,0.00,0,0.00,0.00,0.00,0.25,0.00,0.00,0,0
23336,ON,2,0,0.00,31.00,-30.00,-3.12,100,100,0.00,0,0.00,0.00,0.00,0.25,0.00,0.00,0,0
23441,ON,2,0,0.00,31.00,-30.00,-3.12,100,100,0.00,0,0.00,0.00,0.00,0.25,0.00,0.00,0,0
23550,ON,2,0,0.00,31.00,-30.00,-3.12,100,100,0.00,0,0.00,0.00,0.00,0.25,0.00,0.00,0,0
23655,ON,2,0,0.00,31.00,-30.00,-3.12,100,100,0.00,0,0.00,0.00,0.00,0.25,0.00,0.00,0,0
23761,ON,2,0,0.00,31.00,-30.00,-3.12,100,100,0.00,0,0.00,0.00,0.00,0.25,0.00,0.00,0,0
23866,ON,2,0,0.00,31.00,-30.00,-3.12,100,100,0.00,0,0.00,0.00,0.00,0.25,0.00,0.00,0,0
23972,ON,2,0,0.00,31.00,-30.00,-3.12,100,100,0.00,0,0.00,0.00,0.00,0.25,0.00,0.00,0,0
24077,ON,2,0,0.00,31.00,-30.00,-3.12,100,101,0.00,0,0.00,0.00,0.00,0.25,0.00,0.00,0,0
24185,ON,2,0,0.00,31.00,-30.00,-3.12,100,101,0.00,0,0.00,0.00,0.00,0.25,0.00,0.00,0,0
24291,ON,2,0,0.00,31.00,-30.00,-3.12,100,101,0.00,0,0.00,0.00,0.00,0.25,0.00,0.00,0,0
24396,ON,2,0,0.00,31.00,-30.00,-3.12,100,100,0.00,0,0.00,0.00,0.00,0.25,0.00,0.00,0,0
24502,ON,2,0,0.00,31.00,-30.00,-3.12,100,100,0.00,0,0.00,0.00,0.00,0.25,0.00,0.00,0,0
24608,ON,2,0,0.00,31.00,-30.00,-3.12,100,100,0.00,0,0.00,0.00,0.00,0.25,0.00,0.00,0,0
24713,ON,2,0,0.00,31.00,-30.00,-3.12,100,100,0.00,0,0.00,0.00,0.00,0.25,0.00,0.00,0,0
24822,ON,2,0,0.00,31.00,-30.00,-3.12,100,100,0.00,0,0.00,0.00,0.00,0.25,0.00,0.00,0,0
24927,ON,2,0,0.00,31.00,-30.00,-3.12,100,100,0.00,0,0.00,0.00,0.00,0.25,0.00,0.00,0,0
25033,ON,2,0,0.00,31.00,-30.00,-3.12,100,100,0.00,0,0.00,0.00,0.00,0.25,0.00,0.00,0,0
25138,ON,2,0,0.00,31.00,-30.00,-3.12,100,100,0.00,0,0.00,0.00,0.00,0.25,0.00,0.00,0,0
25244,ON,2,0,0.00,31.00,-30.00,-3.12,100,100,0.00,0,0.00,0.00,0.00,0.25,0.00,0.00,0,0
25349,ON,2,0,0.00,31.00,-30.00,-3.12,100,100,0.00,0,0.00,0.00,0.00,0.25,0.00,0.00,0,0
25457,ON,2,0,0.00,31.00,-30.00,-3.12,100,100,0.00,0,0.00,0.00,0.00,0.25,0.00,0.00,0,0
25563,ON,2,0,0.00,31.00,-30.00,-3.12,100,100,0.00,0,0.00,0.00,0.00,0.25,0.00,0.00,0,0
25669,ON,2,0,0.00,31.00,-30.00,-3.12,100,100,0.00,0,0.00,0.00,0.00,0.25,0.00,0.00,0,0
25774,ON,2,0,0.00,31.00,-30.00,-3.12,100,100,0.00,0,0.00,0.00,0.00,0.25,0.00,0.00,0,0
25880,ON,2,0,0.00,31.00,-30.00,-3.12,100,100,0.00,0,0.00,0.00,0.00,0.25,0.00,0.00,0,0
25985,ON,2,0,0.00,31.00,-30.00,-3.12,100,100,0.00,0,0.00,0.00,0.00,0.25,0.00,0.00,0,0
26093,ON,2,0,0.00,31.00,-30.00,-3.12,100,100,0.00,0,0.00,0.00,0.00,0.25,0.00,0.00,0,0
26199,ON,2,0,0.00,31.00,-30.00,-3.12,100,100,0.00,0,0.00,0.00,0.00,0.25,0.00,0.00,0,0
26305,ON,2,0,0.00,31.00,-30.00,-3.12,100,100,0.00,0,0.00,0.00,0.00,0.25,0.00,0.00,0,0
26410,ON,2,0,0.00,31.00,-30.00,-3.12,100,100,0.00,0,0.00,0.00,0.00,0.25,0.00,0.00,0,0
26516,ON,2,0,0.00,31.00,-30.00,-3.12,100,100,0.00,0,0.00,0.00,0.00,0.25,0.00,0.00,0,0
26621,ON,2,0,0.00,31.00,-30.00,-3.12,100,100,0.00,0,0.00,0.00,0.00,0.25,0.00,0.00,0,0
26729,ON,2,0,0.00,31.00,-30.00,-3.12,100,100,0.00,0,0.00,0.00,0.00,0.25,0.00,0.00,0,0
26835,ON,2,0,0.00,31.00,-30.00,-3.12,100,100,0.00,0,0.00,0.00,0.00,0.25,0.00,0.00,0,0
26940,ON,2,0,0.00,31.00,-30.00,-3.12,100,100,0.00,0,0.00,0.00,0.00,0.25,0.00,0.00,0,0
27046,ON,2,0,0.00,31.00,-30.00,-3.12,100,100,0.00,0,0.00,0.00,0.00,0.25,0.00,0.00,0,0
27152,ON,2,0,0.00,31.00,-30.00,-3.12,100,100,0.00,0,0.00,0.00,0.00,0.25,0.00,0.00,0,0
27257,ON,2,0,0.00,31.00,-30.00,-3.12,100,100,0.00,0,0.00,0.00,0.00,0.25,0.00,0.00,0,0
27366,ON,2,0,0.00,31.00,-30.00,-3.12,100,100,0.00,0,0.00,0.00,0.00,0.25,0.00,0.00,0,0
27471,ON,2,0,0.00,31.00,-30.00,-3.12,100,100,0.00,0,0.00,0.00,0.00,0.25,0.00,0.00,0,0
27577,ON,2,0,0.00,31.00,-30.00,-3.12,100,100,0.00,0,0.00,0.00,0.00,0.25,0.00,0.00,0,0
27682,ON,2,0,0.00,31.00,-30.00,-3.12,100,100,0.00,0,0.00,0.00,0.00,0.25,0.00,0.00,0,0
27788,ON,2,0,0.00,31.00,-30.00,-3.12,100,100,0.00,0,0.00,0.00,0.00,0.25,0.00,0.00,0,0
27893,ON,2,0,0.00,31.00,-30.00,-3.12,100,100,0.00,0,0.00,0.00,0.00,0.25,0.00,0.00,0,0
28001,ON,2,0,0.00,31.00,-30.00,-3.12,100,100,0.00,0,0.00,0.00,0.00,0.25,0.00,0.00,0,0
28107,ON,2,0,0.00,31.00,-30.00,-3.12,100,100,0.00,0,0.00,0.00,0.00,0.25,0.00,0.00,0,0
28212,ON,2,0,0.00,31.00,-30.00,-3.12,100,100,0.00,0,0.00,0.00,0.00,0.25,0.00,0.00,0,0
28318,ON,2,0,0.00,31.00,-30.00,-3.12,100,100,0.00,0,0.00,0.00,0.00,0.25,0.00,0.00,0,0
28424,ON,2,0,0.00,31.00,-30.00,-3.12,100,100,0.00,0,0.00,0.00,0.00,0.25,0.00,0.00,0,0
28529,ON,2,0,0.00,31.00,-30.00,-3.12,100,100,0.00,0,0.00,0.00,0.00,0.25,0.00,0.00,0,0
28637,ON,2,0,0.00,31.00,-30.00,-3.12,100,100,0.00,0,0.00,0.00,0.00,0.25,0.00,0.00,0,0
28743,ON,2,0,0.00,31.00,-30.00,-3.12,100,100,0.00,0,0.00,0.00,0.00,0.25,0.00,0.00,0,0
28848,ON,2,0,0.00,31.00,-30.00,-3.12,100,100,0.00,0,0.00,0.00,0.00,0.25,0.00,0.00,0,0
28954,ON,2,0,0.00,31.00,-30.00,-3.12,100,100,0.00,0,0.00,0.00,0.00,0.25,0.00,0.00,0,0
29060,ON,2,0,0.00,31.00,-30.00,-3.12,100,100,0.00,0,0.00,0.00,0.00,0.25,0.00,0.00,0,0
29165,ON,2,0,0.00,31.00,-30.00,-3.12,100,100,0.00,0,0.00,0.00,0.00,0.25,0.00,0.00,0,0
29273,ON,2,0,0.00,31.00,-30.00,-3.12,100,100,0.00,0,0.00,0.00,0.00,0.25,0.00,0.00,0,0
29379,ON,2,0,0.00,31.00,-30.00,-3.12,100,100,0.00,0,0.00,0.00,0.00,0.25,0.00,0.00,0,0
29484,ON,2,0,0.00,31.00,-30.00,-3.12,100,101,0.00,0,0.00,0.00,0.00,0.25,0.00,0.00,0,0
29590,ON,2,0,0.00,31.00,-30.00,-3.12,100,101,0.00,0,0.00,0.00,0.00,0.25,0.00,0.00,0,0
29695,ON,2,0,0.00,31.00,-30.00,-3.12,100,101,0.00,0,0.00,0.00,0.00,0.25,0.00,0.00,0,0
29801,ON,2,0,0.00,31.00,-30.00,-3.12,100,100,0.00,0,0.00,0.00,0.00,0.25,0.00,0.00,0,0
29909,ON,2,0,0.00,31.00,-30.00,-3.12,100,100,0.00,0,0.00,0.00,0.00,0.25,0.00,0.00,0,0
30015,ON,2,0,0.00,31.00,-30.00,-3.12,100,100,0.00,0,0.00,0.00,0.00,0.25,0.00,0.00,0,0
30120,ON,2,0,0.00,31.00,-30.00,-3.12,100,100,0.00,0,0.00,0.00,0.00,0.25,0.00,0.00,0,0
30226,ON,2,0,0.00,31.00,-30.00,-3.12,100,100,0.00,0,0.00,0.00,0.00,0.25,0.00,0.00,0,0
30332,ON,2,0,0.00,31.00,-30.00,-3.12,100,100,0.00,0,0.00,0.00,0.00,0.25,0.00,0.00,0,0
30437,ON,2,0,0.00,31.00,-30.00,-3.12,100,100,0.00,0,0.00,0.00,0.00,0.25,0.00,0.00,0,0
30545,ON,2,0,0.00,31.00,-30.00,-3.12,100,100,0.00,0,0.00,0.00,0.00,0.25,0.00,0.00,0,0
30651,ON,2,0,0.00,31.00,-30.00,-3.12,100,100,0.00,0,0.00,0.00,0.00,0.25,0.00,0.00,0,0
30756,ON,2,0,0.00,31.00,-30.00,-3.12,100,100,0.00,0,0.00,0.00,0.00,0.25,0.00,0.00,0,0
30862,ON,2,0,0.00,31.00,-30.00,-3.12,100,100,0.00,0,0.00,0.00,0.00,0.25,0.00,0.00,0,0
30967,ON,2,0,0.00,31.00,-30.00,-3.12,100,100,0.00,0,0.00,0.00,0.00,0.25,0.00,0.00,0,0
31073,ON,2,0,0.00,31.00,-30.00,-3.12,100,100,0.00,0,0.00,0.00,0.00,0.25,0.00,0.00,0,0
31181,ON,2,0,0.00,31.00,-30.00,-3.12,100,100,0.00,0,0.00,0.00,0.00,0.25,0.00,0.00,0,0
31287,ON,2,0,0.00,31.00,-30.00,-3.12,100,100,0.00,0,0.00,0.00,0.00,0.25,0.00,0.00,0,0
31392,ON,2,0,0.00,31.00,-30.00,-3.12,100,100,0.00,0,0.00,0.00,0.00,0.25,0.00,0.00,0,0
31498,ON,2,0,0.00,31.00,-30.00,-3.12,100,100,0.00,0,0.00,0.00,0.00,0.25,0.00,0.00,0,0
31603,ON,2,0,0.00,31.00,-30.00,-3.12,100,100,0.00,0,0.00,0.00,0.00,0.25,0.00,0.00,0,0
31709,ON,2,0,0.00,31.00,-30.00,-3.12,100,100,0.00,0,0.00,0.00,0.00,0.25,0.00,0.00,0,0
31817,ON,2,0,0.00,31.00,-30.00,-3.12,100,100,0.00,0,0.00,0.00,0.00,0.25,0.00,0.00,0,0
31922,ON,2,0,0.00,31.00,-30.00,-3.12,100,100,0.00,0,0.00,0.00,0.00,0.25,0.00,0.00,0,0
32028,ON,2,0,0.00,31.00,-30.00,-3.12,100,100,0.00,0,0.00,0.00,0.00,0.25,0.00,0.00,0,0
32133,ON,2,0,0.00,31.00,-30.00,-3.12,100,100,0.00,0,0.00,0.00,0.00,0.25,0.00,0.00,0,0
32239,ON,2,0,0.00,31.00,-30.00,-3.12,100,100,0.00,0,0.00,0.00,0.00,0.25,0.00,0.00,0,0
32345,ON,2,0,0.00,31.00,-30.00,-3.12,100,100,0.00,0,0.00,0.00,0.00,0.25,0.00,0.00,0,0
32453,ON,2,0,0.00,31.00,-30.00,-3.12,100,100,0.00,0,0.00,0.00,0.00,0.25,0.00,0.00,0,0
32559,ON,2,0,0.00,31.00,-30.00,-3.12,100,100,0.00,0,0.00,0.00,0.00,0.25,0.00,0.00,0,0
32664,ON,2,0,0.00,31.00,-30.00,-3.12,100,100,0.00,0,0.00,0.00,0.00,0.25,0.00,0.00,0,0
32770,ON,2,0,0.00,31.00,-30.00,-3.12,100,100,0.00,0,0.00,0.00,0.00,0.25,0.00,0.00,0,0
32875,ON,2,0,0.00,31.00,-30.00,-3.12,100,100,0.00,0,0.00,0.00,0.00,0.25,0.00,0.00,0,0
32981,ON,2,0,0.00,31.00,-30.00,-3.12,100,100,0.00,0,0.00,0.00,0.00,0.25,0.00,0.00,0,0
33089,ON,2,0,0.00,31.00,-30.00,-3.12,100,100,0.00,0,0.00,0.00,0.00,0.25,0.00,0.00,0,0
33194,ON,2,0,0.00,31.00,-30.00,-3.12,100,100,0.00,0,0.00,0.00,0.00,0.25,0.00,0.00,0,0
33300,ON,2,0,0.00,31.00,-30.00,-3.12,100,100,0.00,0,0.00,0.00,0.00,0.25,0.00,0.00,0,0
33406,ON,2,0,0.00,31.00,-30.00,-3.12,100,100,0.00,0,0.00,0.00,0.00,0.25,0.00,0.00,0,0
33511,ON,2,0,0.00,31.00,-30.00,-3.12,100,100,0.00,0,0.00,0.00,0.00,0.25,0.00,0.00,0,0
33617,ON,2,0,0.00,31.00,-30.00,-3.12,100,100,0.00,0,0.00,0.00,0.00,0.25,0.00,0.00,0,0
33725,ON,2,0,0.00,31.00,-30.00,-3.12,100,100,0.00,0,0.00,0.00,0.00,0.25,0.00,0.00,0,0
33830,ON,2,0,0.00,31.00,-30.00,-3.12,100,100,0.00,0,0.00,0.00,0.00,0.25,0.00,0.00,0,0
33936,ON,2,0,0.00,31.00,-30.00,-3.12,100,100,0.00,0,0.00,0.00,0.00,0.25,0.00,0.00,0,0
34041,ON,2,0,0.00,31.00,-30.00,-3.12,100,100,0.00,0,0.00,0.00,0.00,0.25,0.00,0.00,0,0
34147,ON,2,0,0.00,31.00,-30.00,-3.12,100,100,0.00,0,0.00,0.00,0.00,0.25,0.00,0.00,0,0
34253,ON,2,0,0.00,31.00,-30.00,-3.12,100,100,0.00,0,0.00,0.00,0.00,0.25,0.00,0.00,0,0
34361,ON,2,0,0.00,31.00,-30.00,-3.12,100,100,0.00,0,0.00,0.00,0.00,0.25,0.00,0.00,0,0
34466,ON,2,0,0.00,31.00,-30.00,-3.12,100,100,0.00,0,0.00,0.00,0.00,0.25,0.00,0.00,0,0
34572,ON,2,0,0.00,31.00,-30.00,-3.12,100,100,0.00,0,0.00,0.00,0.00,0.25,0.00,0.00,0,0
34677,ON,2,0,0.00,31.00,-30.00,-3.12,100,100,0.00,0,0.00,0.00,0.00,0.25,0.00,0.00,0,0
34783,ON,2,0,0.00,31.00,-30.00,-3.12,100,100,0.00,0,0.00,0.00,0.00,0.25,0.00,0.00,0,0
34888,ON,2,0,0.00,31.00,-30.00,-3.12,100,100,0.00,0,0.00,0.00,0.00,0.25,0.00,0.00,0,0
34997,ON,2,0,0.00,31.00,-30.00,-3.12,100,100,0.00,0,0.00,0.00,0.00,0.25,0.00,0.00,0,0
35102,ON,2,0,0.00,31.00,-30.00,-3.12,100,100,0.00,0,0.00,0.00,0.00,0.25,0.00,0.00,0,0
35208,ON,2,0,0.00,31.00,-30.00,-3.12,100,100,0.00,0,0.00,0.00,0.00,0.25,0.00,0.00,0,0
35313,ON,2,0,0.00,31.00,-30.00,-3.12,100,100,0.00,0,0.00,0.00,0.00,0.25,0.00,0.00,0,0
35419,ON,2,0,0.00,31.00,-30.00,-3.12,100,100,0.00,0,0.00,0.00,0.00,0.25,0.00,0.00,0,0
35525,ON,2,0,0.00,31.00,-30.00,-3.12,100,100,0.00,0,0.00,0.00,0.00,0.25,0.00,0.00,0,0
35633,ON,2,0,0.00,31.00,-30.00,-3.12,100,100,0.00,0,0.00,0.00,0.00,0.25,0.00,0.00,0,0
35738,ON,2,0,0.00,31.00,-30.00,-3.12,100,100,0.00,0,0.00,0.00,0.00,0.25,0.00,0.00,0,0
35844,ON,2,0,0.00,31.00,-30.00,-3.12,100,100,0.00,0,0.00,0.00,0.00,0.25,0.00,0.00,0,0
35949,ON,2,0,0.00,31.00,-30.00,-3.12,100,100,0.00,0,0.00,0.00,0.00,0.25,0.00,0.00,0,0
36055,ON,2,0,0.00,31.00,-30.00,-3.12,100,100,0.00,0,0.00,0.00,0.00,0.25,0.00,0.00,0,0
36160,ON,2,0,0.00,31.00,-30.00,-3.12,100,100,0.00,0,0.00,0.00,0.00,0.25,0.00,0.00,0,0
36268,ON,2,0,0.00,31.00,-30.00,-3.12,100,100,0.00,0,0.00,0.00,0.00,0.25,0.00,0.00,0,0
36374,ON,2,0,0.00,31.00,-30.00,-3.12,100,100,0.00,0,0.00,0.00,0.00,0.25,0.00,0.00,0,0
36480,ON,2,0,0.00,31.00,-30.00,-3.12,100,100,0.00,0,0.00,0.00,0.00,0.25,0.00,0.00,0,0
36585,ON,2,0,0.00,31.00,-30.00,-3.12,100,100,0.00,0,0.00,0.00,0.00,0.25,0.00,0.00,0,0
36691,ON,2,0,0.00,31.00,-30.00,-3.12,100,100,0.00,0,0.00,0.00,0.00,0.25,0.00,0.00,0,0
36796,ON,2,0,0.00,31.00,-30.00,-3.12,100,100,0.00,0,0.00,0.00,0.00,0.25,0.00,0.00,0,0
36904,ON,2,0,0.00,31.00,-30.00,-3.12,100,100,0.00,0,0.00,0.00,0.00,0.25,0.00,0.00,0,0
37010,ON,2,0,0.00,31.00,-30.00,-3.12,100,100,0.00,0,0.00,0.00,0.00,0.25,0.00,0.00,0,0
37115,ON,2,0,0.00,31.00,-30.00,-3.12,100,100,0.00,0,0.00,0.00,0.00,0.25,0.00,0.00,0,0
37221,ON,2,0,0.00,31.00,-30.00,-3.12,100,100,0.00,0,0.00,0.00,0.00,0.25,0.00,0.00,0,0
37326,ON,2,0,0.00,31.00,-30.00,-3.12,100,100,0.00,0,0.00,0.00,0.00,0.25,0.00,0.00,0,0
37432,ON,2,0,0.00,31.00,-30.00,-3.12,100,100,0.00,0,0.00,0.00,0.00,0.25,0.00,0.00,0,0
37540,ON,2,0,0.00,31.00,-30.00,-3.12,100,100,0.00,0,0.00,0.00,0.00,0.25,0.00,0.00,0,0
37646,ON,2,0,0.00,31.00,-30.00,-3.12,100,100,0.00,0,0.00,0.00,0.00,0.25,0.00,0.00,0,0
37752,ON,2,0,0.00,31.00,-30.00,-3.12,100,100,0.00,0,0.00,0.00,0.00,0.25,0.00,0.00,0,0
37857,ON,2,0,0.00,31.00,-30.00,-3.12,100,100,0.00,0,0.00,0.00,0.00,0.25,0.00,0.00,0,0
37963,ON,2,0,0.00,31.00,-30.00,-3.12,100,100,0.00,0,0.00,0.00,0.00,0.25,0.00,0.00,0,0
38068,ON,2,0,0.00,31.00,-30.00,-3.12,100,100,0.00,0,0.00,0.00,0.00,0.25,0.00,0.00,0,0
38176,ON,2,0,0.00,31.00,-30.00,-3.12,100,100,0.00,0,0.00,0.00,0.00,0.25,0.00,0.00,0,0
38282,ON,2,0,0.00,31.00,-30.00,-3.12,100,100,0.00,0,0.00,0.00,0.00,0.25,0.00,0.00,0,0
38387,ON,2,0,0.00,31.00,-30.00,-3.12,100,100,0.00,0,0.00,0.00,0.00,0.25,0.00,0.00,0,0
38493,ON,2,0,0.00,31.00,-30.00,-3.12,100,100,0.00,0,0.00,0.00,0.00,0.25,0.00,0.00,0,0
38599,ON,2,0,0.00,31.00,-30.00,-3.12,100,100,0.00,0,0.00,0.00,0.00,0.25,0.00,0.00,0,0
38704,ON,2,0,0.00,31.00,-30.00,-3.12,100,100,0.00,0,0.00,0.00,0.00,0.25,0.00,0.00,0,0
38812,ON,2,0,0.00,31.00,-30.00,-3.12,100,100,0.00,0,0.00,0.00,0.00,0.25,0.00,0.00,0,0
38918,ON,2,0,0.00,31.00,-30.00,-3.12,100,100,0.00,0,0.00,0.00,0.00,0.25,0.00,0.00,0,0
39023,ON,2,0,0.00,31.00,-30.00,-3.12,100,100,0.00,0,0.00,0.00,0.00,0.25,0.00,0.00,0,0
39129,ON,2,0,0.00,31.00,-30.00,-3.12,100,100,0.00,0,0.00,0.00,0.00,0.25,0.00,0.00,0,0
39234,ON,2,0,0.00,31.00,-30.00,-3.12,100,100,0.00,0,0.00,0.00,0.00,0.25,0.00,0.00,0,0
39340,ON,2,0,0.00,31.00,-30.00,-3.12,100,100,0.00,0,0.00,0.00,0.00,0.25,0.00,0.00,0,0
39448,ON,2,0,0.00,31.00,-30.00,-3.12,101,100,0.00,0,0.00,0.00,0.00,0.25,0.00,0.00,0,0
39554,ON,2,0,0.00,31.00,-30.00,-3.12,101,100,0.00,0,0.00,0.00,0.00,0.25,0.00,0.00,0,0
39659,ON,2,0,0.00,31.00,-30.00,-3.12,100,100,0.00,0,0.00,0.00,0.00,0.25,0.00,0.00,0,0
39765,ON,2,0,0.00,31.00,-30.00,-3.12,100,100,0.00,0,0.00,0.00,0.00,0.25,0.00,0.00,0,0
39870,ON,2,0,0.00,31.00,-30.00,-3.12,100,100,0.00,0,0.00,0.00,0.00,0.25,0.00,0.00,0,0
39976,ON,2,0,0.00,31.00,-30.00,-3.12,100,100,0.00,0,0.00,0.00,0.00,0.25,0.00,0.00,0,0
40084,ON,2,0,0.00,31.00,-30.00,-3.12,100,100,0.00,0,0.00,0.00,0.00,0.25,0.00,0.00,0,0
40190,ON,2,0,0.00,31.00,-30.00,-3.12,100,100,0.00,0,0.00,0.00,0.00,0.25,0.00,0.00,0,0
40295,ON,2,0,0.00,31.00,-30.00,-3.12,100,100,0.00,0,0.00,0.00,0.00,0.25,0.00,0.00,0,0
40401,ON,2,0,0.00,31.00,-30.00,-3.12,100,100,0.00,0,0.00,0.00,0.00,0.25,0.00,0.00,0,0
40506,ON,2,0,0.00,31.00,-30.00,-3.12,100,100,0.00,0,0.00,0.00,0.00,0.25,0.00,0.00,0,0
40612,ON,2,0,0.00,31.00,-30.00,-3.12,100,100,0.00,0,0.00,0.00,0.00,0.25,0.00,0.00,0,0
40720,ON,2,0,0.00,31.00,-30.00,-3.12,100,100,0.00,0,0.00,0.00,0.00,0.25,0.00,0.00,0,0
40825,ON,2,0,0.00,31.00,-30.00,-3.12,100,101,0.00,0,0.00,0.00,0.00,0.25,0.00,0.00,0,0
40931,ON,2,0,0.00,31.00,-30.00,-3.12,100,101,0.00,0,0.00,0.00,0.00,0.25,0.00,0.00,0,0
41037,ON,2,0,0.00,31.00,-30.00,-3.12,100,100,0.00,0,0.00,0.00,0.00,0.25,0.00,0.00,0,0
41142,ON,2,0,0.00,31.00,-30.00,-3.12,100,100,0.00,0,0.00,0.00,0.00,0.25,0.00,0.00,0,0
41251,ON,2,0,0.00,31.00,-30.00,-3.12,100,100,0.00,0,0.00,0.00,0.00,0.25,0.00,0.00,0,0
41357,ON,2,0,0.00,31.00,-30.00,-3.12,100,100,0.00,0,0.00,0.00,0.00,0.25,0.00,0.00,0,0
41463,ON,2,0,0.00,31.00,-30.00,-3.12,100,100,0.00,0,0.00,0.00,0.00,0.25,0.00,0.00,0,0
41568,ON,2,0,0.00,31.00,-30.00,-3.12,100,100,0.00,0,0.00,0.00,0.00,0.25,0.00,0.00,0,0
41674,ON,2,0,0.00,31.00,-30.00,-3.12,100,100,0.00,0,0.00,0.00,0.00,0.25,0.00,0.00,0,0
41779,ON,2,0,0.00,31.00,-30.00,-3.12,100,100,0.00,0,0.00,0.00,0.00,0.25,0.00,0.00,0,0
41887,ON,2,0,0.00,31.00,-30.00,-3.12,100,100,0.00,0,0.00,0.00,0.00,0.25,0.00,0.00,0,0
41993,ON,2,0,0.00,31.00,-30.00,-3.12,100,100,0.00,0,0.00,0.00,0.00,0.25,0.00,0.00,0,0
42098,ON,2,0,0.00,31.00,-30.00,-3.12,100,100,0.00,0,0.00,0.00,0.00,0.25,0.00,0.00,0,0
42204,ON,2,0,0.00,31.00,-30.00,-3.12,100,100,0.00,0,0.00,0.00,0.00,0.25,0.00,0.00,0,0
42309,ON,2,0,0.00,31.00,-30.00,-3.12,100,100,0.00,0,0.00,0.00,0.00,0.25,0.00,0.00,0,0
42415,ON,2,0,0.00,31.00,-30.00,-3.12,100,100,0.00,0,0.00,0.00,0.00,0.25,0.00,0.00,0,0
42523,ON,2,0,0.00,31.00,-30.00,-3.12,100,100,0.00,0,0.00,0.00,0.00,0.25,0.00,0.00,0,0
42629,ON,2,0,0.00,31.00,-30.00,-3.12,100,100,0.00,0,0.00,0.00,0.00,0.25,0.00,0.00,0,0
42735,ON,2,0,0.00,31.00,-30.00,-3.12,100,100,0.00,0,0.00,0.00,0.00,0.25,0.00,0.00,0,0
42840,ON,2,0,0.00,31.00,-30.00,-3.12,100,100,0.00,0,0.00,0.00,0.00,0.25,0.00,0.00,0,0
42946,ON,2,0,0.00,31.00,-30.00,-3.12,100,100,0.00,0,0.00,0.00,0.00,0.25,0.00,0.00,0,0
43051,ON,2,0,0.00,31.00,-30.00,-3.12,101,100,0.00,0,0.00,0.00,0.00,0.25,0.00,0.00,0,0
43159,ON,2,0,0.00,31.00,-30.00,-3.12,101,100,0.00,0,0.00,0.00,0.00,0.25,0.00,0.00,0,0
43265,ON,2,0,0.00,31.00,-30.00,-3.12,100,100,0.00,0,0.00,0.00,0.00,0.25,0.00,0.00,0,0
43370,ON,2,0,0.00,31.00,-30.00,-3.12,100,100,0.00,0,0.00,0.00,0.00,0.25,0.00,0.00,0,0
43476,ON,2,0,0.00,31.00,-30.00,-3.12,100,100,0.00,0,0.00,0.00,0.00,0.25,0.00,0.00,0,0
43582,ON,2,0,0.00,31.00,-30.00,-3.12,100,100,0.00,0,0.00,0.00,0.00,0.25,0.00,0.00,0,0
43687,ON,2,0,0.00,31.00,-30.00,-3.12,100,101,0.00,0,0.00,0.00,0.00,0.25,0.00,0.00,0,0
43795,ON,2,0,0.00,31.00,-30.00,-3.12,100,101,0.00,0,0.00,0.00,0.00,0.25,0.00,0.00,0,0
43901,ON,2,0,0.00,31.00,-30.00,-3.12,100,100,0.00,0,0.00,0.00,0.00,0.25,0.00,0.00,0,0
44007,ON,2,0,0.00,31.00,-30.00,-3.12,100,100,0.00,0,0.00,0.00,0.00,0.25,0.00,0.00,0,0
44112,ON,2,0,0.00,31.00,-30.00,-3.12,100,100,0.00,0,0.00,0.00,0.00,0.25,0.00,0.00,0,0
44218,ON,2,0,0.00,31.00,-30.00,-3.12,100,100,0.00,0,0.00,0.00,0.00,0.25,0.00,0.00,0,0
44323,ON,2,0,0.00,31.00,-30.00,-3.12,100,100,0.00,0,0.00,0.00,0.00,0.25,0.00,0.00,0,0
44431,ON,2,0,0.00,31.00,-30.00,-3.12,100,100,0.00,0,0.00,0.00,0.00,0.25,0.00,0.00,0,0
44537,ON,2,0,0.00,31.00,-30.00,-3.12,100,100,0.00,0,0.00,0.00,0.00,0.25,0.00,0.00,0,0
44642,ON,2,0,0.00,31.00,-30.00,-3.12,100,100,0.00,0,0.00,0.00,0.00,0.25,0.00,0.00,0,0
44748,ON,2,0,0.00,31.00,-30.00,-3.12,100,100,0.00,0,0.00,0.00,0.00,0.25,0.00,0.00,0,0
44854,ON,2,0,0.00,31.00,-30.00,-3.12,101,100,0.00,0,0.00,0.00,0.00,0.25,0.00,0.00,0,0
44959,ON,2,0,0.00,31.00,-30.00,-3.12,101,100,0.00,0,0.00,0.00,0.00,0.25,0.00,0.00,0,0
45068,ON,2,0,0.00,31.00,-30.00,-3.12,100,100,0.00,0,0.00,0.00,0.00,0.25,0.00,0.00,0,0
45173,ON,2,0,0.00,31.00,-30.00,-3.12,100,101,0.00,0,0.00,0.00,0.00,0.25,0.00,0.00,0,0
45279,ON,2,0,0.00,31.00,-30.00,-3.12,100,101,0.00,0,0.00,0.00,0.00,0.25,0.00,0.00,0,0
45384,ON,2,0,0.00,31.00,-30.00,-3.12,100,101,0.00,0,0.00,0.00,0.00,0.25,0.00,0.00,0,0
45490,ON,2,0,0.00,31.00,-30.00,-3.12,100,100,0.00,0,0.00,0.00,0.00,0.25,0.00,0.00,0,0
45595,ON,2,0,0.00,31.00,-30.00,-3.12,100,100,0.00,0,0.00,0.00,0.00,0.25,0.00,0.00,0,0
45704,ON,2,0,0.00,31.00,-30.00,-3.12,100,100,0.00,0,0.00,0.00,0.00,0.25,0.00,0.00,0,0
45809,ON,2,0,0.00,31.00,-30.00,-3.12,100,100,0.00,0,0.00,0.00,0.00,0.25,0.00,0.00,0,0
45915,ON,2,0,0.00,31.00,-30.00,-3.12,100,100,0.00,0,0.00,0.00,0.00,0.25,0.00,0.00,0,0
46020,ON,2,0,0.00,31.00,-30.00,-3.12,100,100,0.00,0,0.00,0.00,0.00,0.25,0.00,0.00,0,0
46126,ON,2,0,0.00,31.00,-30.00,-3.12,101,100,0.00,0,0.00,0.00,0.00,0.25,0.00,0.00,0,0
46231,ON,2,0,0.00,31.00,-30.00,-3.12,101,100,0.00,0,0.00,0.00,0.00,0.25,0.00,0.00,0,0
46339,ON,2,0,0.00,31.00,-30.00,-3.12,101,100,0.00,0,0.00,0.00,0.00,0.25,0.00,0.00,0,0
46445,ON,2,0,0.00,31.00,-30.00,-3.12,101,100,0.00,0,0.00,0.00,0.00,0.25,0.00,0.00,0,0
46551,ON,2,0,0.00,31.00,-30.00,-3.12,101,100,0.00,0,0.00,0.00,0.00,0.25,0.00,0.00,0,0
46656,ON,2,0,0.00,31.00,-30.00,-3.12,100,100,0.00,0,0.00,0.00,0.00,0.25,0.00,0.00,0,0
46762,ON,2,0,0.00,31.00,-30.00,-3.12,100,100,0.00,0,0.00,0.00,0.00,0.25,0.00,0.00,0,0
46867,ON,2,0,0.00,31.00,-30.00,-3.12,100,100,0.00,0,0.00,0.00,0.00,0.25,0.00,0.00,0,0
46975,ON,2,0,0.00,31.00,-30.00,-3.12,100,100,0.00,0,0.00,0.00,0.00,0.25,0.00,0.00,0,0
47081,ON,2,0,0.00,31.00,-30.00,-3.12,100,100,0.00,0,0.00,0.00,0.00,0.25,0.00,0.00,0,0
47187,ON,2,0,0.00,31.00,-30.00,-3.12,100,100,0.00,0,0.00,0.00,0.00,0.25,0.00,0.00,0,0
47292,ON,2,0,0.00,31.00,-30.00,-3.12,100,100,0.00,0,0.00,0.00,0.00,0.25,0.00,0.00,0,0
47398,ON,2,0,0.00,31.00,-30.00,-3.12,100,100,0.00,0,0.00,0.00,0.00,0.25,0.00,0.00,0,0
47503,ON,2,0,0.00,31.00,-30.00,-3.12,100,100,0.00,0,0.00,0.00,0.00,0.25,0.00,0.00,0,0
47612,ON,2,0,0.00,31.00,-30.00,-3.12,100,100,0.00,0,0.00,0.00,0.00,0.25,0.00,0.00,0,0
47717,ON,2,0,0.00,31.00,-30.00,-3.12,100,100,0.00,0,0.00,0.00,0.00,0.25,0.00,0.00,0,0
47823,ON,2,0,0.00,31.00,-30.00,-3.12,100,100,0.00,0,0.00,0.00,0.00,0.25,0.00,0.00,0,0
47928,ON,2,0,0.00,31.00,-30.00,-3.12,100,100,0.00,0,0.00,0.00,0.00,0.25,0.00,0.00,0,0
48034,ON,2,0,0.00,31.00,-30.00,-3.12,100,100,0.00,0,0.00,0.00,0.00,0.25,0.00,0.00,0,0
48140,ON,2,0,0.00,31.00,-30.00,-3.12,100,100,0.00,0,0.00,0.00,0.00,0.25,0.00,0.00,0,0
48248,ON,2,0,0.00,31.00,-30.00,-3.12,100,100,0.00,0,0.00,0.00,0.00,0.25,0.00,0.00,0,0
48353,ON,2,0,0.00,31.00,-30.00,-3.12,100,100,0.00,0,0.00,0.00,0.00,0.25,0.00,0.00,0,0
48459,ON,2,0,0.00,31.00,-30.00,-3.12,100,100,0.00,0,0.00,0.00,0.00,0.25,0.00,0.00,0,0
48564,ON,2,0,0.00,31.00,-30.00,-3.12,100,100,0.00,0,0.00,0.00,0.00,0.25,0.00,0.00,0,0
48670,ON,2,0,0.00,31.00,-30.00,-3.12,100,100,0.00,0,0.00,0.00,0.00,0.25,0.00,0.00,0,0
48775,ON,2,0,0.00,31.00,-30.00,-3.12,100,100,0.00,0,0.00,0.00,0.00,0.25,0.00,0.00,0,0
48884,ON,2,0,0.00,31.00,-30.00,-3.12,100,100,0.00,0,0.00,0.00,0.00,0.25,0.00,0.00,0,0
48989,ON,2,0,0.00,31.00,-30.00,-3.12,100,100,0.00,0,0.00,0.00,0.00,0.25,0.00,0.00,0,0
49095,ON,2,0,0.00,31.00,-30.00,-3.12,100,100,0.00,0,0.00,0.00,0.00,0.25,0.00,0.00,0,0
49200,ON,2,0,0.00,31.00,-30.00,-3.12,100,100,0.00,0,0.00,0.00,0.00,0.25,0.00,0.00,0,0
49306,ON,2,0,0.00,31.00,-30.00,-3.12,100,100,0.00,0,0.00,0.00,0.00,0.25,0.00,0.00,0,0
49411,ON,2,0,0.00,31.00,-30.00,-3.12,100,100,0.00,0,0.00,0.00,0.00,0.25,0.00,0.00,0,0
49520,ON,2,0,0.00,31.00,-30.00,-3.12,100,100,0.00,0,0.00,0.00,0.00,0.25,0.00,0.00,0,0
49625,ON,2,0,0.00,31.00,-30.00,-3.12,100,100,0.00,0,0.00,0.00,0.00,0.25,0.00,0.00,0,0
49731,ON,2,0,0.00,31.00,-30.00,-3.12,100,100,0.00,0,0.00,0.00,0.00,0.25,0.00,0.00,0,0
49836,ON,2,0,0.00,31.00,-30.00,-3.12,100,100,0.00,0,0.00,0.00,0.00,0.25,0.00,0.00,0,0
49942,ON,2,0,0.00,31.00,-30.00,-3.12,100,100,0.00,0,0.00,0.00,0.00,0.25,0.00,0.00,0,0
50047,ON,2,0,0.00,31.00,-30.00,-3.12,100,100,0.00,0,0.00,0.00,0.00,0.25,0.00,0.00,0,0
50156,ON,2,0,0.00,31.00,-30.00,-3.12,100,100,0.00,0,0.00,0.00,0.00,0.25,0.00,0.00,0,0
50261,ON,2,0,0.00,31.00,-30.00,-3.12,100,100,0.00,0,0.00,0.00,0.00,0.25,0.00,0.00,0,0
50367,ON,2,0,0.00,31.00,-30.00,-3.12,100,100,0.00,0,0.00,0.00,0.00,0.25,0.00,0.00,0,0
50472,ON,2,0,0.00,31.00,-30.00,-3.12,100,100,0.00,0,0.00,0.00,0.00,0.25,0.00,0.00,0,0
50578,ON,2,0,0.00,31.00,-30.00,-3.12,100,100,0.00,0,0.00,0.00,0.00,0.25,0.00,0.00,0,0
50684,ON,2,0,0.00,31.00,-30.00,-3.12,100,100,0.00,0,0.00,0.00,0.00,0.25,0.00,0.00,0,0
50792,ON,2,0,0.00,31.00,-30.00,-3.12,100,100,0.00,0,0.00,0.00,0.00,0.25,0.00,0.00,0,0
50897,ON,2,0,0.00,31.00,-30.00,-3.12,100,100,0.00,0,0.00,0.00,0.00,0.25,0.00,0.00,0,0
51003,ON,2,0,0.00,31.00,-30.00,-3.12,100,100,0.00,0,0.00,0.00,0.00,0.25,0.00,0.00,0,0
51108,ON,2,0,0.00,31.00,-30.00,-3.12,100,100,0.00,0,0.00,0.00,0.00,0.25,0.00,0.00,0,0
51214,ON,2,0,0.00,31.00,-30.00,-3.12,100,100,0.00,0,0.00,0.00,0.00,0.25,0.00,0.00,0,0
51319,ON,2,0,0.00,31.00,-30.00,-3.12,100,100,0.00,0,0.00,0.00,0.00,0.25,0.00,0.00,0,0
51427,ON,2,0,0.00,31.00,-30.00,-3.12,100,100,0.00,0,0.00,0.00,0.00,0.25,0.00,0.00,0,0
51533,ON,2,0,0.00,31.00,-30.00,-3.12,100,100,0.00,0,0.00,0.00,0.00,0.25,0.00,0.00,0,0
51639,ON,2,0,0.00,31.00,-30.00,-3.12,100,100,0.00,0,0.00,0.00,0.00,0.25,0.00,0.00,0,0
51744,ON,2,0,0.00,31.00,-30.00,-3.12,100,100,0.00,0,0.00,0.00,0.00,0.25,0.00,0.00,0,0
51850,ON,2,0,0.00,31.00,-30.00,-3.12,100,100,0.00,0,0.00,0.00,0.00,0.25,0.00,0.00,0,0
51955,ON,2,0,0.00,31.00,-30.00,-3.12,100,100,0.00,0,0.00,0.00,0.00,0.25,0.00,0.00,0,0
52063,ON,2,0,0.00,31.00,-30.00,-3.12,100,100,0.00,0,0.00,0.00,0.00,0.25,0.00,0.00,0,0
52169,ON,2,0,0.00,31.00,-30.00,-3.12,100,100,0.00,0,0.00,0.00,0.00,0.25,0.00,0.00,0,0
52274,ON,2,0,0.00,31.00,-30.00,-3.12,100,100,0.00,0,0.00,0.00,0.00,0.25,0.00,0.00,0,0
52380,ON,2,0,0.00,31.00,-30.00,-3.12,100,100,0.00,0,0.00,0.00,0.00,0.25,0.00,0.00,0,0
52485,ON,2,0,0.00,31.00,-30.00,-3.12,100,100,0.00,0,0.00,0.00,0.00,0.25,0.00,0.00,0,0
52591,ON,2,0,0.00,31.00,-30.00,-3.12,100,100,0.00,0,0.00,0.00,0.00,0.25,0.00,0.00,0,0
52699,ON,2,0,0.00,31.00,-30.00,-3.12,100,100,0.00,0,0.00,0.00,0.00,0.25,0.00,0.00,0,0
52805,ON,2,0,0.00,31.00,-30.00,-3.12,100,100,0.00,0,0.00,0.00,0.00,0.25,0.00,0.00,0,0
52911,ON,2,0,0.00,31.00,-30.00,-3.12,100,100,0.00,0,0.00,0.00,0.00,0.25,0.00,0.00,0,0
53016,ON,2,0,0.00,31.00,-30.00,-3.12,100,100,0.00,0,0.00,0.00,0.00,0.25,0.00,0.00,0,0
53122,ON,2,0,0.00,31.00,-30.00,-3.12,100,100,0.00,0,0.00,0.00,0.00,0.25,0.00,0.00,0,0
53227,ON,2,0,0.00,31.00,-30.00,-3.12,100,100,0.00,0,0.00,0.00,0.00,0.25,0.00,0.00,0,0
53335,ON,2,0,0.00,31.00,-30.00,-3.12,100,100,0.00,0,0.00,0.00,0.00,0.25,0.00,0.00,0,0
53441,ON,2,0,0.00,31.00,-30.00,-3.12,100,100,0.00,0,0.00,0.00,0.00,0.25,0.00,0.00,0,0
53546,ON,2,0,0.00,31.00,-30.00,-3.12,100,100,0.00,0,0.00,0.00,0.00,0.25,0.00,0.00,0,0
53652,ON,2,0,0.00,31.00,-30.00,-3.12,100,100,0.00,0,0.00,0.00,0.00,0.25,0.00,0.00,0,0
53757,ON,2,0,0.00,31.00,-30.00,-3.12,100,100,0.00,0,0.00,0.00,0.00,0.25,0.00,0.00,0,0
53863,ON,2,0,0.00,31.00,-30.00,-3.12,101,100,0.00,0,0.00,0.00,0.00,0.25,0.00,0.00,0,0
53971,ON,2,0,0.00,31.00,-30.00,-3.12,101,100,0.00,0,0.00,0.00,0.00,0.25,0.00,0.00,0,0
54076,ON,2,0,0.00,31.00,-30.00,-3.12,100,100,0.00,0,0.00,0.00,0.00,0.25,0.00,0.00,0,0
54182,ON,2,0,0.00,31.00,-30.00,-3.12,100,100,0.00,0,0.00,0.00,0.00,0.25,0.00,0.00,0,0
54288,ON,2,0,0.00,31.00,-30.00,-3.12,100,100,0.00,0,0.00,0.00,0.00,0.25,0.00,0.00,0,0
54393,ON,2,0,0.00,31.00,-30.00,-3.12,100,100,0.00,0,0.00,0.00,0.00,0.25,0.00,0.00,0,0
54499,ON,2,0,0.00,31.00,-30.00,-3.12,100,100,0.00,0,0.00,0.00,0.00,0.25,0.00,0.00,0,0
54607,ON,2,0,0.00,31.00,-30.00,-3.12,100,100,0.00,0,0.00,0.00,0.00,0.25,0.00,0.00,0,0
54712,ON,2,0,0.00,31.00,-30.00,-3.12,100,100,0.00,0,0.00,0.00,0.00,0.25,0.00,0.00,0,0
54818,ON,2,0,0.00,31.00,-30.00,-3.12,100,100,0.00,0,0.00,0.00,0.00,0.25,0.00,0.00,0,0
54923,ON,2,0,0.00,31.00,-30.00,-3.12,100,100,0.00,0,0.00,0.00,0.00,0.25,0.00,0.00,0,0
55029,ON,2,0,0.00,31.00,-30.00,-3.12,100,100,0.00,0,0.00,0.00,0.00,0.25,0.00,0.00,0,0
55135,ON,2,0,0.00,31.00,-30.00,-3.12,100,100,0.00,0,0.00,0.00,0.00,0.25,0.00,0.00,0,0
55243,ON,2,0,0.00,31.00,-30.00,-3.12,100,100,0.00,0,0.00,0.00,0.00,0.25,0.00,0.00,0,0
55349,ON,2,0,0.00,31.00,-30.00,-3.12,100,100,0.00,0,0.00,0.00,0.00,0.25,0.00,0.00,0,0
55454,ON,2,0,0.00,31.00,-30.00,-3.12,100,100,0.00,0,0.00,0.00,0.00,0.25,0.00,0.00,0,0
55560,ON,2,0,0.00,31.00,-30.00,-3.12,100,100,0.00,0,0.00,0.00,0.00,0.25,0.00,0.00,0,0
55665,ON,2,0,0.00,31.00,-30.00,-3.12,100,100,0.00,0,0.00,0.00,0.00,0.25,0.00,0.00,0,0
55771,ON,2,0,0.00,31.00,-30.00,-3.12,100,100,0.00,0,0.00,0.00,0.00,0.25,0.00,0.00,0,0
55879,ON,2,0,0.00,31.00,-30.00,-3.12,100,100,0.00,0,0.00,0.00,0.00,0.25,0.00,0.00,0,0
55984,ON,2,0,0.00,31.00,-30.00,-3.12,100,100,0.00,0,0.00,0.00,0.00,0.25,0.00,0.00,0,0
56090,ON,2,0,0.00,31.00,-30.00,-3.12,100,100,0.00,0,0.00,0.00,0.00,0.25,0.00,0.00,0,0
56196,ON,2,0,0.00,31.00,-30.00,-3.12,100,100,0.00,0,0.00,0.00,0.00,0.25,0.00,0.00,0,0
56301,ON,2,0,0.00,31.00,-30.00,-3.12,100,100,0.00,0,0.00,0.00,0.00,0.25,0.00,0.00,0,0
56407,ON,2,0,0.00,31.00,-30.00,-3.12,100,100,0.00,0,0.00,0.00,0.00,0.25,0.00,0.00,0,0
56515,ON,2,0,0.00,31.00,-30.00,-3.12,100,100,0.00,0,0.00,0.00,0.00,0.25,0.00,0.00,0,0
56620,ON,2,0,0.00,31.00,-30.00,-3.12,100,100,0.00,0,0.00,0.00,0.00,0.25,0.00,0.00,0,0
56731,ON,2,0,0.00,31.00,-30.00,-3.12,100,100,0.00,0,0.00,0.00,0.00,0.25,0.00,0.00,0,0
56836,ON,2,0,0.00,31.00,-30.00,-3.12,100,100,0.00,0,0.00,0.00,0.00,0.25,0.00,0.00,0,0
56942,ON,2,0,0.00,31.00,-30.00,-3.12,101,100,0.00,0,0.00,0.00,0.00,0.25,0.00,0.00,0,0
57047,ON,2,0,0.00,31.00,-30.00,-3.12,101,100,0.00,0,0.00,0.00,0.00,0.25,0.00,0.00,0,0
57155,ON,2,0,0.00,31.00,-30.00,-3.12,100,100,0.00,0,0.00,0.00,0.00,0.25,0.00,0.00,0,0
57261,ON,2,0,0.00,31.00,-30.00,-3.12,100,100,0.00,0,0.00,0.00,0.00,0.25,0.00,0.00,0,0
57366,ON,2,0,0.00,31.00,-30.00,-3.12,100,100,0.00,0,0.00,0.00,0.00,0.25,0.00,0.00,0,0
57472,ON,2,0,0.00,31.00,-30.00,-3.12,100,100,0.00,0,0.00,0.00,0.00,0.25,0.00,0.00,0,0
57577,ON,2,0,0.00,31.00,-30.00,-3.12,100,100,0.00,0,0.00,0.00,0.00,0.25,0.00,0.00,0,0
57683,ON,2,0,0.00,31.00,-30.00,-3.12,100,100,0.00,0,0.00,0.00,0.00,0.25,0.00,0.00,0,0
57791,ON,2,0,0.00,31.00,-30.00,-3.12,100,100,0.00,0,0.00,0.00,0.00,0.25,0.00,0.00,0,0
57897,ON,2,0,0.00,31.00,-30.00,-3.12,100,100,0.00,0,0.00,0.00,0.00,0.25,0.00,0.00,0,0
58003,ON,2,0,0.00,31.00,-30.00,-3.12,100,100,0.00,0,0.00,0.00,0.00,0.25,0.00,0.00,0,0
58108,ON,2,0,0.00,31.00,-30.00,-3.12,100,100,0.00,0,0.00,0.00,0.00,0.25,0.00,0.00,0,0
58214,ON,2,0,0.00,31.00,-30.00,-3.12,100,100,0.00,0,0.00,0.00,0.00,0.25,0.00,0.00,0,0
58319,ON,2,0,0.00,31.00,-30.00,-3.12,100,100,0.00,0,0.00,0.00,0.00,0.25,0.00,0.00,0,0
58427,ON,2,0,0.00,31.00,-30.00,-3.12,100,100,0.00,0,0.00,0.00,0.00,0.25,0.00,0.00,0,0
58533,ON,2,0,0.00,31.00,-30.00,-3.12,100,100,0.00,0,0.00,0.00,0.00,0.25,0.00,0.00,0,0
58638,ON,2,0,0.00,31.00,-30.00,-3.12,100,100,0.00,0,0.00,0.00,0.00,0.25,0.00,0.00,0,0
58744,ON,2,0,0.00,31.00,-30.00,-3.12,100,100,0.00,0,0.00,0.00,0.00,0.25,0.00,0.00,0,0
58850,ON,2,0,0.00,31.00,-30.00,-3.12,100,100,0.00,0,0.00,0.00,0.00,0.25,0.00,0.00,0,0
58955,ON,2,0,0.00,31.00,-30.00,-3.12,100,100,0.00,0,0.00,0.00,0.00,0.25,0.00,0.00,0,0
59063,ON,2,0,0.00,31.00,-30.00,-3.12,100,100,0.00,0,0.00,0.00,0.00,0.25,0.00,0.00,0,0
59169,ON,2,0,0.00,31.00,-30.00,-3.12,100,100,0.00,0,0.00,0.00,0.00,0.25,0.00,0.00,0,0
59274,ON,2,0,0.00,31.00,-30.00,-3.12,100,100,0.00,0,0.00,0.00,0.00,0.25,0.00,0.00,0,0
59380,ON,2,0,0.00,31.00,-30.00,-3.12,100,100,0.00,0,0.00,0.00,0.00,0.25,0.00,0.00,0,0
59485,ON,2,0,0.00,31.00,-30.00,-3.12,100,100,0.00,0,0.00,0.00,0.00,0.25,0.00,0.00,0,0
59591,ON,2,0,0.00,31.00,-30.00,-3.12,100,100,0.00,0,0.00,0.00,0.00,0.25,0.00,0.00,0,0
59699,ON,2,0,0.00,31.00,-30.00,-3.12,100,100,0.00,0,0.00,0.00,0.00,0.25,0.00,0.00,0,0
59805,ON,2,0,0.00,31.00,-30.00,-3.12,100,100,0.00,0,0.00,0.00,0.00,0.25,0.00,0.00,0,0
59910,ON,2,0,0.00,31.00,-30.00,-3.12,100,100,0.00,0,0.00,0.00,0.00,0.25,0.00,0.00,0,0
60016,ON,2,0,0.00,31.00,-30.00,-3.12,100,100,0.00,0,0.00,0.00,0.00,0.25,0.00,0.00,0,0
60121,ON,2,0,0.00,31.00,-30.00,-3.12,100,100,0.00,0,0.00,0.00,0.00,0.25,0.00,0.00,0,0
60227,ON,2,0,0.00,31.00,-30.00,-3.12,100,100,0.00,0,0.00,0.00,0.00,0.25,0.00,0.00,0,0
60335,ON,2,0,0.00,31.00,-30.00,-3.12,100,100,0.00,0,0.00,0.00,0.00,0.25,0.00,0.00,0,0
60441,ON,2,0,0.00,31.00,-30.00,-3.12,100,100,0.00,0,0.00,0.00,0.00,0.25,0.00,0.00,0,0
60546,ON,2,0,0.00,31.00,-30.00,-3.12,100,100,0.00,0,0.00,0.00,0.00,0.25,0.00,0.00,0,0
60652,ON,2,0,0.00,31.00,-30.00,-3.12,100,100,0.00,0,0.00,0.00,0.00,0.25,0.00,0.00,0,0
60758,ON,2,0,0.00,31.00,-30.00,-3.12,100,100,0.00,0,0.00,0.00,0.00,0.25,0.00,0.00,0,0
60863,ON,2,0,0.00,31.00,-30.00,-3.12,100,100,0.00,0,0.00,0.00,0.00,0.25,0.00,0.00,0,0
60971,ON,2,0,0.00,31.00,-30.00,-3.12,100,100,0.00,0,0.00,0.00,0.00,0.25,0.00,0.00,0,0
61077,ON,2,0,0.00,31.00,-30.00,-3.12,100,100,0.00,0,0.00,0.00,0.00,0.25,0.00,0.00,0,0
61182,ON,2,0,0.00,31.00,-30.00,-3.12,100,100,0.00,0,0.00,0.00,0.00,0.25,0.00,0.00,0,0
61288,ON,2,0,0.00,31.00,-30.00,-3.12,100,100,0.00,0,0.00,0.00,0.00,0.25,0.00,0.00,0,0
61393,ON,2,0,0.00,31.00,-30.00,-3.12,100,100,0.00,0,0.00,0.00,0.00,0.25,0.00,0.00,0,0
61499,ON,2,0,0.00,31.00,-30.00,-3.12,100,100,0.00,0,0.00,0.00,0.00,0.25,0.00,0.00,0,0
61607,ON,2,0,0.00,31.00,-30.00,-3.12,100,100,0.00,0,0.00,0.00,0.00,0.25,0.00,0.00,0,0
61712,ON,2,0,0.00,31.00,-30.00,-3.12,100,100,0.00,0,0.00,0.00,0.00,0.25,0.00,0.00,0,0
61818,ON,2,0,0.00,31.00,-30.00,-3.12,100,100,0.00,0,0.00,0.00,0.00,0.25,0.00,0.00,0,0
61924,ON,2,0,0.00,31.00,-30.00,-3.12,100,100,0.00,0,0.00,0.00,0.00,0.25,0.00,0.00,0,0
62029,ON,2,0,0.00,31.00,-30.00,-3.12,100,100,0.00,0,0.00,0.00,0.00,0.25,0.00,0.00,0,0
62135,ON,2,0,0.00,31.00,-30.00,-3.12,100,100,0.00,0,0.00,0.00,0.00,0.25,0.00,0.00,0,0
62243,ON,2,0,0.00,31.00,-30.00,-3.12,100,100,0.00,0,0.00,0.00,0.00,0.25,0.00,0.00,0,0
62348,ON,2,0,0.00,31.00,-30.00,-3.12,100,100,0.00,0,0.00,0.00,0.00,0.25,0.00,0.00,0,0
62454,ON,2,0,0.00,31.00,-30.00,-3.12,100,100,0.00,0,0.00,0.00,0.00,0.25,0.00,0.00,0,0
62560,ON,2,0,0.00,31.00,-30.00,-3.12,100,100,0.00,0,0.00,0.00,0.00,0.25,0.00,0.00,0,0
62665,ON,2,0,0.00,31.00,-30.00,-3.12,100,100,0.00,0,0.00,0.00,0.00,0.25,0.00,0.00,0,0
62771,ON,2,0,0.00,31.00,-30.00,-3.12,100,100,0.00,0,0.00,0.00,0.00,0.25,0.00,0.00,0,0
62879,ON,2,0,0.00,31.00,-30.00,-3.12,100,100,0.00,0,0.00,0.00,0.00,0.25,0.00,0.00,0,0
62985,ON,2,0,0.00,31.00,-30.00,-3.12,100,100,0.00,0,0.00,0.00,0.00,0.25,0.00,0.00,0,0
63090,ON,2,0,0.00,31.00,-30.00,-3.12,100,100,0.00,0,0.00,0.00,0.00,0.25,0.00,0.00,0,0
63196,ON,2,0,0.00,31.00,-30.00,-3.12,100,100,0.00,0,0.00,0.00,0.00,0.25,0.00,0.00,0,0
63301,ON,2,0,0.00,31.00,-30.00,-3.12,100,100,0.00,0,0.00,0.00,0.00,0.25,0.00,0.00,0,0
63407,ON,2,0,0.00,31.00,-30.00,-3.12,101,100,0.00,0,0.00,0.00,0.00,0.25,0.00,0.00,0,0
63515,ON,2,0,0.00,31.00,-30.00,-3.12,101,100,0.00,0,0.00,0.00,0.00,0.25,0.00,0.00,0,0
63620,ON,2,0,0.00,31.00,-30.00,-3.12,100,100,0.00,0,0.00,0.00,0.00,0.25,0.00,0.00,0,0
63726,ON,2,0,0.00,31.00,-30.00,-3.12,100,100,0.00,0,0.00,0.00,0.00,0.25,0.00,0.00,0,0
63832,ON,2,0,0.00,31.00,-30.00,-3.12,100,100,0.00,0,0.00,0.00,0.00,0.25,0.00,0.00,0,0
63937,ON,2,0,0.00,31.00,-30.00,-3.12,100,100,0.00,0,0.00,0.00,0.00,0.25,0.00,0.00,0,0
64043,ON,2,0,0.00,31.00,-30.00,-3.12,100,100,0.00,0,0.00,0.00,0.00,0.25,0.00,0.00,0,0
64151,ON,2,0,0.00,31.00,-30.00,-3.12,101,100,0.00,0,0.00,0.00,0.00,0.25,0.00,0.00,0,0
64256,ON,2,0,0.00,31.00,-30.00,-3.12,101,100,0.00,0,0.00,0.00,0.00,0.25,0.00,0.00,0,0
64362,ON,2,0,0.00,31.00,-30.00,-3.12,100,100,0.00,0,0.00,0.00,0.00,0.25,0.00,0.00,0,0
64467,ON,2,0,0.00,31.00,-30.00,-3.12,100,100,0.00,0,0.00,0.00,0.00,0.25,0.00,0.00,0,0
64573,ON,2,0,0.00,31.00,-30.00,-3.12,100,100,0.00,0,0.00,0.00,0.00,0.25,0.00,0.00,0,0
64679,ON,2,0,0.00,31.00,-30.00,-3.12,100,100,0.00,0,0.00,0.00,0.00,0.25,0.00,0.00,0,0
64787,ON,2,0,0.00,31.00,-30.00,-3.12,100,100,0.00,0,0.00,0.00,0.00,0.25,0.00,0.00,0,0
64892,ON,2,0,0.00,31.00,-30.00,-3.12,100,100,0.00,0,0.00,0.00,0.00,0.25,0.00,0.00,0,0
64998,ON,2,0,0.00,31.00,-30.00,-3.12,100,100,0.00,0,0.00,0.00,0.00,0.25,0.00,0.00,0,0
65103,ON,2,0,0.00,31.00,-30.00,-3.12,100,100,0.00,0,0.00,0.00,0.00,0.25,0.00,0.00,0,0
65209,ON,2,0,0.00,31.00,-30.00,-3.12,100,100,0.00,0,0.00,0.00,0.00,0.25,0.00,0.00,0,0
65314,ON,2,0,0.00,31.00,-30.00,-3.12,100,100,0.00,0,0.00,0.00,0.00,0.25,0.00,0.00,0,0
65423,ON,2,0,0.00,31.00,-30.00,-3.12,100,100,0.00,0,0.00,0.00,0.00,0.25,0.00,0.00,0,0
65528,ON,2,0,0.00,31.00,-30.00,-3.12,100,100,0.00,0,0.00,0.00,0.00,0.25,0.00,0.00,0,0
65634,ON,2,0,0.00,31.00,-30.00,-3.12,100,100,0.00,0,0.00,0.00,0.00,0.25,0.00,0.00,0,0
65740,ON,2,0,0.00,31.00,-30.00,-3.12,100,100,0.00,0,0.00,0.00,0.00,0.25,0.00,0.00,0,0
65845,ON,2,0,0.00,31.00,-30.00,-3.12,100,100,0.00,0,0.00,0.00,0.00,0.25,0.00,0.00,0,0
65951,ON,2,0,0.00,31.00,-30.00,-3.12,100,100,0.00,0,0.00,0.00,0.00,0.25,0.00,0.00,0,0
66059,ON,2,0,0.00,31.00,-30.00,-3.12,100,100,0.00,0,0.00,0.00,0.00,0.25,0.00,0.00,0,0
66164,ON,2,0,0.00,31.00,-30.00,-3.12,100,100,0.00,0,0.00,0.00,0.00,0.25,0.00,0.00,0,0
66270,ON,2,0,0.00,31.00,-30.00,-3.12,100,100,0.00,0,0.00,0.00,0.00,0.25,0.00,0.00,0,0
66375,ON,2,0,0.00,31.00,-30.00,-3.12,100,100,0.00,0,0.00,0.00,0.00,0.25,0.00,0.00,0,0
66481,ON,2,0,0.00,31.00,-30.00,-3.12,101,100,0.00,0,0.00,0.00,0.00,0.25,0.00,0.00,0,0
66587,ON,2,0,0.00,31.00,-30.00,-3.12,101,101,0.00,0,0.00,0.00,0.00,0.25,0.00,0.00,0,0
66695,ON,2,0,0.00,31.00,-30.00,-3.12,100,101,0.00,0,0.00,0.00,0.00,0.25,0.00,0.00,0,0
66800,ON,2,0,0.00,31.00,-30.00,-3.12,100,101,0.00,0,0.00,0.00,0.00,0.25,0.00,0.00,0,0
66906,ON,2,0,0.00,31.00,-30.00,-3.12,100,101,0.00,0,0.00,0.00,0.00,0.25,0.00,0.00,0,0
67011,ON,2,0,0.00,31.00,-30.00,-3.12,100,101,0.00,0,0.00,0.00,0.00,0.25,0.00,0.00,0,0
67117,ON,2,0,0.00,31.00,-30.00,-3.12,100,100,0.00,0,0.00,0.00,0.00,0.25,0.00,0.00,0,0
67222,ON,2,0,0.00,31.00,-30.00,-3.12,100,100,0.00,0,0.00,0.00,0.00,0.25,0.00,0.00,0,0
67331,ON,2,0,0.00,31.00,-30.00,-3.12,100,100,0.00,0,0.00,0.00,0.00,0.25,0.00,0.00,0,0
67436,ON,2,0,0.00,31.00,-30.00,-3.12,100,100,0.00,0,0.00,0.00,0.00,0.25,0.00,0.00,0,0
67542,ON,2,0,0.00,31.00,-30.00,-3.12,100,100,0.00,0,0.00,0.00,0.00,0.25,0.00,0.00,0,0
67647,ON,2,0,0.00,31.00,-30.00,-3.12,100,100,0.00,0,0.00,0.00,0.00,0.25,0.00,0.00,0,0
67753,ON,2,0,0.00,31.00,-30.00,-3.12,100,100,0.00,0,0.00,0.00,0.00,0.25,0.00,0.00,0,0
67859,ON,2,0,0.00,31.00,-30.00,-3.12,100,100,0.00,0,0.00,0.00,0.00,0.25,0.00,0.00,0,0
67967,ON,2,0,0.00,31.00,-30.00,-3.12,100,100,0.00,0,0.00,0.00,0.00,0.25,0.00,0.00,0,0
68073,ON,2,0,0.00,31.00,-30.00,-3.12,100,100,0.00,0,0.00,0.00,0.00,0.25,0.00,0.00,0,0
68178,ON,2,0,0.00,31.00,-30.00,-3.12,100,100,0.00,0,0.00,0.00,0.00,0.25,0.00,0.00,0,0
68284,ON,2,0,0.00,31.00,-30.00,-3.12,100,100,0.00,0,0.00,0.00,0.00,0.25,0.00,0.00,0,0
68389,ON,2,0,0.00,31.00,-30.00,-3.12,100,100,0.00,0,0.00,0.00,0.00,0.25,0.00,0.00,0,0
68495,ON,2,0,0.00,31.00,-30.00,-3.12,100,100,0.00,0,0.00,0.00,0.00,0.25,0.00,0.00,0,0
68603,ON,2,0,0.00,31.00,-30.00,-3.12,100,100,0.00,0,0.00,0.00,0.00,0.25,0.00,0.00,0,0
68708,ON,2,0,0.00,31.00,-30.00,-3.12,100,100,0.00,0,0.00,0.00,0.00,0.25,0.00,0.00,0,0
68814,ON,2,0,0.00,31.00,-30.00,-3.12,100,100,0.00,0,0.00,0.00,0.00,0.25,0.00,0.00,0,0
68919,ON,2,0,0.00,31.00,-30.00,-3.12,100,100,0.00,0,0.00,0.00,0.00,0.25,0.00,0.00,0,0
69025,ON,2,0,0.00,31.00,-30.00,-3.12,100,100,0.00,0,0.00,0.00,0.00,0.25,0.00,0.00,0,0
69131,ON,2,0,0.00,31.00,-30.00,-3.12,100,100,0.00,0,0.00,0.00,0.00,0.25,0.00,0.00,0,0
69239,ON,2,0,0.00,31.00,-30.00,-3.12,100,100,0.00,0,0.00,0.00,0.00,0.25,0.00,0.00,0,0
69344,ON,2,0,0.00,31.00,-30.00,-3.12,100,100,0.00,0,0.00,0.00,0.00,0.25,0.00,0.00,0,0
69450,ON,2,0,0.00,31.00,-30.00,-3.12,100,100,0.00,0,0.00,0.00,0.00,0.25,0.00,0.00,0,0
69555,ON,2,0,0.00,31.00,-30.00,-3.12,100,100,0.00,0,0.00,0.00,0.00,0.25,0.00,0.00,0,0
69661,ON,2,0,0.00,31.00,-30.00,-3.12,100,100,0.00,0,0.00,0.00,0.00,0.25,0.00,0.00,0,0
69767,ON,2,0,0.00,31.00,-30.00,-3.12,100,100,0.00,0,0.00,0.00,0.00,0.25,0.00,0.00,0,0
69875,ON,2,0,0.00,31.00,-30.00,-3.12,100,100,0.00,0,0.00,0.00,0.00,0.25,0.00,0.00,0,0
69980,ON,2,0,0.00,31.00,-30.00,-3.12,100,100,0.00,0,0.00,0.00,0.00,0.25,0.00,0.00,0,0
70086,ON,2,0,0.00,31.00,-30.00,-3.12,100,100,0.00,0,0.00,0.00,0.00,0.25,0.00,0.00,0,0
70191,ON,2,0,0.00,31.00,-30.00,-3.12,100,100,0.00,0,0.00,0.00,0.00,0.25,0.00,0.00,0,0
70297,ON,2,0,0.00,31.00,-30.00,-3.12,100,100,0.00,0,0.00,0.00,0.00,0.25,0.00,0.00,0,0
70403,ON,2,0,0.00,31.00,-30.00,-3.12,100,100,0.00,0,0.00,0.00,0.00,0.25,0.00,0.00,0,0
70511,ON,2,0,0.00,31.00,-30.00,-3.12,100,100,0.00,0,0.00,0.00,0.00,0.25,0.00,0.00,0,0
70617,ON,2,0,0.00,31.00,-30.00,-3.12,100,100,0.00,0,0.00,0.00,0.00,0.25,0.00,0.00,0,0
70722,ON,2,0,0.00,31.00,-30.00,-3.12,100,100,0.00,0,0.00,0.00,0.00,0.25,0.00,0.00,0,0
70828,ON,2,0,0.00,31.00,-30.00,-3.12,100,100,0.00,0,0.00,0.00,0.00,0.25,0.00,0.00,0,0
70933,ON,2,0,0.00,31.00,-30.00,-3.12,100,100,0.00,0,0.00,0.00,0.00,0.25,0.00,0.00,0,0
71039,ON,2,0,0.00,31.00,-30.00,-3.12,100,100,0.00,0,0.00,0.00,0.00,0.25,0.00,0.00,0,0
71147,ON,2,0,0.00,31.00,-30.00,-3.12,100,100,0.00,0,0.00,0.00,0.00,0.25,0.00,0.00,0,0
71252,ON,2,0,0.00,31.00,-30.00,-3.12,100,100,0.00,0,0.00,0.00,0.00,0.25,0.00,0.00,0,0
71358,ON,2,0,0.00,31.00,-30.00,-3.12,100,100,0.00,0,0.00,0.00,0.00,0.25,0.00,0.00,0,0
71463,ON,2,0,0.00,31.00,-30.00,-3.12,100,100,0.00,0,0.00,0.00,0.00,0.25,0.00,0.00,0,0
71569,ON,2,0,0.00,31.00,-30.00,-3.12,100,100,0.00,0,0.00,0.00,0.00,0.25,0.00,0.00,0,0
71675,ON,2,0,0.00,31.00,-30.00,-3.12,100,100,0.00,0,0.00,0.00,0.00,0.25,0.00,0.00,0,0
71783,ON,2,0,0.00,31.00,-30.00,-3.12,100,100,0.00,0,0.00,0.00,0.00,0.25,0.00,0.00,0,0
71888,ON,2,0,0.00,31.00,-30.00,-3.12,100,100,0.00,0,0.00,0.00,0.00,0.25,0.00,0.00,0,0
71994,ON,2,0,0.00,31.00,-30.00,-3.12,100,100,0.00,0,0.00,0.00,0.00,0.25,0.00,0.00,0,0
72099,ON,2,0,0.00,31.00,-30.00,-3.12,100,100,0.00,0,0.00,0.00,0.00,0.25,0.00,0.00,0,0
72205,ON,2,0,0.00,31.00,-30.00,-3.12,100,101,0.00,0,0.00,0.00,0.00,0.25,0.00,0.00,0,0
72310,ON,2,0,0.00,31.00,-30.00,-3.12,100,101,0.00,0,0.00,0.00,0.00,0.25,0.00,0.00,0,0
72419,ON,2,0,0.00,31.00,-30.00,-3.12,100,101,0.00,0,0.00,0.00,0.00,0.25,0.00,0.00,0,0
72524,ON,2,0,0.00,31.00,-30.00,-3.12,100,100,0.00,0,0.00,0.00,0.00,0.25,0.00,0.00,0,0
72630,ON,2,0,0.00,31.00,-30.00,-3.12,100,100,0.00,0,0.00,0.00,0.00,0.25,0.00,0.00,0,0
72735,ON,2,0,0.00,31.00,-30.00,-3.12,100,101,0.00,0,0.00,0.00,0.00,0.25,0.00,0.00,0,0
72841,ON,2,0,0.00,31.00,-30.00,-3.12,100,101,0.00,0,0.00,0.00,0.00,0.25,0.00,0.00,0,0
72946,ON,2,0,0.00,31.00,-30.00,-3.12,100,101,0.00,0,0.00,0.00,0.00,0.25,0.00,0.00,0,0
73055,ON,2,0,0.00,31.00,-30.00,-3.12,100,100,0.00,0,0.00,0.00,0.00,0.25,0.00,0.00,0,0
73160,ON,2,0,0.00,31.00,-30.00,-3.12,100,100,0.00,0,0.00,0.00,0.00,0.25,0.00,0.00,0,0
73266,ON,2,0,0.00,31.00,-30.00,-3.12,100,100,0.00,0,0.00,0.00,0.00,0.25,0.00,0.00,0,0
73371,ON,2,0,0.00,31.00,-30.00,-3.12,101,100,0.00,0,0.00,0.00,0.00,0.25,0.00,0.00,0,0
73477,ON,2,0,0.00,31.00,-30.00,-3.12,101,100,0.00,0,0.00,0.00,0.00,0.25,0.00,0.00,0,0
73582,ON,2,0,0.00,31.00,-30.00,-3.12,101,100,0.00,0,0.00,0.00,0.00,0.25,0.00,0.00,0,0
73690,ON,2,0,0.00,31.00,-30.00,-3.12,100,100,0.00,0,0.00,0.00,0.00,0.25,0.00,0.00,0,0
73796,ON,2,0,0.00,31.00,-30.00,-3.12,100,100,0.00,0,0.00,0.00,0.00,0.25,0.00,0.00,0,0
73902,ON,2,0,0.00,31.00,-30.00,-3.12,100,100,0.00,0,0.00,0.00,0.00,0.25,0.00,0.00,0,0
74007,ON,2,0,0.00,31.00,-30.00,-3.12,100,100,0.00,0,0.00,0.00,0.00,0.25,0.00,0.00,0,0
74113,ON,2,0,0.00,31.00,-30.00,-3.12,100,100,0.00,0,0.00,0.00,0.00,0.25,0.00,0.00,0,0
74218,ON,2,0,0.00,31.00,-30.00,-3.12,100,100,0.00,0,0.00,0.00,0.00,0.25,0.00,0.00,0,0
74326,ON,2,0,0.00,31.00,-30.00,-3.12,100,100,0.00,0,0.00,0.00,0.00,0.25,0.00,0.00,0,0
74432,ON,2,0,0.00,31.00,-30.00,-3.12,100,100,0.00,0,0.00,0.00,0.00,0.25,0.00,0.00,0,0
74537,ON,2,0,0.00,31.00,-30.00,-3.12,100,100,0.00,0,0.00,0.00,0.00,0.25,0.00,0.00,0,0
74643,ON,2,0,0.00,31.00,-30.00,-3.12,100,100,0.00,0,0.00,0.00,0.00,0.25,0.00,0.00,0,0
74748,ON,2,0,0.00,31.00,-30.00,-3.12,100,100,0.00,0,0.00,0.00,0.00,0.25,0.00,0.00,0,0
74854,ON,2,0,0.00,31.00,-30.00,-3.12,100,100,0.00,0,0.00,0.00,0.00,0.25,0.00,0.00,0,0
74962,ON,2,0,0.00,31.00,-30.00,-3.12,100,100,0.00,0,0.00,0.00,0.00,0.25,0.00,0.00,0,0
75068,ON,2,0,0.00,31.00,-30.00,-3.12,100,101,0.00,0,0.00,0.00,0.00,0.25,0.00,0.00,0,0
75173,ON,2,0,0.00,31.00,-30.00,-3.12,100,101,0.00,0,0.00,0.00,0.00,0.25,0.00,0.00,0,0
75279,ON,2,0,0.00,31.00,-30.00,-3.12,100,100,0.00,0,0.00,0.00,0.00,0.25,0.00,0.00,0,0
75384,ON,2,0,0.00,31.00,-30.00,-3.12,100,100,0.00,0,0.00,0.00,0.00,0.25,0.00,0.00,0,0
75490,ON,2,0,0.00,31.00,-30.00,-3.12,100,100,0.00,0,0.00,0.00,0.00,0.25,0.00,0.00,0,0
75598,ON,2,0,0.00,31.00,-30.00,-3.12,100,100,0.00,0,0.00,0.00,0.00,0.25,0.00,0.00,0,0
75704,ON,2,0,0.00,31.00,-30.00,-3.12,100,100,0.00,0,0.00,0.00,0.00,0.25,0.00,0.00,0,0
75809,ON,2,0,0.00,31.00,-30.00,-3.12,100,100,0.00,0,0.00,0.00,0.00,0.25,0.00,0.00,0,0
75915,ON,2,0,0.00,31.00,-30.00,-3.12,100,100,0.00,0,0.00,0.00,0.00,0.25,0.00,0.00,0,0
76020,ON,2,0,0.00,31.00,-30.00,-3.12,100,100,0.00,0,0.00,0.00,0.00,0.25,0.00,0.00,0,0
76126,ON,2,0,0.00,31.00,-30.00,-3.12,100,100,0.00,0,0.00,0.00,0.00,0.25,0.00,0.00,0,0
76234,ON,2,0,0.00,31.00,-30.00,-3.12,100,100,0.00,0,0.00,0.00,0.00,0.25,0.00,0.00,0,0
76340,ON,2,0,0.00,31.00,-30.00,-3.12,100,100,0.00,0,0.00,0.00,0.00,0.25,0.00,0.00,0,0
76445,ON,2,0,0.00,31.00,-30.00,-3.12,100,100,0.00,0,0.00,0.00,0.00,0.25,0.00,0.00,0,0
76551,ON,2,0,0.00,31.00,-30.00,-3.12,100,100,0.00,0,0.00,0.00,0.00,0.25,0.00,0.00,0,0
76656,ON,2,0,0.00,31.00,-30.00,-3.12,100,100,0.00,0,0.00,0.00,0.00,0.25,0.00,0.00,0,0
76762,ON,2,0,0.00,31.00,-30.00,-3.12,100,100,0.00,0,0.00,0.00,0.00,0.25,0.00,0.00,0,0
76870,ON,2,0,0.00,31.00,-30.00,-3.12,100,100,0.00,0,0.00,0.00,0.00,0.25,0.00,0.00,0,0
76975,ON,2,0,0.00,31.00,-30.00,-3.12,100,100,0.00,0,0.00,0.00,0.00,0.25,0.00,0.00,0,0
77081,ON,2,0,0.00,31.00,-30.00,-3.12,100,100,0.00,0,0.00,0.00,0.00,0.25,0.00,0.00,0,0
77187,ON,2,0,0.00,31.00,-30.00,-3.12,100,100,0.00,0,0.00,0.00,0.00,0.25,0.00,0.00,0,0
77292,ON,2,0,0.00,31.00,-30.00,-3.12,100,100,0.00,0,0.00,0.00,0.00,0.25,0.00,0.00,0,0
77398,ON,2,0,0.00,31.00,-30.00,-3.12,100,100,0.00,0,0.00,0.00,0.00,0.25,0.00,0.00,0,0
77506,ON,2,0,0.00,31.00,-30.00,-3.12,101,100,0.00,0,0.00,0.00,0.00,0.25,0.00,0.00,0,0
77611,ON,2,0,0.00,31.00,-30.00,-3.12,101,100,0.00,0,0.00,0.00,0.00,0.25,0.00,0.00,0,0
77716,ON,2,0,0.00,31.00,-30.00,-3.12,101,100,0.00,0,0.00,0.00,0.00,0.25,0.00,0.00,0,0
77821,ON,2,0,0.00,31.00,-30.00,-3.12,100,100,0.00,0,0.00,0.00,0.00,0.25,0.00,0.00,0,0
77925,ON,2,0,0.00,31.00,-30.00,-3.12,100,100,0.00,0,0.00,0.00,0.00,0.25,0.00,0.00,0,0
78029,ON,2,0,0.00,31.00,-30.00,-3.12,100,100,0.00,0,0.00,0.00,0.00,0.25,0.00,0.00,0,0
78151,ON,2,0,0.00,31.00,-30.00,-3.12,100,100,0.00,0,0.00,0.00,0.00,0.25,0.00,0.00,0,0
78256,ON,2,0,0.00,31.00,-30.00,-3.12,100,100,0.00,0,0.00,0.00,0.00,0.25,0.00,0.00,0,0
78360,ON,2,0,0.00,31.00,-30.00,-3.12,100,100,0.00,0,0.00,0.00,0.00,0.25,0.00,0.00,0,0
78464,ON,2,0,0.00,31.00,-30.00,-3.12,100,100,0.00,0,0.00,0.00,0.00,0.25,0.00,0.00,0,0
78569,ON,2,0,0.00,31.00,-30.00,-3.12,100,100,0.00,0,0.00,0.00,0.00,0.25,0.00,0.00,0,0
78673,ON,2,0,0.00,31.00,-30.00,-3.12,100,100,0.00,0,0.00,0.00,0.00,0.25,0.00,0.00,0,0
78781,ON,2,0,0.00,31.00,-30.00,-3.12,100,100,0.00,0,0.00,0.00,0.00,0.25,0.00,0.00,0,0
78887,ON,2,0,0.00,31.00,-30.00,-3.12,100,100,0.00,0,0.00,0.00,0.00,0.25,0.00,0.00,0,0
78992,ON,2,0,0.00,31.00,-30.00,-3.12,100,100,0.00,0,0.00,0.00,0.00,0.25,0.00,0.00,0,0
79098,ON,2,0,0.00,31.00,-30.00,-3.12,100,100,0.00,0,0.00,0.00,0.00,0.25,0.00,0.00,0,0
79204,ON,2,0,0.00,31.00,-30.00,-3.12,100,100,0.00,0,0.00,0.00,0.00,0.25,0.00,0.00,0,0
79309,ON,2,0,0.00,31.00,-30.00,-3.12,100,100,0.00,0,0.00,0.00,0.00,0.25,0.00,0.00,0,0
79417,ON,2,0,0.00,31.00,-30.00,-3.12,100,100,0.00,0,0.00,0.00,0.00,0.25,0.00,0.00,0,0
79523,ON,2,0,0.00,31.00,-30.00,-3.12,100,100,0.00,0,0.00,0.00,0.00,0.25,0.00,0.00,0,0
79628,ON,2,0,0.00,31.00,-30.00,-3.12,100,100,0.00,0,0.00,0.00,0.00,0.25,0.00,0.00,0,0
79734,ON,2,0,0.00,31.00,-30.00,-3.12,100,100,0.00,0,0.00,0.00,0.00,0.25,0.00,0.00,0,0
79840,ON,2,0,0.00,31.00,-30.00,-3.12,100,100,0.00,0,0.00,0.00,0.00,0.25,0.00,0.00,0,0
79945,ON,2,0,0.00,31.00,-30.00,-3.12,100,100,0.00,0,0.00,0.00,0.00,0.25,0.00,0.00,0,0
80053,ON,2,0,0.00,31.00,-30.00,-3.12,100,100,0.00,0,0.00,0.00,0.00,0.25,0.00,0.00,0,0
80159,ON,2,0,0.00,31.00,-30.00,-3.12,100,100,0.00,0,0.00,0.00,0.00,0.25,0.00,0.00,0,0
80264,ON,2,0,0.00,31.00,-30.00,-3.12,100,100,0.00,0,0.00,0.00,0.00,0.25,0.00,0.00,0,0
80370,ON,2,0,0.00,31.00,-30.00,-3.12,100,100,0.00,0,0.00,0.00,0.00,0.25,0.00,0.00,0,0
80475,ON,2,0,0.00,31.00,-30.00,-3.12,100,100,0.00,0,0.00,0.00,0.00,0.25,0.00,0.00,0,0
80581,ON,2,0,0.00,31.00,-30.00,-3.12,100,100,0.00,0,0.00,0.00,0.00,0.25,0.00,0.00,0,0
80689,ON,2,0,0.00,31.00,-30.00,-3.12,100,100,0.00,0,0.00,0.00,0.00,0.25,0.00,0.00,0,0
80795,ON,2,0,0.00,31.00,-30.00,-3.12,100,100,0.00,0,0.00,0.00,0.00,0.25,0.00,0.00,0,0
80900,ON,2,0,0.00,31.00,-30.00,-3.12,100,100,0.00,0,0.00,0.00,0.00,0.25,0.00,0.00,0,0
81006,ON,2,0,0.00,31.00,-30.00,-3.12,100,100,0.00,0,0.00,0.00,0.00,0.25,0.00,0.00,0,0
81111,ON,2,0,0.00,31.00,-30.00,-3.12,100,100,0.00,0,0.00,0.00,0.00,0.25,0.00,0.00,0,0
81221,ON,2,0,0.00,31.00,-30.00,-3.12,100,100,0.00,0,0.00,0.00,0.00,0.25,0.00,0.00,0,0
81326,ON,2,0,0.00,31.00,-30.00,-3.12,100,100,0.00,0,0.00,0.00,0.00,0.25,0.00,0.00,0,0
81432,ON,2,0,0.00,31.00,-30.00,-3.12,100,100,0.00,0,0.00,0.00,0.00,0.25,0.00,0.00,0,0
81537,ON,2,0,0.00,31.00,-30.00,-3.12,100,100,0.00,0,0.00,0.00,0.00,0.25,0.00,0.00,0,0
81643,ON,2,0,0.00,31.00,-30.00,-3.12,101,100,0.00,0,0.00,0.00,0.00,0.25,0.00,0.00,0,0
81748,ON,2,0,0.00,31.00,-30.00,-3.12,101,101,0.00,0,0.00,0.00,0.00,0.25,0.00,0.00,0,0
81856,ON,2,0,0.00,31.00,-30.00,-3.12,100,101,0.00,0,0.00,0.00,0.00,0.25,0.00,0.00,0,0
81962,ON,2,0,0.00,31.00,-30.00,-3.12,100,100,0.00,0,0.00,0.00,0.00,0.25,0.00,0.00,0,0
82067,ON,2,0,0.00,31.00,-30.00,-3.12,100,100,0.00,0,0.00,0.00,0.00,0.25,0.00,0.00,0,0
82173,ON,2,0,0.00,31.00,-30.00,-3.12,100,100,0.00,0,0.00,0.00,0.00,0.25,0.00,0.00,0,0
82279,ON,2,0,0.00,31.00,-30.00,-3.12,100,101,0.00,0,0.00,0.00,0.00,0.25,0.00,0.00,0,0
82384,ON,2,0,0.00,31.00,-30.00,-3.12,100,101,0.00,0,0.00,0.00,0.00,0.25,0.00,0.00,0,0
82492,ON,2,0,0.00,31.00,-30.00,-3.12,100,100,0.00,0,0.00,0.00,0.00,0.25,0.00,0.00,0,0
82598,ON,2,0,0.00,31.00,-30.00,-3.12,100,100,0.00,0,0.00,0.00,0.00,0.25,0.00,0.00,0,0
82703,ON,2,0,0.00,31.00,-30.00,-3.12,100,100,0.00,0,0.00,0.00,0.00,0.25,0.00,0.00,0,0
82809,ON,2,0,0.00,31.00,-30.00,-3.12,100,100,0.00,0,0.00,0.00,0.00,0.25,0.00,0.00,0,0
82914,ON,2,0,0.00,31.00,-30.00,-3.12,100,100,0.00,0,0.00,0.00,0.00,0.25,0.00,0.00,0,0
83020,ON,2,0,0.00,31.00,-30.00,-3.12,100,100,0.00,0,0.00,0.00,0.00,0.25,0.00,0.00,0,0
83128,ON,2,0,0.00,31.00,-30.00,-3.12,100,100,0.00,0,0.00,0.00,0.00,0.25,0.00,0.00,0,0
83234,ON,2,0,0.00,31.00,-30.00,-3.12,100,100,0.00,0,0.00,0.00,0.00,0.25,0.00,0.00,0,0
83339,ON,2,0,0.00,31.00,-30.00,-3.12,100,100,0.00,0,0.00,0.00,0.00,0.25,0.00,0.00,0,0
83445,ON,2,0,0.00,31.00,-30.00,-3.12,100,100,0.00,0,0.00,0.00,0.00,0.25,0.00,0.00,0,0
83551,ON,2,0,0.00,31.00,-30.00,-3.12,100,100,0.00,0,0.00,0.00,0.00,0.25,0.00,0.00,0,0
83656,ON,2,0,0.00,31.00,-30.00,-3.12,100,100,0.00,0,0.00,0.00,0.00,0.25,0.00,0.00,0,0
83764,ON,2,0,0.00,31.00,-30.00,-3.12,100,100,0.00,0,0.00,0.00,0.00,0.25,0.00,0.00,0,0
83870,ON,2,0,0.00,31.00,-30.00,-3.12,100,100,0.00,0,0.00,0.00,0.00,0.25,0.00,0.00,0,0
83975,ON,2,0,0.00,31.00,-30.00,-3.12,100,100,0.00,0,0.00,0.00,0.00,0.25,0.00,0.00,0,0
84081,ON,2,0,0.00,31.00,-30.00,-3.12,100,100,0.00,0,0.00,0.00,0.00,0.25,0.00,0.00,0,0
84186,ON,2,0,0.00,31.00,-30.00,-3.12,100,100,0.00,0,0.00,0.00,0.00,0.25,0.00,0.00,0,0
84292,ON,2,0,0.00,31.00,-30.00,-3.12,100,100,0.00,0,0.00,0.00,0.00,0.25,0.00,0.00,0,0
84400,ON,2,0,0.00,31.00,-30.00,-3.12,100,100,0.00,0,0.00,0.00,0.00,0.25,0.00,0.00,0,0
84506,ON,2,0,0.00,31.00,-30.00,-3.12,100,100,0.00,0,0.00,0.00,0.00,0.25,0.00,0.00,0,0
84611,ON,2,0,0.00,31.00,-30.00,-3.12,100,100,0.00,0,0.00,0.00,0.00,0.25,0.00,0.00,0,0
84717,ON,2,0,0.00,31.00,-30.00,-3.12,100,100,0.00,0,0.00,0.00,0.00,0.25,0.00,0.00,0,0
84822,ON,2,0,0.00,31.00,-30.00,-3.12,100,100,0.00,0,0.00,0.00,0.00,0.25,0.00,0.00,0,0
84928,ON,2,0,0.00,31.00,-30.00,-3.12,100,100,0.00,0,0.00,0.00,0.00,0.25,0.00,0.00,0,0
85036,ON,2,0,0.00,31.00,-30.00,-3.12,100,100,0.00,0,0.00,0.00,0.00,0.25,0.00,0.00,0,0
85141,ON,2,0,0.00,31.00,-30.00,-3.12,100,100,0.00,0,0.00,0.00,0.00,0.25,0.00,0.00,0,0
85247,ON,2,0,0.00,31.00,-30.00,-3.12,100,100,0.00,0,0.00,0.00,0.00,0.25,0.00,0.00,0,0
85353,ON,2,0,0.00,31.00,-30.00,-3.12,100,100,0.00,0,0.00,0.00,0.00,0.25,0.00,0.00,0,0
85458,ON,2,0,0.00,31.00,-30.00,-3.12,100,100,0.00,0,0.00,0.00,0.00,0.25,0.00,0.00,0,0
85564,ON,2,0,0.00,31.00,-30.00,-3.12,100,100,0.00,0,0.00,0.00,0.00,0.25,0.00,0.00,0,0
85672,ON,2,0,0.00,31.00,-30.00,-3.12,100,100,0.00,0,0.00,0.00,0.00,0.25,0.00,0.00,0,0
85778,ON,2,0,0.00,31.00,-30.00,-3.12,100,100,0.00,0,0.00,0.00,0.00,0.25,0.00,0.00,0,0
85883,ON,2,0,0.00,31.00,-30.00,-3.12,100,100,0.00,0,0.00,0.00,0.00,0.25,0.00,0.00,0,0
85989,ON,2,0,0.00,31.00,-30.00,-3.12,100,100,0.00,0,0.00,0.00,0.00,0.25,0.00,0.00,0,0
86095,ON,2,0,0.00,31.00,-30.00,-3.12,100,100,0.00,0,0.00,0.00,0.00,0.25,0.00,0.00,0,0
86200,ON,2,0,0.00,31.00,-30.00,-3.12,100,100,0.00,0,0.00,0.00,0.00,0.25,0.00,0.00,0,0
86308,ON,2,0,0.00,31.00,-30.00,-3.12,100,100,0.00,0,0.00,0.00,0.00,0.25,0.00,0.00,0,0
86414,ON,2,0,0.00,31.00,-30.00,-3.12,100,100,0.00,0,0.00,0.00,0.00,0.25,0.00,0.00,0,0
86519,ON,2,0,0.00,31.00,-30.00,-3.12,100,100,0.00,0,0.00,0.00,0.00,0.25,0.00,0.00,0,0
86625,ON,2,0,0.00,31.00,-30.00,-3.12,100,100,0.00,0,0.00,0.00,0.00,0.25,0.00,0.00,0,0
86731,ON,2,0,0.00,31.00,-30.00,-3.12,100,100,0.00,0,0.00,0.00,0.00,0.25,0.00,0.00,0,0
86837,ON,2,0,0.00,31.00,-30.00,-3.12,100,100,0.00,0,0.00,0.00,0.00,0.25,0.00,0.00,0,0
86945,ON,2,0,0.00,31.00,-30.00,-3.12,100,100,0.00,0,0.00,0.00,0.00,0.25,0.00,0.00,0,0
87051,ON,2,0,0.00,31.00,-30.00,-3.12,100,100,0.00,0,0.00,0.00,0.00,0.25,0.00,0.00,0,0
87156,ON,2,0,0.00,31.00,-30.00,-3.12,100,100,0.00,0,0.00,0.00,0.00,0.25,0.00,0.00,0,0
87262,ON,2,0,0.00,31.00,-30.00,-3.12,100,100,0.00,0,0.00,0.00,0.00,0.25,0.00,0.00,0,0
87367,ON,2,0,0.00,31.00,-30.00,-3.12,100,100,0.00,0,0.00,0.00,0.00,0.25,0.00,0.00,0,0
87473,ON,2,0,0.00,31.00,-30.00,-3.12,100,100,0.00,0,0.00,0.00,0.00,0.25,0.00,0.00,0,0
87581,ON,2,0,0.00,31.00,-30.00,-3.12,100,100,0.00,0,0.00,0.00,0.00,0.25,0.00,0.00,0,0
87686,ON,2,0,0.00,31.00,-30.00,-3.12,100,100,0.00,0,0.00,0.00,0.00,0.25,0.00,0.00,0,0
87792,ON,2,0,0.00,31.00,-30.00,-3.12,100,100,0.00,0,0.00,0.00,0.00,0.25,0.00,0.00,0,0
87898,ON,2,0,0.00,31.00,-30.00,-3.12,100,100,0.00,0,0.00,0.00,0.00,0.25,0.00,0.00,0,0
88003,ON,2,0,0.00,31.00,-30.00,-3.12,100,100,0.00,0,0.00,0.00,0.00,0.25,0.00,0.00,0,0
88109,ON,2,0,0.00,31.00,-30.00,-3.12,100,100,0.00,0,0.00,0.00,0.00,0.25,0.00,0.00,0,0
88217,ON,2,0,0.00,31.00,-30.00,-3.12,100,100,0.00,0,0.00,0.00,0.00,0.25,0.00,0.00,0,0
88323,ON,2,0,0.00,31.00,-30.00,-3.12,100,100,0.00,0,0.00,0.00,0.00,0.25,0.00,0.00,0,0
88428,ON,2,0,0.00,31.00,-30.00,-3.12,100,100,0.00,0,0.00,0.00,0.00,0.25,0.00,0.00,0,0
88534,ON,2,0,0.00,31.00,-30.00,-3.12,100,100,0.00,0,0.00,0.00,0.00,0.25,0.00,0.00,0,0
88639,ON,2,0,0.00,31.00,-30.00,-3.12,100,100,0.00,0,0.00,0.00,0.00,0.25,0.00,0.00,0,0
88745,ON,2,0,0.00,31.00,-30.00,-3.12,100,100,0.00,0,0.00,0.00,0.00,0.25,0.00,0.00,0,0
