1110,OFF,0,0,0.00,-40.00,-40.00,-100.00,0,0,0.00,0,-64.00,0.00,0.00,0.00,-100.00,0.00,0,0
1223,OFF,0,0,0.00,-40.00,-40.00,-100.00,0,0,0.00,0,-64.00,0.00,0.00,0.00,-100.00,0.00,0,0
1331,OFF,0,0,0.00,-40.00,-40.00,-100.00,0,0,0.00,0,-64.00,0.00,0.00,0.00,-100.00,0.00,0,0
1439,OFF,0,0,0.00,-40.00,-40.00,-100.00,0,0,0.00,0,-64.00,0.00,0.00,0.00,-100.00,0.00,0,0
1547,OFF,0,0,0.00,-40.00,-40.00,-100.00,0,0,0.00,0,-64.00,0.00,0.00,0.00,-100.00,0.00,0,0
1655,OFF,0,0,0.00,-40.00,-40.00,-100.00,0,0,0.00,0,-64.00,0.00,0.00,0.00,-100.00,0.00,0,0
1763,OFF,0,0,0.00,-40.00,-40.00,-100.00,0,0,0.00,0,-64.00,0.00,0.00,0.00,-100.00,0.00,0,0
1873,OFF,0,0,0.00,-40.00,-40.00,-100.00,0,0,0.00,0,-64.00,0.00,0.00,0.00,-100.00,0.00,0,0
1981,OFF,0,0,0.00,-40.00,-40.00,-100.00,0,0,0.00,0,-64.00,0.00,0.00,0.00,-100.00,0.00,0,0
2089,OFF,0,0,0.00,-40.00,-40.00,-100.00,0,0,0.00,0,-64.00,0.00,0.00,0.00,-100.00,0.00,0,0
2197,OFF,0,0,0.00,-40.00,-40.00,-100.00,0,0,0.00,0,-64.00,0.00,0.00,0.00,-100.00,0.00,0,0
2305,OFF,0,0,0.00,-40.00,-40.00,-100.00,0,0,0.00,0,-64.00,0.00,0.00,0.00,-100.00,0.00,0,0
2413,OFF,0,0,0.00,-40.00,-40.00,-100.00,0,0,0.00,0,-64.00,0.00,0.00,0.00,-100.00,0.00,0,0
2524,OFF,0,0,0.00,-40.00,-40.00,-100.00,0,0,0.00,0,-64.00,0.00,0.00,0.00,-100.00,0.00,0,0
2632,OFF,0,0,0.00,-40.00,-40.00,-100.00,0,0,0.00,0,-64.00,0.00,0.00,0.00,-100.00,0.00,0,0
2740,OFF,0,0,0.00,-40.00,-40.00,-100.00,0,0,0.00,0,-64.00,0.00,0.00,0.00,-100.00,0.00,0,0
2848,OFF,0,0,0.00,-40.00,-40.00,-100.00,0,0,0.00,0,-64.00,0.00,0.00,0.00,-100.00,0.00,0,0
2956,OFF,0,0,0.00,-40.00,-40.00,-100.00,0,0,0.00,0,-64.00,0.00,0.00,0.00,-100.00,0.00,0,0
3064,OFF,0,0,0.00,-40.00,-40.00,-100.00,0,0,0.00,0,-64.00,0.00,0.00,0.00,-100.00,0.00,0,0
3174,OFF,0,0,0.00,-40.00,-40.00,-100.00,0,0,0.00,0,-64.00,0.00,0.00,0.00,-100.00,0.00,0,0
3283,ON,5,0,0.00,-40.00,-40.00,-100.00,0,0,0.00,0,-64.00,0.00,0.00,0.00,-100.00,0.00,0,0
3389,ON,5,0,0.00,59.00,-40.00,-3.12,146,0,0.00,0,0.00,0.00,0.00,0.00,-100.00,0.00,0,0
3494,ON,5,0,0.00,59.00,-30.00,-3.12,146,146,0.00,0,0.00,26.67,10.59,0.25,0.00,11.72,198,0
3600,ON,5,0,0.00,59.00,-30.00,-3.12,146,146,0.00,0,0.00,26.67,10.59,0.25,0.00,11.72,198,14
3706,ON,5,0,0.00,59.00,-30.00,-3.12,146,146,0.00,0,0.00,26.67,10.59,0.25,0.00,11.72,198,14
3814,ON,5,0,0.00,59.00,-30.00,-3.12,146,146,0.00,0,0.00,26.67,10.59,0.25,0.00,11.72,198,14
3919,ON,5,0,0.00,60.00,-30.00,-3.12,146,146,0.00,0,0.00,26.67,10.59,0.25,0.00,11.72,198,14
4025,ON,5,0,0.00,60.00,-30.00,-3.12,146,146,0.00,0,0.00,26.67,10.59,0.25,0.00,11.64,120,14
4131,ON,5,0,0.00,60.00,-30.00,-3.12,146,146,0.00,0,0.00,26.67,10.59,0.25,0.00,11.64,120,14
4236,ON,5,0,0.00,60.00,-30.00,-3.12,146,146,0.00,0,0.00,26.67,10.59,0.25,0.00,11.64,120,14
4342,ON,5,0,0.00,60.00,-30.00,-3.12,146,146,0.00,0,0.00,26.67,10.59,0.25,0.00,11.72,198,14
4450,ON,5,0,0.00,60.00,-30.00,-3.12,146,146,0.00,0,0.00,26.67,10.59,0.25,0.00,11.72,198,14
4555,ON,5,0,0.00,60.00,-30.00,-3.12,146,146,0.00,0,0.00,26.67,10.59,0.25,0.00,11.72,198,14
4661,ON,5,0,0.00,60.00,-30.00,-3.12,146,146,0.00,0,0.00,26.67,10.59,0.25,0.00,11.72,198,14
4766,ON,5,0,0.00,60.00,-30.00,-3.12,146,146,0.00,0,0.00,26.67,10.59,0.25,0.00,11.64,120,14
4872,ON,5,0,0.00,60.00,-30.00,-3.12,146,146,0.00,0,0.00,26.67,10.59,0.25,0.00,11.64,120,14
4977,ON,5,0,0.00,60.00,-30.00,-3.12,146,146,0.00,0,0.00,26.67,10.59,0.25,0.00,11.64,120,14
5086,ON,5,0,0.00,60.00,-30.00,-3.12,146,146,0.00,0,0.00,26.67,10.59,0.25,0.00,11.72,198,14
5191,ON,5,0,0.00,60.00,-30.00,-3.12,146,146,0.00,0,0.00,26.67,10.59,0.25,0.00,11.72,198,14
5297,ON,5,0,0.00,60.00,-30.00,-3.12,146,146,0.00,0,0.00,26.67,10.59,0.25,0.00,11.64,120,14
5402,ON,5,0,0.00,60.00,-30.00,-3.12,146,146,0.00,0,0.00,26.67,10.59,0.25,0.00,11.64,120,14
5508,ON,5,0,0.00,60.00,-30.00,-3.12,146,146,0.00,0,0.00,26.67,10.59,0.25,0.00,11.64,120,14
5613,ON,5,0,0.00,60.00,-30.00,-3.12,146,146,0.00,0,0.00,26.67,10.59,0.25,0.00,11.72,198,14
5722,ON,5,0,0.00,60.00,-30.00,-3.12,146,146,0.00,0,0.00,26.67,10.59,0.25,0.00,11.72,198,14
5827,ON,5,0,0.00,60.00,-30.00,-3.12,146,146,0.00,0,0.00,26.67,10.59,0.25,0.00,11.64,120,14
5933,ON,5,0,0.00,60.00,-30.00,-3.12,146,146,0.00,0,0.00,26.67,10.59,0.25,0.00,11.64,120,14
6038,ON,5,0,0.00,60.00,-30.00,-3.12,146,146,0.00,0,0.00,26.67,10.59,0.25,0.00,11.64,120,14
6144,ON,5,0,0.00,60.00,-30.00,-3.12,146,146,0.00,0,0.00,26.67,10.59,0.25,0.00,11.64,120,14
6249,ON,5,0,0.00,60.00,-30.00,-3.12,146,146,0.00,0,0.00,26.67,10.59,0.25,0.00,11.64,120,14
6358,ON,5,0,0.00,60.00,-30.00,-3.12,146,146,0.00,0,0.00,26.67,10.59,0.25,0.00,11.64,120,14
6463,ON,5,0,0.00,59.00,-30.00,-3.12,146,146,0.00,0,0.00,26.67,10.59,0.25,0.00,11.64,120,14
6569,ON,5,0,0.00,59.00,-30.00,-3.12,146,146,0.00,0,0.00,27.06,10.59,0.25,0.00,0.00,0,14
6674,ON,5,0,0.00,59.00,-30.00,-3.12,146,146,0.00,0,0.00,27.06,10.98,0.25,0.00,0.00,0,14
6780,ON,5,0,0.00,59.00,-30.00,-3.12,146,146,0.00,0,0.00,27.06,10.98,0.25,0.00,0.00,0,14
6886,ON,5,0,0.00,59.00,-30.00,-3.12,146,146,0.00,0,0.00,27.06,10.98,0.25,0.00,0.00,0,14
6994,ON,5,0,0.00,59.00,-30.00,-3.12,146,146,0.00,0,0.00,27.06,10.98,0.25,0.00,0.00,0,14
7099,ON,5,0,0.00,59.00,-30.00,-3.12,146,146,0.00,0,0.00,27.06,10.98,0.25,0.00,0.00,0,14
7205,ON,5,0,0.00,59.00,-30.00,-3.12,146,146,0.00,0,0.00,27.06,10.98,0.25,0.00,0.00,0,14
7310,ON,5,0,0.00,59.00,-30.00,-3.12,146,146,0.00,0,0.00,27.06,10.98,0.25,0.00,0.00,0,14
7416,ON,5,0,0.00,59.00,-30.00,-3.12,146,146,0.00,0,0.00,27.06,10.98,0.25,0.00,0.00,0,14
7521,ON,5,0,0.00,59.00,-30.00,-3.12,146,146,0.00,0,0.00,27.06,10.98,0.25,0.00,0.00,0,14
7629,ON,5,0,0.00,59.00,-30.00,-3.12,146,146,0.00,0,0.00,27.06,10.59,0.25,0.00,9.45,237,14
7735,ON,5,0,0.00,60.00,-30.00,-3.12,146,146,0.00,0,0.00,27.06,10.59,0.25,0.00,9.45,237,14
7841,ON,5,0,0.00,60.00,-30.00,-3.12,146,146,0.00,0,0.00,27.06,10.59,0.25,0.00,9.45,237,14
7946,ON,5,0,0.00,60.00,-30.00,-3.12,146,146,0.00,0,0.00,27.06,10.20,0.25,0.00,10.70,207,14
8053,ON,5,0,0.00,60.00,-30.00,-3.12,146,146,312.75,0,0.00,27.06,10.20,0.25,0.00,10.70,207,14
8159,ON,5,0,0.00,60.00,-30.00,-3.12,146,146,312.75,0,0.00,27.06,10.59,0.25,0.00,11.02,7,14
8269,ON,5,8,38.04,60.00,-30.00,-3.12,146,146,2770.25,0,0.00,27.06,10.59,0.25,0.00,11.02,7,14
8376,ON,5,8,38.04,60.00,-30.00,-3.12,146,146,2770.25,0,10.00,26.67,10.59,0.25,0.00,12.11,77,14
8484,ON,5,8,45.49,60.00,-30.00,-3.12,146,146,2770.25,0,10.00,26.67,10.59,0.25,0.00,12.11,77,14
8591,ON,5,8,45.49,60.00,-30.00,-3.12,146,146,1946.00,0,10.00,26.67,10.59,0.25,0.00,12.11,77,14
8698,ON,5,8,45.49,60.00,-30.00,-3.12,146,146,1946.00,0,10.00,26.67,10.59,0.25,0.00,12.19,155,14
8806,ON,5,8,51.76,60.00,-30.00,-3.12,146,146,1986.25,0,10.00,26.67,10.59,0.25,0.00,12.19,155,14
8916,ON,5,8,51.76,60.00,-30.00,-3.12,146,146,1986.25,0,10.00,26.67,10.20,0.25,0.00,12.19,155,14
9023,ON,5,8,47.45,60.00,-30.00,-3.12,146,146,1986.25,0,10.00,26.67,10.20,0.25,0.00,12.19,155,14
9131,ON,5,8,47.45,60.00,-30.00,-3.12,146,146,1877.50,0,10.00,26.67,10.20,0.25,0.00,12.19,155,14
9238,ON,5,8,48.24,60.00,-30.00,-3.12,146,146,1877.50,0,10.00,26.67,10.59,0.25,0.00,12.27,233,14
9346,ON,5,8,48.24,60.00,-30.00,-3.12,146,146,2015.00,0,10.00,26.67,10.59,0.25,0.00,12.27,233,14
9453,ON,5,8,48.24,60.00,-30.00,-3.12,146,146,2015.00,0,10.00,26.67,10.59,0.25,0.00,12.11,77,14
9563,ON,5,8,52.16,60.00,-30.00,-3.12,146,146,1853.50,0,10.00,26.67,10.59,0.25,0.00,12.11,77,14
9670,ON,5,8,52.16,60.00,-30.00,-3.12,146,146,1853.50,0,10.00,26.67,10.59,0.25,0.00,12.11,77,14
9778,ON,5,8,49.02,60.00,-30.00,-3.12,146,146,1853.50,0,10.00,26.67,10.59,0.25,0.00,12.34,55,14
9885,ON,5,8,49.02,60.00,-30.00,-3.12,146,146,1786.25,0,10.00,26.67,10.59,0.25,0.00,12.34,55,14
9992,ON,5,8,49.02,60.00,-30.00,-3.12,146,146,1786.25,0,10.00,26.67,10.59,0.25,0.00,12.19,155,14
10100,ON,5,8,49.80,60.00,-30.00,-3.12,146,146,1917.00,0,10.00,26.67,10.59,0.25,0.00,12.19,155,14
10209,ON,5,8,49.80,60.00,-30.00,-3.12,146,146,1917.00,0,10.00,26.67,10.59,0.25,0.00,12.34,55,14
10317,ON,5,8,53.33,60.00,-30.00,-3.12,146,146,1917.00,0,10.00,26.67,10.20,0.25,0.00,12.34,55,14
10424,ON,5,8,53.33,60.00,-30.00,-3.12,146,146,1653.75,0,10.00,26.67,10.20,0.25,0.00,12.34,55,14
10532,ON,5,8,53.33,60.00,-30.00,-3.12,146,146,1653.75,0,10.00,26.67,10.59,0.25,0.00,12.27,233,14
10639,ON,5,8,51.37,60.00,-30.00,-3.12,146,146,1779.25,0,10.00,26.67,10.59,0.25,0.00,12.27,233,14
10746,ON,5,8,51.37,60.00,-30.00,-3.12,146,146,1779.25,0,10.00,26.67,10.59,0.25,0.00,12.19,155,14
10856,ON,5,8,51.76,60.00,-30.00,-3.12,146,146,1779.25,0,10.00,26.67,10.59,0.25,0.00,12.19,155,14
10964,ON,5,8,51.76,60.00,-30.00,-3.12,146,146,1692.50,0,10.00,26.67,10.59,0.25,0.00,12.19,155,14
11071,ON,5,8,52.55,60.00,-30.00,-3.12,146,146,1692.50,0,10.00,26.67,10.20,0.25,0.00,12.42,133,14
11178,ON,5,8,52.55,60.00,-30.00,-3.12,146,146,1718.75,0,10.00,26.67,10.20,0.25,0.00,12.42,133,14
11286,ON,5,8,52.55,60.00,-30.00,-3.12,146,146,1718.75,0,10.00,26.67,10.59,0.25,0.00,12.42,133,14
11393,ON,5,8,52.16,60.00,-30.00,-3.12,146,146,1647.50,0,10.00,26.67,10.59,0.25,0.00,12.42,133,14
11503,ON,5,8,52.16,60.00,-30.00,-3.12,146,146,1647.50,0,10.00,26.27,10.59,0.25,0.00,12.42,133,14
11611,ON,5,8,51.37,60.00,-30.00,-3.12,146,146,1647.50,0,10.00,26.27,10.20,0.25,0.00,12.42,133,14
11718,ON,5,8,51.37,60.00,-30.00,-3.12,146,146,1784.75,0,10.00,26.67,10.20,0.25,0.00,12.42,133,14
11825,ON,5,8,51.37,60.00,-30.00,-3.12,146,146,1784.75,0,10.00,26.67,10.20,0.25,0.00,12.42,133,14
11933,ON,5,8,53.33,60.00,-30.00,-3.12,146,146,1820.25,0,10.00,26.67,10.20,0.25,0.00,12.42,133,14
12040,ON,5,8,53.33,60.00,-30.00,-3.12,146,146,1820.25,0,10.00,26.67,10.20,0.25,0.00,12.27,233,14
12150,ON,5,8,50.98,60.00,-30.00,-3.12,146,146,1820.25,0,10.00,26.67,10.59,0.25,0.00,12.27,233,14
12258,ON,5,8,50.98,60.00,-30.00,-3.12,146,146,1740.50,0,10.00,26.67,10.59,0.25,0.00,12.27,233,14
12365,ON,5,8,50.98,60.00,-30.00,-3.12,146,146,1740.50,0,10.00,26.67,10.20,0.25,0.00,12.50,212,14
12472,ON,5,8,52.55,60.00,-30.00,-3.12,146,146,1778.00,0,10.00,26.67,10.20,0.25,0.00,12.50,212,14
12580,ON,5,8,52.55,60.00,-30.00,-3.12,146,146,1778.00,0,10.00,26.67,10.20,0.25,0.00,12.50,212,14
12687,ON,5,8,51.76,60.00,-30.00,-3.12,146,146,1778.00,0,10.00,26.67,10.20,0.25,0.00,12.50,212,14
12797,ON,5,8,51.76,60.00,-30.00,-3.12,146,146,1746.75,0,10.00,26.67,10.20,0.25,0.00,12.50,212,14
12904,ON,5,8,51.76,60.00,-30.00,-3.12,146,146,1746.75,0,10.00,26.67,10.59,0.25,0.00,12.34,55,14
13012,ON,5,8,51.76,60.00,-30.00,-3.12,146,146,1696.00,0,10.00,26.67,10.59,0.25,0.00,12.34,55,14
13119,ON,5,8,51.76,60.00,-30.00,-3.12,146,146,1696.00,0,10.00,26.67,10.20,0.25,0.00,12.58,34,14
13227,ON,5,8,51.37,60.00,-30.00,-3.12,146,146,1792.00,0,10.00,26.67,10.20,0.25,0.00,12.58,34,14
13334,ON,5,8,51.37,60.00,-30.00,-3.12,146,146,1792.00,0,10.00,26.67,10.20,0.25,0.00,12.58,34,14
13444,ON,5,8,51.76,60.00,-30.00,-3.12,146,146,1792.00,0,10.00,26.67,10.59,0.25,0.00,12.42,133,14
13551,ON,5,8,51.76,60.00,-30.00,-3.12,146,146,1749.50,0,10.00,26.67,10.59,0.25,0.00,12.42,133,14
13659,ON,5,8,51.76,60.00,-30.00,-3.12,146,146,1749.50,0,10.00,26.67,10.59,0.25,0.00,12.50,212,14
13766,ON,5,8,51.76,60.00,-30.00,-3.12,146,146,1776.50,0,10.00,26.67,10.59,0.25,0.00,12.50,212,14
13873,ON,5,8,51.76,60.00,-30.00,-3.12,146,146,1776.50,0,10.00,26.67,10.59,0.25,0.00,12.50,212,14
13981,ON,5,8,52.16,60.00,-30.00,-3.12,146,146,1776.50,0,10.00,26.67,10.20,0.25,0.00,12.50,212,14
14091,ON,5,8,52.16,60.00,-30.00,-3.12,146,146,1786.25,0,10.00,26.67,10.20,0.25,0.00,12.50,212,14
14198,ON,5,8,52.16,60.00,-30.00,-3.12,146,146,1786.25,0,10.00,26.67,10.59,0.25,0.00,12.34,55,14
14306,ON,5,8,50.20,60.00,-30.00,-3.12,146,146,1820.50,0,10.00,26.67,10.59,0.25,0.00,12.34,55,14
14413,ON,5,8,50.20,60.00,-30.00,-3.12,146,146,1820.50,0,10.00,26.67,10.20,0.25,0.00,12.34,55,14
14520,ON,5,8,51.76,60.00,-30.00,-3.12,146,146,1820.50,0,10.00,26.67,10.20,0.25,0.00,12.34,55,14
14628,ON,5,8,51.76,60.00,-30.00,-3.12,146,146,1771.00,0,10.00,26.67,10.20,0.25,0.00,12.34,55,14
14738,ON,5,8,50.98,60.00,-30.00,-3.12,146,146,1771.00,0,10.00,26.67,10.20,0.25,0.00,12.58,34,14
14845,ON,5,8,50.98,60.00,-30.00,-3.12,146,146,1802.25,0,10.00,26.67,10.20,0.25,0.00,12.58,34,14
14952,ON,5,8,50.98,60.00,-30.00,-3.12,146,146,1802.25,0,10.00,26.67,9.80,0.25,0.00,12.42,133,14
15059,ON,5,8,49.80,60.00,-30.00,-3.12,146,146,1798.75,0,10.00,26.67,9.80,0.25,0.00,12.42,133,14
15166,ON,5,8,49.80,60.00,-30.00,-3.12,146,146,1798.75,0,10.00,26.67,9.80,0.25,0.00,12.42,133,14
15273,ON,5,8,51.37,60.00,-30.00,-3.12,146,146,1798.75,0,10.00,26.67,10.20,0.25,0.00,12.50,212,14
15383,ON,5,8,51.37,60.00,-30.00,-3.12,146,146,1830.00,0,10.00,26.67,10.20,0.25,0.00,12.50,212,14
15490,ON,5,8,51.37,60.00,-30.00,-3.12,146,146,1830.00,0,10.00,26.67,10.59,0.25,0.00,12.42,133,14
15598,ON,5,8,52.16,60.00,-30.00,-3.12,146,146,1848.25,0,10.00,26.67,10.59,0.25,0.00,12.42,133,14
15705,ON,5,8,52.16,60.00,-30.00,-3.12,146,146,1848.25,0,10.00,26.67,10.59,0.25,0.00,12.58,34,14
15812,ON,5,8,51.37,60.00,-30.00,-3.12,146,146,1848.25,0,10.00,26.67,10.59,0.25,0.00,12.58,34,14
15920,ON,5,8,51.37,60.00,-30.00,-3.12,146,146,1662.50,0,10.00,26.67,10.59,0.25,0.00,12.58,34,14
16029,ON,5,8,51.37,60.00,-30.00,-3.12,146,146,1662.50,0,10.00,26.67,9.80,0.25,0.00,12.66,112,14
16136,ON,5,8,51.37,60.00,-30.00,-3.12,146,146,1746.75,0,10.00,26.67,9.80,0.25,0.00,12.66,112,14
16243,ON,5,8,51.37,60.00,-30.00,-3.12,146,146,1746.75,0,10.00,26.67,10.59,0.25,0.00,12.27,233,14
16350,ON,5,8,49.02,60.00,-30.00,-3.12,146,146,1746.75,0,10.00,26.67,10.59,0.25,0.00,12.27,233,14
16458,ON,5,8,49.02,60.00,-30.00,-3.12,146,146,1929.50,0,10.00,26.67,10.59,0.25,0.00,12.27,233,14
16565,ON,5,8,52.94,60.00,-30.00,-3.12,146,146,1929.50,0,10.00,26.67,10.59,0.25,0.00,12.50,212,14
16675,ON,5,8,52.94,60.00,-30.00,-3.12,146,146,1681.25,0,10.00,26.67,10.59,0.25,0.00,12.50,212,14
16783,ON,5,8,52.94,60.00,-30.00,-3.12,146,146,1681.25,0,10.00,26.27,10.20,0.25,0.00,12.58,34,14
16890,ON,5,8,52.94,59.00,-30.00,-3.12,146,146,1665.50,0,10.00,26.27,10.20,0.25,0.00,12.58,34,14
16998,ON,5,8,52.94,59.00,-30.00,-3.12,146,146,1665.50,0,10.00,26.67,10.20,0.25,0.00,12.58,34,14
17105,ON,5,8,50.20,59.00,-30.00,-3.12,146,146,1665.50,0,10.00,26.67,10.59,0.25,0.00,12.27,233,14
17212,ON,5,8,50.20,59.00,-30.00,-3.12,146,146,1738.25,0,10.00,26.67,10.59,0.25,0.00,12.27,233,14
17322,ON,5,8,50.20,59.00,-30.00,-3.12,146,146,1738.25,0,10.00,26.67,10.20,0.25,0.00,12.50,212,14
17430,ON,5,8,51.76,58.00,-30.00,-3.12,146,146,1845.25,0,10.00,26.67,10.20,0.25,0.00,12.50,212,14
17537,ON,5,8,51.76,58.00,-30.00,-3.12,146,146,1845.25,0,10.00,26.67,10.20,0.25,0.00,12.58,34,14
17644,ON,5,8,52.55,58.00,-30.00,-3.12,146,146,1845.25,0,10.00,26.67,10.20,0.25,0.00,12.58,34,14
17752,ON,5,8,52.55,58.00,-30.00,-3.12,146,146,1812.75,0,10.00,26.67,10.20,0.25,0.00,12.58,34,14
17859,ON,5,8,52.55,58.00,-30.00,-3.12,146,146,1812.75,0,10.00,26.67,10.59,0.25,0.00,12.42,133,14
17969,ON,5,8,52.94,57.00,-30.00,-3.12,146,146,1639.00,0,10.00,26.67,10.59,0.25,0.00,12.42,133,14
18076,ON,5,8,52.94,57.00,-30.00,-3.12,146,146,1639.00,0,10.00,26.67,9.80,0.25,0.00,12.58,34,14
18183,ON,5,8,52.55,56.00,-30.00,-3.12,146,146,1639.00,0,10.00,26.67,9.80,0.25,0.00,12.58,34,14
18290,ON,5,8,52.55,56.00,-30.00,-3.12,146,146,1611.25,0,10.00,26.67,9.80,0.25,0.00,12.58,34,14
18397,ON,5,8,52.55,56.00,-30.00,-3.12,146,146,1611.25,0,10.00,26.67,10.20,0.25,0.00,12.42,133,14
18504,ON,5,8,52.55,55.00,-30.00,-3.12,146,146,1671.25,0,10.00,26.67,10.20,0.25,0.00,12.42,133,14
18614,ON,5,8,52.55,55.00,-30.00,-3.12,146,146,1671.25,0,10.00,26.67,10.59,0.25,0.00,12.50,212,14
18722,ON,5,8,52.16,54.00,-30.00,-3.12,146,146,1710.00,0,10.00,26.67,10.59,0.25,0.00,12.50,212,14
18834,ON,5,8,52.16,54.00,-30.00,-3.12,146,146,1710.00,0,10.00,26.67,10.59,0.25,0.00,12.50,212,14
18941,ON,5,8,52.55,53.00,-30.00,-3.12,146,146,1710.00,0,10.00,26.67,10.59,0.25,0.00,12.58,34,14
19049,ON,5,8,52.55,53.00,-30.00,-3.12,146,146,1810.50,0,10.00,26.67,10.59,0.25,0.00,12.58,34,14
19156,ON,5,8,52.55,53.00,-30.00,-3.12,146,146,1810.50,0,10.00,26.67,10.59,0.25,0.00,12.42,133,14
19266,ON,5,8,53.33,53.00,-30.00,-3.12,146,146,1543.25,0,10.00,26.67,10.59,0.25,0.00,12.42,133,14
19373,ON,5,8,53.33,53.00,-30.00,-3.12,146,146,1543.25,0,10.00,26.67,10.59,0.25,0.00,12.58,34,14
19481,ON,5,8,50.20,51.00,-30.00,-3.12,146,146,1543.25,0,10.00,26.67,10.20,0.25,0.00,12.58,34,14
19588,ON,5,8,50.20,51.00,-30.00,-3.12,146,146,1887.75,0,10.00,26.67,10.20,0.25,0.00,12.58,34,14
19696,ON,5,8,50.20,51.00,-30.00,-3.12,146,146,1887.75,0,10.00,26.67,10.20,0.25,0.00,12.42,133,14
19803,ON,5,8,52.55,51.00,-30.00,-3.12,146,146,1795.25,0,10.00,26.67,10.20,0.25,0.00,12.42,133,14
19913,ON,5,8,52.55,51.00,-30.00,-3.12,146,146,1795.25,0,10.00,26.67,10.59,0.25,0.00,12.58,34,14
20020,ON,5,8,52.16,50.00,-30.00,-3.12,146,146,1795.25,0,10.00,26.67,10.59,0.25,0.00,12.58,34,14
20127,ON,5,8,52.16,50.00,-30.00,-3.12,146,146,1667.00,0,10.00,26.27,10.59,0.25,0.00,12.58,34,14
20235,ON,5,8,50.98,50.00,-30.00,-3.12,146,146,1667.00,0,10.00,26.27,10.20,0.25,0.00,12.50,212,14
20342,ON,5,8,50.98,50.00,-30.00,-3.12,146,146,1759.25,0,10.00,26.27,10.20,0.25,0.00,12.50,212,14
20449,ON,5,8,50.98,50.00,-30.00,-3.12,146,146,1759.25,0,10.00,26.67,10.20,0.25,0.00,12.58,34,14
20559,ON,5,8,53.73,50.00,-30.00,-3.12,146,146,1793.75,0,10.00,26.67,10.20,0.25,0.00,12.58,34,14
20667,ON,5,8,53.73,50.00,-30.00,-3.12,146,146,1793.75,0,10.00,26.67,10.20,0.25,0.00,12.58,34,14
20774,ON,5,8,52.16,49.00,-30.00,-3.12,146,146,1793.75,0,10.00,26.67,10.59,0.25,0.00,12.50,212,14
20881,ON,5,8,52.16,49.00,-30.00,-3.12,146,146,1673.00,0,10.00,26.67,10.59,0.25,0.00,12.50,212,14
20989,ON,5,8,52.16,49.00,-30.00,-3.12,146,146,1673.00,0,10.00,26.67,10.20,0.25,0.00,12.50,212,14
21096,ON,5,8,50.59,49.00,-30.00,-3.12,146,146,1801.50,0,10.00,26.67,10.20,0.25,0.00,12.50,212,14
21206,ON,5,8,50.59,49.00,-30.00,-3.12,146,146,1801.50,0,10.00,26.67,10.20,0.25,0.00,12.66,112,14
21313,ON,5,8,49.80,49.00,-30.00,-3.12,146,146,1801.50,0,10.00,26.67,10.59,0.25,0.00,12.66,112,14
21421,ON,5,8,49.80,49.00,-30.00,-3.12,146,146,1835.50,0,10.00,26.67,10.59,0.25,0.00,12.66,112,14
21528,ON,5,8,49.80,49.00,-30.00,-3.12,146,146,1835.50,0,10.00,26.67,10.20,0.25,0.00,12.50,212,14
21636,ON,5,8,49.02,48.00,-30.00,-3.12,146,146,1825.25,0,10.00,26.67,10.20,0.25,0.00,12.50,212,14
21743,ON,5,8,49.02,48.00,-30.00,-3.12,146,146,1825.25,0,10.00,26.67,10.20,0.25,0.00,12.66,112,14
21853,ON,5,8,51.37,48.00,-30.00,-3.12,146,146,1825.25,0,10.00,26.67,10.20,0.25,0.00,12.66,112,14
21961,ON,5,8,51.37,48.00,-30.00,-3.12,146,146,1889.75,0,10.00,26.67,10.20,0.25,0.00,12.66,112,14
22068,ON,5,8,53.33,48.00,-30.00,-3.12,146,146,1889.75,0,10.00,26.67,10.20,0.25,0.00,12.66,112,14
22175,ON,5,8,53.33,48.00,-30.00,-3.12,146,146,1639.25,0,10.00,26.67,10.20,0.25,0.00,12.66,112,14
22283,ON,5,8,53.33,48.00,-30.00,-3.12,146,146,1639.25,0,10.00,26.67,10.59,0.25,0.00,12.50,212,14
22390,ON,5,8,51.37,48.00,-30.00,-3.12,146,146,1828.75,0,10.00,26.67,10.59,0.25,0.00,12.50,212,14
22500,ON,5,8,51.37,48.00,-30.00,-3.12,146,146,1828.75,0,10.00,26.67,10.59,0.25,0.00,12.50,212,14
22607,ON,5,8,52.16,48.00,-30.00,-3.12,146,146,1828.75,0,10.00,26.67,10.59,0.25,0.00,12.50,212,14
22715,ON,5,8,52.16,48.00,-30.00,-3.12,146,146,1717.75,0,10.00,26.67,10.59,0.25,0.00,12.50,212,14
22822,ON,5,8,52.16,48.00,-30.00,-3.12,146,146,1717.75,0,10.00,26.67,10.20,0.25,0.00,12.42,133,14
22930,ON,5,8,51.76,48.00,-30.00,-3.12,146,146,1806.50,0,10.00,26.67,10.20,0.25,0.00,12.42,133,14
23037,ON,5,8,51.76,48.00,-30.00,-3.12,146,146,1806.50,0,10.00,26.67,10.20,0.25,0.00,12.50,212,14
23147,ON,5,8,52.16,48.00,-30.00,-3.12,146,146,1806.50,0,10.00,26.67,10.20,0.25,0.00,12.50,212,14
23254,ON,5,8,52.16,48.00,-30.00,-3.12,146,146,1712.00,0,10.00,26.67,10.20,0.25,0.00,12.50,212,14
23361,ON,5,8,52.16,48.00,-30.00,-3.12,146,146,1712.00,0,10.00,26.67,10.20,0.25,0.00,12.50,212,14
23469,ON,5,8,51.37,48.00,-30.00,-3.12,146,146,1941.75,0,10.00,26.67,10.20,0.25,0.00,12.50,212,14
23576,ON,5,8,51.37,48.00,-30.00,-3.12,146,146,1941.75,0,10.00,26.67,10.20,0.25,0.00,12.34,55,14
23684,ON,5,8,51.76,48.00,-30.00,-3.12,146,146,1941.75,0,10.00,26.67,10.20,0.25,0.00,12.34,55,14
23793,ON,5,8,51.76,48.00,-30.00,-3.12,146,146,1777.50,0,10.00,26.67,10.20,0.25,0.00,12.34,55,14
23901,ON,5,8,51.37,48.00,-30.00,-3.12,146,146,1777.50,0,10.00,26.67,10.20,0.25,0.00,12.58,34,14
24008,ON,5,8,51.37,48.00,-30.00,-3.12,146,146,1795.50,0,10.00,26.67,10.20,0.25,0.00,12.58,34,14
24116,ON,5,8,51.37,48.00,-30.00,-3.12,146,146,1795.50,0,10.00,26.67,10.59,0.25,0.00,12.66,112,14
24223,ON,5,8,51.37,48.00,-30.00,-3.12,146,146,1923.00,0,10.00,26.67,10.59,0.25,0.00,12.66,112,14
24330,ON,5,8,51.37,48.00,-30.00,-3.12,146,146,1923.00,0,10.00,26.67,10.59,0.25,0.00,12.66,112,14
24441,ON,5,8,54.12,48.00,-30.00,-3.12,146,146,1923.00,0,10.00,26.67,10.20,0.25,0.00,12.66,112,14
24548,ON,5,8,54.12,48.00,-30.00,-3.12,146,146,1644.50,0,10.00,26.67,10.20,0.25,0.00,12.66,112,14
24655,ON,5,8,54.12,48.00,-30.00,-3.12,146,146,1644.50,0,10.00,26.67,10.20,0.25,0.00,12.50,212,14
24763,ON,5,8,50.98,47.00,-30.00,-3.12,146,146,1781.25,0,10.00,26.67,10.20,0.25,0.00,12.50,212,14
24870,ON,5,8,50.98,47.00,-30.00,-3.12,146,146,1781.25,0,10.00,26.67,10.20,0.25,0.00,12.73,190,14
24977,ON,5,8,50.98,47.00,-30.00,-3.12,146,146,1781.25,0,10.00,26.67,10.20,0.25,0.00,12.73,190,14
25087,ON,5,8,50.98,47.00,-30.00,-3.12,146,146,1816.00,0,10.00,26.67,10.20,0.25,0.00,12.73,190,14
25195,ON,5,8,50.98,47.00,-30.00,-3.12,146,146,1816.00,0,10.00,26.67,10.20,0.25,0.00,12.66,112,14
25302,ON,5,8,49.80,47.00,-30.00,-3.12,146,146,1933.00,0,10.00,26.67,10.20,0.25,0.00,12.66,112,14
25409,ON,5,8,49.80,47.00,-30.00,-3.12,146,146,1933.00,0,10.00,26.67,10.59,0.25,0.00,12.58,34,14
25517,ON,5,8,53.73,47.00,-30.00,-3.12,146,146,1933.00,0,10.00,26.67,10.59,0.25,0.00,12.58,34,14
25624,ON,5,8,53.73,47.00,-30.00,-3.12,146,146,1672.25,0,10.00,26.67,10.59,0.25,0.00,12.58,34,14
25734,ON,5,8,49.80,47.00,-30.00,-3.12,146,146,1672.25,0,10.00,26.67,10.59,0.25,0.00,12.50,212,14
25841,ON,5,8,49.80,46.00,-30.00,-3.12,146,146,1833.00,0,10.00,26.67,10.59,0.25,0.00,12.50,212,14
25949,ON,5,8,49.80,46.00,-30.00,-3.12,146,146,1833.00,0,10.00,26.67,10.59,0.25,0.00,12.50,212,14
26056,ON,5,8,50.98,46.00,-30.00,-3.12,146,146,1882.25,0,10.00,26.67,10.59,0.25,0.00,12.50,212,14
26163,ON,5,8,50.98,46.00,-30.00,-3.12,146,146,1882.25,0,10.00,26.27,10.59,0.25,0.00,12.50,212,14
26271,ON,5,8,53.33,46.00,-30.00,-3.12,146,146,1882.25,0,10.00,26.27,10.59,0.25,0.00,12.58,34,14
26381,ON,5,8,53.33,46.00,-30.00,-3.12,146,146,1743.25,0,10.00,26.67,10.59,0.25,0.00,12.58,34,14
26488,ON,5,8,53.33,46.00,-30.00,-3.12,146,146,1743.25,0,10.00,26.67,10.20,0.25,0.00,12.73,190,14
26595,ON,5,8,52.55,46.00,-30.00,-3.12,146,146,1681.25,0,10.00,26.67,10.20,0.25,0.00,12.73,190,14
26703,ON,5,8,52.55,46.00,-30.00,-3.12,146,146,1681.25,0,10.00,26.67,10.20,0.25,0.00,12.58,34,14
26810,ON,5,8,52.16,46.00,-30.00,-3.12,146,146,1681.25,0,10.00,26.67,10.20,0.25,0.00,12.58,34,14
26918,ON,5,8,52.16,46.00,-30.00,-3.12,146,146,1699.00,0,10.00,26.27,10.20,0.25,0.00,12.58,34,14
27028,ON,5,8,52.16,46.00,-30.00,-3.12,146,146,1699.00,0,10.00,26.27,10.59,0.25,0.00,12.50,212,14
27135,ON,5,8,51.76,46.00,-30.00,-3.12,146,146,1904.50,0,10.00,26.27,10.59,0.25,0.00,12.50,212,14
27243,ON,5,8,51.76,46.00,-30.00,-3.12,146,146,1904.50,0,10.00,26.67,10.59,0.25,0.00,12.50,212,14
27350,ON,5,8,51.37,46.00,-30.00,-3.12,146,146,1904.50,0,10.00,26.67,10.59,0.25,0.00,12.50,212,14
27457,ON,5,8,51.37,46.00,-30.00,-3.12,146,146,1779.50,0,10.00,26.67,10.59,0.25,0.00,12.50,212,14
27565,ON,5,8,49.80,46.00,-30.00,-3.12,146,146,1779.50,0,10.00,26.67,10.59,0.25,0.00,12.58,34,14
27675,ON,5,8,49.80,46.00,-30.00,-3.12,146,146,1736.25,0,10.00,26.67,10.59,0.25,0.00,12.58,34,14
27782,ON,5,8,49.80,46.00,-30.00,-3.12,146,146,1736.25,0,10.00,26.67,9.80,0.25,0.00,12.50,212,14
27888,ON,5,8,51.76,46.00,-30.00,-3.12,146,146,1775.75,0,10.00,26.67,9.80,0.25,0.00,12.50,212,14
27995,ON,5,8,51.76,46.00,-30.00,-3.12,146,146,1775.75,0,10.00,26.67,9.80,0.25,0.00,12.50,212,14
28103,ON,5,8,49.41,46.00,-30.00,-3.12,146,146,1775.75,0,10.00,26.67,10.59,0.25,0.00,12.73,190,14
28210,ON,5,8,49.41,46.00,-30.00,-3.12,146,146,1810.00,0,10.00,26.67,10.59,0.25,0.00,12.73,190,14
28320,ON,5,8,49.41,46.00,-30.00,-3.12,146,146,1810.00,0,10.00,26.67,10.20,0.25,0.00,12.66,112,14
28427,ON,5,8,53.73,46.00,-30.00,-3.12,146,146,1821.00,0,10.00,26.67,10.20,0.25,0.00,12.66,112,14
28535,ON,5,8,53.73,46.00,-30.00,-3.12,146,146,1821.00,0,10.00,26.67,10.20,0.25,0.00,12.66,112,14
28642,ON,5,8,52.55,46.00,-30.00,-3.12,146,146,1821.00,0,10.00,26.67,10.20,0.25,0.00,12.66,112,14
28749,ON,5,8,52.55,46.00,-30.00,-3.12,146,146,1738.25,0,10.00,26.67,10.20,0.25,0.00,12.66,112,14
28857,ON,5,8,52.55,46.00,-30.00,-3.12,146,146,1738.25,0,10.00,26.67,10.59,0.25,0.00,12.50,212,14
28967,ON,5,8,49.41,46.00,-30.00,-3.12,146,146,1848.75,0,9.00,26.67,10.59,0.25,0.00,12.50,212,14
29074,ON,5,8,49.41,46.00,-30.00,-3.12,146,146,1848.75,0,9.00,37.65,26.67,0.25,0.00,12.42,133,14
29181,ON,5,8,37.65,46.00,-30.00,-3.12,146,146,1848.75,0,9.00,37.65,26.67,0.25,0.00,12.42,133,14
29289,ON,5,8,37.65,46.00,-30.00,-3.12,146,146,4198.00,0,25.00,27.45,26.67,0.25,0.00,12.42,133,14
29396,ON,5,8,47.84,46.00,-30.00,-3.12,146,146,4198.00,0,25.00,27.45,10.98,0.25,0.00,12.58,34,14
29503,ON,5,8,47.84,46.00,-30.00,-3.12,146,146,3257.75,0,10.00,27.45,10.98,0.25,0.00,12.58,34,14
29614,ON,5,8,47.84,46.00,-30.00,-3.12,146,146,3257.75,0,10.00,37.65,11.37,0.25,0.00,12.66,112,14
29721,ON,5,8,32.94,46.00,-30.00,-3.12,146,146,4194.75,0,10.00,37.65,11.37,0.25,0.00,12.66,112,14
29828,ON,5,8,32.94,46.00,-30.00,-3.12,146,146,4194.75,0,24.00,40.00,11.37,0.25,0.00,12.66,112,14
29936,ON,5,8,34.12,46.00,-30.00,-3.12,146,146,4194.75,0,24.00,40.00,32.55,0.25,0.00,12.58,34,14
30043,ON,5,8,34.12,46.00,-30.00,-3.12,146,146,5334.25,0,32.00,27.06,32.55,0.25,0.00,12.58,34,14
30150,ON,5,8,34.12,46.00,-30.00,-3.12,146,146,5334.25,0,32.00,27.06,24.31,0.25,0.00,12.50,212,14
30260,ON,5,8,79.61,46.00,-30.00,-3.12,146,146,5506.25,0,32.00,27.06,24.31,0.25,0.00,12.50,212,14
30368,ON,5,8,79.61,46.00,-30.00,-3.12,146,146,5506.25,0,26.00,27.45,24.31,0.25,0.00,12.58,34,14
30475,ON,5,8,34.12,46.00,-30.00,-3.12,146,146,5506.25,0,26.00,27.45,10.59,0.25,0.00,12.58,34,14
30582,ON,5,8,34.12,46.00,-30.00,-3.12,146,146,5771.75,0,29.00,42.35,10.59,0.25,0.00,12.58,34,14
30690,ON,5,8,34.12,46.00,-30.00,-3.12,146,146,5771.75,0,29.00,42.35,19.61,0.25,0.00,12.66,112,14
30797,ON,5,8,34.12,46.00,-30.00,-3.12,146,146,5082.75,0,32.00,42.35,19.61,0.25,0.00,12.66,112,14
30907,ON,5,8,34.12,46.00,-30.00,-3.12,146,146,5082.75,0,32.00,28.24,26.67,0.25,0.00,12.58,34,14
31014,ON,5,8,69.41,46.00,-30.00,-3.12,146,146,5082.75,0,32.00,28.24,26.67,0.25,0.00,12.58,34,14
31122,ON,5,8,69.41,46.00,-30.00,-3.12,146,146,5296.25,0,32.00,27.45,26.67,0.25,0.00,12.58,34,14
31229,ON,5,8,46.27,46.00,-30.00,-3.12,146,146,5296.25,0,32.00,27.45,11.37,0.25,0.00,12.50,212,14
31337,ON,5,8,46.27,46.00,-30.00,-3.12,146,146,4192.50,0,18.00,27.45,11.37,0.25,0.00,12.50,212,14
31444,ON,5,8,46.27,46.00,-30.00,-3.12,146,146,4192.50,0,18.00,32.94,11.37,0.25,0.00,12.58,34,14
31554,ON,5,8,32.94,46.00,-30.00,-3.12,146,146,4177.25,0,18.00,32.94,11.37,0.25,0.00,12.58,34,14
31661,ON,5,8,32.94,46.00,-30.00,-3.12,146,146,4177.25,0,25.00,31.76,11.37,0.25,0.00,12.58,34,14
31768,ON,5,8,60.00,46.00,-30.00,-3.12,146,146,4177.25,0,25.00,31.76,23.14,0.25,0.00,12.66,112,14
31876,ON,5,8,60.00,46.00,-30.00,-3.12,146,146,4483.50,0,21.00,40.00,23.14,0.25,0.00,12.66,112,14
31983,ON,5,8,60.00,46.00,-30.00,-3.12,146,146,4483.50,0,21.00,40.00,11.76,0.25,0.00,12.50,212,14
32091,ON,5,8,34.12,46.00,-30.00,-3.12,146,146,4907.00,0,21.00,40.00,11.76,0.25,0.00,12.50,212,14
32201,ON,5,8,34.12,46.00,-30.00,-3.12,146,146,4907.00,0,31.00,27.45,11.76,0.25,0.00,12.58,34,14
32308,ON,5,8,33.33,46.00,-30.00,-3.12,146,146,4907.00,0,31.00,27.45,11.37,0.25,0.00,12.58,34,14
32415,ON,5,8,33.33,46.00,-30.00,-3.12,146,146,3796.25,0,21.00,27.45,11.37,0.25,0.00,12.58,34,14
32523,ON,5,8,33.33,46.00,-30.00,-3.12,146,146,3796.25,0,21.00,27.45,10.98,0.25,0.00,12.58,34,14
32630,ON,5,8,38.43,46.00,-30.00,-3.12,146,146,2895.50,0,11.00,27.45,10.98,0.25,0.00,12.58,34,14
32737,ON,5,8,38.43,46.00,-30.00,-3.12,146,146,2895.50,0,11.00,27.06,10.98,0.25,0.00,12.73,190,14
32847,ON,5,8,45.88,46.00,-30.00,-3.12,146,146,2895.50,0,11.00,27.06,10.98,0.25,0.00,12.73,190,14
32955,ON,5,8,45.88,46.00,-30.00,-3.12,146,146,2061.25,0,10.00,27.45,10.98,0.25,0.00,12.73,190,14
33062,ON,5,8,56.86,46.00,-30.00,-3.12,146,146,2061.25,0,10.00,27.45,10.98,0.25,0.00,12.73,190,14
33169,ON,5,8,56.86,46.00,-30.00,-3.12,146,146,1753.75,0,10.00,27.45,10.98,0.25,0.00,12.73,190,14
33277,ON,5,8,56.86,46.00,-30.00,-3.12,146,146,1753.75,0,10.00,27.06,10.98,0.25,0.00,12.50,212,14
33384,ON,5,8,51.37,46.00,-30.00,-3.12,146,146,1779.50,0,10.00,27.06,10.98,0.25,0.00,12.50,212,14
33494,ON,5,8,51.37,46.00,-30.00,-3.12,146,146,1779.50,0,10.00,27.06,10.98,0.25,0.00,12.50,212,14
33601,ON,5,8,53.33,46.00,-30.00,-3.12,146,146,1779.50,0,10.00,27.06,10.98,0.25,0.00,12.42,133,14
33709,ON,5,8,53.33,46.00,-30.00,-3.12,146,146,1908.75,0,10.00,27.06,10.98,0.25,0.00,12.42,133,14
33816,ON,5,8,53.33,46.00,-30.00,-3.12,146,146,1908.75,0,10.00,27.06,10.98,0.25,0.00,12.50,212,14
33924,ON,5,8,52.16,46.00,-30.00,-3.12,146,146,1726.75,0,10.00,27.06,10.98,0.25,0.00,12.50,212,14
34031,ON,5,8,52.16,46.00,-30.00,-3.12,146,146,1726.75,0,10.00,27.06,10.98,0.25,0.00,12.50,212,14
34141,ON,5,8,49.80,46.00,-30.00,-3.12,146,146,1726.75,0,10.00,27.06,10.98,0.25,0.00,12.50,212,14
34248,ON,5,8,49.80,46.00,-30.00,-3.12,146,146,1886.25,0,9.00,31.76,10.98,0.25,0.00,12.50,212,14
34356,ON,5,8,49.80,46.00,-30.00,-3.12,146,146,1886.25,0,9.00,31.76,11.76,0.25,0.00,12.66,112,14
34463,ON,5,8,41.18,46.00,-30.00,-3.12,146,146,2719.00,0,10.00,31.76,11.76,0.25,0.00,12.66,112,14
34570,ON,5,8,41.18,46.00,-30.00,-3.12,146,146,2719.00,0,10.00,27.06,10.98,0.25,0.00,12.58,34,14
34678,ON,5,8,49.41,46.00,-30.00,-3.12,146,146,2719.00,0,10.00,27.06,10.98,0.25,0.00,12.58,34,14
34788,ON,5,8,49.41,46.00,-30.00,-3.12,146,146,1933.50,0,10.00,27.45,10.98,0.25,0.00,12.58,34,14
34895,ON,5,8,51.76,46.00,-30.00,-3.12,146,146,1933.50,0,10.00,27.45,10.98,0.25,0.00,12.58,34,14
35003,ON,5,8,51.76,46.00,-30.00,-3.12,146,146,1968.25,0,10.00,27.45,10.98,0.25,0.00,12.58,34,14
35110,ON,5,8,51.76,46.00,-30.00,-3.12,146,146,1968.25,0,10.00,27.06,10.98,0.25,0.00,12.50,212,14
35217,ON,5,8,53.33,46.00,-30.00,-3.12,146,146,1786.50,0,10.00,27.06,10.98,0.25,0.00,12.50,212,14
35325,ON,5,8,53.33,46.00,-30.00,-3.12,146,146,1786.50,0,10.00,27.06,10.98,0.25,0.00,12.50,212,14
35435,ON,5,8,49.80,46.00,-30.00,-3.12,146,146,1786.50,0,10.00,27.06,10.98,0.25,0.00,12.66,112,14
35542,ON,5,8,49.80,46.00,-30.00,-3.12,146,146,1987.75,0,10.00,27.06,10.98,0.25,0.00,12.66,112,14
35649,ON,5,8,49.80,46.00,-30.00,-3.12,146,146,1987.75,0,10.00,27.06,10.59,0.25,0.00,12.73,190,14
35757,ON,5,8,51.76,46.00,-30.00,-3.12,146,146,1841.00,0,10.00,27.06,10.59,0.25,0.00,12.73,190,14
35864,ON,5,8,51.76,46.00,-30.00,-3.12,146,146,1841.00,0,10.00,27.06,10.59,0.25,0.00,12.58,34,14
35971,ON,5,8,50.59,46.00,-30.00,-3.12,146,146,1841.00,0,10.00,27.06,10.98,0.25,0.00,12.58,34,14
36081,ON,5,8,50.59,46.00,-30.00,-3.12,146,146,1826.75,0,10.00,27.06,10.98,0.25,0.00,12.58,34,14
36189,ON,5,8,50.59,46.00,-30.00,-3.12,146,146,1826.75,0,10.00,27.06,10.98,0.25,0.00,12.50,212,14
36296,ON,5,8,47.45,46.00,-30.00,-3.12,146,146,2048.25,0,10.00,27.06,10.98,0.25,0.00,12.50,212,14
36403,ON,5,8,47.45,46.00,-30.00,-3.12,146,146,2048.25,0,10.00,27.06,10.98,0.25,0.00,12.73,190,14
36511,ON,5,8,53.73,46.00,-30.00,-3.12,146,146,2048.25,0,10.00,27.06,10.98,0.25,0.00,12.73,190,14
36618,ON,5,8,53.73,46.00,-30.00,-3.12,146,146,1816.75,0,10.00,27.06,10.98,0.25,0.00,12.73,190,14
36728,ON,5,8,50.20,46.00,-30.00,-3.12,146,146,1816.75,0,10.00,27.06,10.59,0.25,0.00,12.66,112,14
36835,ON,5,8,50.20,46.00,-30.00,-3.12,146,146,1852.50,0,10.00,27.06,10.59,0.25,0.00,12.66,112,14
36943,ON,5,8,50.20,46.00,-30.00,-3.12,146,146,1852.50,0,10.00,27.06,10.59,0.25,0.00,12.66,112,14
37050,ON,5,8,50.20,46.00,-30.00,-3.12,146,146,1972.50,0,10.00,27.06,10.59,0.25,0.00,12.66,112,14
37157,ON,5,8,50.20,46.00,-30.00,-3.12,146,146,1972.50,0,10.00,27.45,10.59,0.25,0.00,12.66,112,14
37265,ON,5,8,50.20,46.00,-30.00,-3.12,146,146,1972.50,0,10.00,27.45,11.37,0.25,0.00,0.31,56,14
37375,ON,5,8,50.20,46.00,-30.00,-3.12,146,146,1972.50,0,10.00,27.45,11.37,0.25,0.00,0.31,56,14
37483,ON,5,8,50.20,46.00,-30.00,-3.12,146,146,1972.50,0,10.00,27.45,11.37,0.25,0.00,0.31,56,14
37590,ON,5,8,50.20,46.00,-30.00,-3.12,146,146,1972.50,0,10.00,27.45,11.37,0.25,0.00,0.31,56,14
37698,ON,5,8,50.20,46.00,-30.00,-3.12,146,146,1972.50,0,10.00,27.45,11.37,0.25,0.00,0.31,56,14
37806,ON,5,8,50.20,46.00,-30.00,-3.12,146,146,1972.50,0,10.00,27.45,11.37,0.25,0.00,0.31,56,14
37915,ON,5,8,50.20,46.00,-30.00,-3.12,146,146,1972.50,0,10.00,27.45,11.37,0.25,0.00,0.31,56,14
38023,ON,5,8,50.20,46.00,-30.00,-3.12,146,146,1972.50,0,10.00,27.45,11.37,0.25,0.00,0.31,56,14
38130,ON,5,8,50.20,46.00,-30.00,-3.12,146,146,1972.50,0,10.00,27.45,11.37,0.25,0.00,0.31,56,14
38237,ON,5,8,50.20,46.00,-30.00,-3.12,146,146,1972.50,0,10.00,27.45,11.37,0.25,0.00,0.31,56,14
38345,ON,5,8,50.20,46.00,-30.00,-3.12,146,146,1972.50,0,10.00,27.45,11.37,0.25,0.00,0.31,56,14
38452,ON,5,8,50.20,46.00,-30.00,-3.12,146,146,1972.50,0,10.00,27.45,11.37,0.25,0.00,0.31,56,14
38562,ON,5,8,50.20,46.00,-30.00,-3.12,146,146,1972.50,0,10.00,27.45,11.37,0.25,0.00,0.31,56,14
38669,ON,5,8,50.20,46.00,-30.00,-3.12,146,146,1972.50,0,10.00,27.45,11.37,0.25,0.00,0.31,56,14
38777,ON,5,8,50.20,46.00,-30.00,-3.12,146,146,1972.50,0,10.00,27.45,11.37,0.25,0.00,0.31,56,14
38884,ON,5,8,50.20,46.00,-30.00,-3.12,146,146,1972.50,0,10.00,27.45,11.37,0.25,0.00,0.31,56,14
38992,ON,5,8,50.20,46.00,-30.00,-3.12,146,146,1972.50,0,10.00,27.45,11.37,0.25,0.00,0.31,56,14
39099,ON,5,8,50.20,46.00,-30.00,-3.12,146,146,1972.50,0,10.00,27.45,11.37,0.25,0.00,0.31,56,14
39209,ON,5,8,50.20,46.00,-30.00,-3.12,146,146,1972.50,0,10.00,27.45,11.37,0.25,0.00,0.31,56,14
