2326,ON,10,0,0.00,-40.00,-40.00,-100.00,0,0,0.00,0,-64.00,0.00,0.00,0.00,-100.00,0.00,0,0
2438,ON,10,0,0.00,-27.00,-40.00,-3.12,146,0,0.00,0,0.00,0.00,0.00,0.00,-100.00,0.00,0,0
2546,ON,10,0,0.00,-27.00,-30.00,-3.12,146,146,0.00,0,0.00,0.00,0.00,0.25,0.00,0.00,0,0
2655,ON,10,0,0.00,-27.00,-30.00,-3.12,146,146,0.00,0,0.00,0.00,0.00,0.25,0.00,0.00,0,28
2764,ON,10,0,0.00,-27.00,-30.00,-3.12,146,146,0.00,0,0.00,0.00,0.00,0.25,0.00,0.00,0,28
2874,ON,10,0,0.00,-27.00,-30.00,-3.12,146,146,0.00,0,0.00,0.00,0.00,0.25,0.00,0.00,0,28
2983,ON,10,0,0.00,-27.00,-30.00,-3.12,146,146,0.00,0,0.00,0.00,0.00,0.25,0.00,0.00,0,28
3095,ON,10,0,0.00,-27.00,-30.00,-3.12,146,146,0.00,0,0.00,0.00,0.00,0.25,0.00,0.00,0,28
3204,ON,10,0,0.00,-27.00,-30.00,-3.12,146,146,0.00,0,0.00,0.00,0.00,0.25,0.00,0.00,0,28
3313,ON,10,0,0.00,-27.00,-30.00,-3.12,146,146,0.00,0,0.00,0.00,0.00,0.25,0.00,0.00,0,28
3422,ON,10,0,0.00,-27.00,-30.00,-3.12,146,146,0.00,0,0.00,0.00,0.00,0.25,0.00,0.00,0,28
3532,ON,10,0,0.00,-27.00,-30.00,-3.12,146,146,0.00,0,0.00,0.00,0.00,0.25,0.00,0.00,0,28
3641,ON,10,0,0.00,-27.00,-30.00,-3.12,146,146,0.00,0,0.00,0.00,0.00,0.25,0.00,0.00,0,28
3753,ON,10,0,0.00,-27.00,-30.00,-3.12,146,146,0.00,0,0.00,0.00,0.00,0.25,0.00,0.00,0,28
3862,ON,10,0,0.00,-27.00,-30.00,-3.12,146,146,0.00,0,0.00,0.00,0.00,0.25,0.00,0.00,0,28
3971,ON,10,0,0.00,-27.00,-30.00,-3.12,146,146,0.00,0,0.00,0.00,0.00,0.25,0.00,0.00,0,28
4081,ON,10,0,0.00,-27.00,-30.00,-3.12,146,146,0.00,0,0.00,0.00,0.00,0.25,0.00,0.00,0,28
4190,ON,10,0,0.00,-27.00,-30.00,-3.12,146,146,0.00,0,0.00,0.00,0.00,0.25,0.00,0.00,0,28
4299,ON,10,0,0.00,-27.00,-30.00,-3.12,146,146,0.00,0,0.00,0.00,0.00,0.25,0.00,0.00,0,28
4411,ON,10,0,0.00,-27.00,-30.00,-3.12,146,146,0.00,0,0.00,0.00,0.00,0.25,0.00,0.00,0,28
4520,ON,10,0,0.00,-27.00,-30.00,-3.12,146,146,0.00,0,0.00,0.00,0.00,0.25,0.00,0.00,0,28
4629,ON,10,0,0.00,-27.00,-30.00,-3.12,146,146,0.00,0,0.00,0.00,0.00,0.25,0.00,0.00,0,28
4739,ON,10,0,0.00,-27.00,-30.00,-3.12,146,146,0.00,0,0.00,0.00,0.00,0.25,0.00,0.00,0,28
4848,ON,10,0,0.00,-27.00,-30.00,-3.12,146,146,0.00,0,0.00,0.00,0.00,0.25,0.00,0.00,0,28
4957,ON,10,0,0.00,-27.00,-30.00,-3.12,146,146,0.00,0,0.00,0.00,0.00,0.25,0.00,0.00,0,28
5069,ON,10,0,0.00,-27.00,-30.00,-3.12,146,146,0.00,0,0.00,0.00,0.00,0.25,0.00,0.00,0,28
5178,ON,10,0,0.00,-27.00,-30.00,-3.12,146,146,0.00,0,0.00,0.00,0.00,0.25,0.00,0.00,0,28
5287,ON,10,0,0.00,-27.00,-30.00,-3.12,146,146,0.00,0,0.00,0.00,0.00,0.25,0.00,0.00,0,28
5396,ON,10,0,0.00,-27.00,-30.00,-3.12,146,146,0.00,0,0.00,0.00,0.00,0.25,0.00,0.00,0,28
5506,ON,10,0,0.00,-27.00,-30.00,-3.12,146,146,0.00,0,0.00,0.00,0.00,0.25,0.00,0.00,0,28
5615,ON,10,0,0.00,-27.00,-30.00,-3.12,146,146,0.00,0,0.00,0.00,0.00,0.25,0.00,0.00,0,28
5727,ON,10,0,0.00,-27.00,-30.00,-3.12,146,146,0.00,0,0.00,0.00,0.00,0.25,0.00,0.00,0,28
5836,ON,10,0,0.00,-27.00,-30.00,-3.12,146,146,0.00,0,0.00,0.00,0.00,0.25,0.00,0.00,0,28
5945,ON,10,0,0.00,-27.00,-30.00,-3.12,146,146,0.00,0,0.00,0.00,0.00,0.25,0.00,0.00,0,28
6054,ON,10,0,0.00,-27.00,-30.00,-3.12,146,146,0.00,0,0.00,0.00,0.00,0.25,0.00,0.00,0,28
6163,ON,10,0,0.00,-27.00,-30.00,-3.12,146,146,0.00,0,0.00,0.00,0.00,0.25,0.00,0.00,0,28
6273,ON,10,0,0.00,-27.00,-30.00,-3.12,146,146,0.00,0,0.00,0.00,0.00,0.25,0.00,0.00,0,28
6385,ON,10,0,0.00,-27.00,-30.00,-3.12,146,146,0.00,0,0.00,0.00,0.00,0.25,0.00,0.00,0,28
6494,ON,10,0,0.00,-27.00,-30.00,-3.12,146,146,0.00,0,0.00,0.00,0.00,0.25,0.00,0.00,0,28
6603,ON,10,0,0.00,-27.00,-30.00,-3.12,146,146,0.00,0,0.00,0.00,0.00,0.25,0.00,0.00,0,28
6712,ON,10,0,0.00,-27.00,-30.00,-3.12,146,146,0.00,0,0.00,0.00,0.00,0.25,0.00,0.00,0,28
6822,ON,10,0,0.00,-27.00,-30.00,-3.12,146,146,0.00,0,0.00,0.00,0.00,0.25,0.00,0.00,0,28
6931,ON,10,0,0.00,-27.00,-30.00,-3.12,146,146,0.00,0,0.00,0.00,0.00,0.25,0.00,0.00,0,28
7043,ON,10,0,0.00,-27.00,-30.00,-3.12,146,146,0.00,0,0.00,0.00,0.00,0.25,0.00,0.00,0,28
7179,ON,10,0,0.00,-27.00,-30.00,-3.12,146,146,0.00,0,0.00,0.00,0.00,0.25,0.00,0.00,0,28
7290,ON,10,0,0.00,-27.00,-30.00,-3.12,146,146,0.00,0,0.00,0.00,0.00,0.25,0.00,0.00,0,28
7399,ON,10,0,0.00,-27.00,-30.00,-3.12,146,146,0.00,0,0.00,0.00,0.00,0.25,0.00,0.00,0,28
7508,ON,10,0,0.00,-27.00,-30.00,-3.12,146,146,0.00,0,0.00,0.00,0.00,0.25,0.00,0.00,0,28
7618,ON,10,0,0.00,-27.00,-30.00,-3.12,146,146,0.00,0,0.00,0.00,0.00,0.25,0.00,0.00,0,28
7730,ON,10,0,0.00,-27.00,-30.00,-3.12,146,146,0.00,0,0.00,0.00,0.00,0.25,0.00,0.00,0,28
7839,ON,10,0,0.00,-27.00,-30.00,-3.12,146,146,0.00,0,0.00,0.00,0.00,0.25,0.00,0.00,0,28
7948,ON,10,0,0.00,-27.00,-30.00,-3.12,146,146,0.00,0,0.00,0.00,0.00,0.25,0.00,0.00,0,28
8057,ON,10,0,0.00,-27.00,-30.00,-3.12,146,146,0.00,0,0.00,0.00,0.00,0.25,0.00,0.00,0,28
8166,ON,10,0,0.00,-27.00,-30.00,-3.12,146,146,0.00,0,0.00,0.00,0.00,0.25,0.00,0.00,0,28
8276,ON,10,0,0.00,-27.00,-30.00,-3.12,146,146,0.00,0,0.00,0.00,0.00,0.25,0.00,0.00,0,28
8387,ON,10,0,0.00,-27.00,-30.00,-3.12,146,146,0.00,0,0.00,0.00,0.00,0.25,0.00,0.00,0,28
8497,ON,10,0,0.00,-27.00,-30.00,-3.12,146,146,0.00,0,0.00,0.00,0.00,0.25,0.00,0.00,0,28
8606,ON,10,0,0.00,-27.00,-30.00,-3.12,146,146,0.00,0,0.00,0.00,0.00,0.25,0.00,0.00,0,28
8715,ON,10,0,0.00,-27.00,-30.00,-3.12,146,146,0.00,0,0.00,0.00,0.00,0.25,0.00,0.00,0,28
8824,ON,10,0,0.00,-27.00,-30.00,-3.12,146,146,0.00,0,0.00,0.00,0.00,0.25,0.00,0.00,0,28
8933,ON,10,0,0.00,-27.00,-30.00,-3.12,146,146,0.00,0,0.00,0.00,0.00,0.25,0.00,0.00,0,28
9046,ON,10,0,0.00,-27.00,-30.00,-3.12,146,146,0.00,0,0.00,0.00,0.00,0.25,0.00,0.00,0,28
9155,ON,10,0,0.00,-27.00,-30.00,-3.12,146,146,0.00,0,0.00,0.00,0.00,0.25,0.00,0.00,0,28
9264,ON,10,0,0.00,-27.00,-30.00,-3.12,146,146,0.00,0,0.00,0.00,0.00,0.25,0.00,0.00,0,28
9373,ON,10,0,0.00,-27.00,-30.00,-3.12,146,146,0.00,0,0.00,0.00,0.00,0.25,0.00,0.00,0,28
9483,ON,10,0,0.00,-27.00,-30.00,-3.12,146,146,0.00,0,0.00,0.00,0.00,0.25,0.00,0.00,0,28
9592,ON,10,0,0.00,-27.00,-30.00,-3.12,146,146,0.00,0,0.00,0.00,0.00,0.25,0.00,0.00,0,28
9704,ON,10,0,0.00,-27.00,-30.00,-3.12,146,146,0.00,0,0.00,0.00,0.00,0.25,0.00,0.00,0,28
9813,ON,10,0,0.00,-27.00,-30.00,-3.12,146,146,0.00,0,0.00,0.00,0.00,0.25,0.00,0.00,0,28
9922,ON,10,0,0.00,-27.00,-30.00,-3.12,146,146,0.00,0,0.00,0.00,0.00,0.25,0.00,0.00,0,28
10031,ON,10,0,0.00,-27.00,-30.00,-3.12,146,146,0.00,0,0.00,0.00,0.00,0.25,0.00,0.00,0,28
10141,ON,10,0,0.00,-27.00,-30.00,-3.12,146,146,0.00,0,0.00,0.00,0.00,0.25,0.00,0.00,0,28
10250,ON,10,0,0.00,-27.00,-30.00,-3.12,146,146,0.00,0,0.00,0.00,0.00,0.25,0.00,0.00,0,28
10362,ON,10,0,0.00,-27.00,-30.00,-3.12,146,146,0.00,0,0.00,0.00,0.00,0.25,0.00,0.00,0,28
10471,ON,10,0,0.00,-27.00,-30.00,-3.12,146,146,0.00,0,0.00,0.00,0.00,0.25,0.00,0.00,0,28
10580,ON,10,0,0.00,-27.00,-30.00,-3.12,146,146,0.00,0,0.00,0.00,0.00,0.25,0.00,0.00,0,28
10689,ON,10,0,0.00,-27.00,-30.00,-3.12,146,146,0.00,0,0.00,0.00,0.00,0.25,0.00,0.00,0,28
10799,ON,10,0,0.00,-27.00,-30.00,-3.12,146,146,0.00,0,0.00,0.00,0.00,0.25,0.00,0.00,0,28
10908,ON,10,0,0.00,-27.00,-30.00,-3.12,146,146,0.00,0,0.00,0.00,0.00,0.25,0.00,0.00,0,28
11020,ON,10,0,0.00,-27.00,-30.00,-3.12,146,146,0.00,0,0.00,0.00,0.00,0.25,0.00,0.00,0,28
11129,ON,10,0,0.00,-27.00,-30.00,-3.12,146,146,0.00,0,0.00,0.00,0.00,0.25,0.00,0.00,0,28
11238,ON,10,0,0.00,-27.00,-30.00,-3.12,146,146,0.00,0,0.00,0.00,0.00,0.25,0.00,0.00,0,28
11347,ON,10,0,0.00,-27.00,-30.00,-3.12,146,146,0.00,0,0.00,0.00,0.00,0.25,0.00,0.00,0,28
11456,ON,10,0,0.00,-27.00,-30.00,-3.12,146,146,0.00,0,0.00,0.00,0.00,0.25,0.00,0.00,0,28
11566,ON,10,0,0.00,-27.00,-30.00,-3.12,146,146,0.00,0,0.00,0.00,0.00,0.25,0.00,0.00,0,28
11678,ON,10,0,0.00,-27.00,-30.00,-3.12,146,146,0.00,0,0.00,0.00,0.00,0.25,0.00,0.00,0,28
11787,ON,10,0,0.00,-27.00,-30.00,-3.12,146,146,0.00,0,0.00,0.00,0.00,0.25,0.00,0.00,0,28
11896,ON,10,0,0.00,-27.00,-30.00,-3.12,146,146,0.00,0,0.00,0.00,0.00,0.25,0.00,0.00,0,28
12006,ON,10,0,0.00,-27.00,-30.00,-3.12,146,146,0.00,0,0.00,0.00,0.00,0.25,0.00,0.00,0,28
12115,ON,10,0,0.00,-27.00,-30.00,-3.12,146,146,0.00,0,0.00,0.00,0.00,0.25,0.00,0.00,0,28
12224,ON,10,0,0.00,-27.00,-30.00,-3.12,146,146,0.00,0,0.00,0.00,0.00,0.25,0.00,0.00,0,28
12336,ON,10,0,0.00,-27.00,-30.00,-3.12,146,146,0.00,0,0.00,0.00,0.00,0.25,0.00,0.00,0,28
12445,ON,10,0,0.00,-27.00,-30.00,-3.12,146,146,0.00,0,0.00,0.00,0.00,0.25,0.00,0.00,0,28
12554,ON,10,0,0.00,-27.00,-30.00,-3.12,146,146,0.00,0,0.00,0.00,0.00,0.25,0.00,0.00,0,28
12663,ON,10,0,0.00,-27.00,-30.00,-3.12,146,146,0.00,0,0.00,0.00,0.00,0.25,0.00,0.00,0,28
12773,ON,10,0,0.00,-27.00,-30.00,-3.12,146,146,0.00,0,0.00,0.00,0.00,0.25,0.00,0.00,0,28
12882,ON,10,0,0.00,-27.00,-30.00,-3.12,146,146,0.00,0,0.00,0.00,0.00,0.25,0.00,0.00,0,28
12994,ON,10,0,0.00,-27.00,-30.00,-3.12,146,146,0.00,0,0.00,0.00,0.00,0.25,0.00,0.00,0,28
13103,ON,10,0,0.00,-27.00,-30.00,-3.12,146,146,0.00,0,0.00,0.00,0.00,0.25,0.00,0.00,0,28
13212,ON,10,0,0.00,-27.00,-30.00,-3.12,146,146,0.00,0,0.00,0.00,0.00,0.25,0.00,0.00,0,28
13321,ON,10,0,0.00,-27.00,-30.00,-3.12,146,146,0.00,0,0.00,0.00,0.00,0.25,0.00,0.00,0,28
13431,ON,10,0,0.00,-27.00,-30.00,-3.12,146,146,0.00,0,0.00,0.00,0.00,0.25,0.00,0.00,0,28
13540,ON,10,0,0.00,-27.00,-30.00,-3.12,146,146,0.00,0,0.00,0.00,0.00,0.25,0.00,0.00,0,28
13652,ON,10,0,0.00,-27.00,-30.00,-3.12,146,146,0.00,0,0.00,0.00,0.00,0.25,0.00,0.00,0,28
13761,ON,10,0,0.00,-27.00,-30.00,-3.12,146,146,0.00,0,0.00,0.00,0.00,0.25,0.00,0.00,0,28
13870,ON,10,0,0.00,-27.00,-30.00,-3.12,146,146,0.00,0,0.00,0.00,0.00,0.25,0.00,0.00,0,28
13979,ON,10,0,0.00,-27.00,-30.00,-3.12,146,146,0.00,0,0.00,0.00,0.00,0.25,0.00,0.00,0,28
14089,ON,10,0,0.00,-27.00,-30.00,-3.12,146,146,0.00,0,0.00,0.00,0.00,0.25,0.00,0.00,0,28
14198,ON,10,0,0.00,-27.00,-30.00,-3.12,146,146,0.00,0,0.00,0.00,0.00,0.25,0.00,0.00,0,28
14310,ON,10,0,0.00,-27.00,-30.00,-3.12,146,146,0.00,0,0.00,0.00,0.00,0.25,0.00,0.00,0,28
14419,ON,10,0,0.00,-27.00,-30.00,-3.12,146,146,0.00,0,0.00,0.00,0.00,0.25,0.00,0.00,0,28
14528,ON,10,0,0.00,-27.00,-30.00,-3.12,146,146,0.00,0,0.00,0.00,0.00,0.25,0.00,0.00,0,28
14638,ON,10,0,0.00,-27.00,-30.00,-3.12,146,146,0.00,0,0.00,0.00,0.00,0.25,0.00,0.00,0,28
14747,ON,10,0,0.00,-27.00,-30.00,-3.12,146,146,0.00,0,0.00,0.00,0.00,0.25,0.00,0.00,0,28
14856,ON,10,0,0.00,-27.00,-30.00,-3.12,146,146,0.00,0,0.00,0.00,0.00,0.25,0.00,0.00,0,28
14968,ON,10,0,0.00,-27.00,-30.00,-3.12,146,146,0.00,0,0.00,0.00,0.00,0.25,0.00,0.00,0,28
15077,ON,10,0,0.00,-27.00,-30.00,-3.12,146,146,0.00,0,0.00,0.00,0.00,0.25,0.00,0.00,0,28
15186,ON,10,0,0.00,-27.00,-30.00,-3.12,146,146,0.00,0,0.00,0.00,0.00,0.25,0.00,0.00,0,28
15296,ON,10,0,0.00,-27.00,-30.00,-3.12,146,146,0.00,0,0.00,0.00,0.00,0.25,0.00,0.00,0,28
15405,ON,10,0,0.00,-27.00,-30.00,-3.12,146,146,0.00,0,0.00,0.00,0.00,0.25,0.00,0.00,0,28
15514,ON,10,0,0.00,-27.00,-30.00,-3.12,146,146,0.00,0,0.00,0.00,0.00,0.25,0.00,0.00,0,28
15626,ON,10,0,0.00,-27.00,-30.00,-3.12,146,146,0.00,0,0.00,0.00,0.00,0.25,0.00,0.00,0,28
15735,ON,10,0,0.00,-27.00,-30.00,-3.12,146,146,0.00,0,0.00,0.00,0.00,0.25,0.00,0.00,0,28
15844,ON,10,0,0.00,-27.00,-30.00,-3.12,146,146,0.00,0,0.00,0.00,0.00,0.25,0.00,0.00,0,28
15954,ON,10,0,0.00,-27.00,-30.00,-3.12,146,146,0.00,0,0.00,0.00,0.00,0.25,0.00,0.00,0,28
16063,ON,10,0,0.00,-27.00,-30.00,-3.12,146,146,0.00,0,0.00,0.00,0.00,0.25,0.00,0.00,0,28
16172,ON,10,0,0.00,-27.00,-30.00,-3.12,146,146,0.00,0,0.00,0.00,0.00,0.25,0.00,0.00,0,28
16284,ON,10,0,0.00,-27.00,-30.00,-3.12,146,146,0.00,0,0.00,0.00,0.00,0.25,0.00,0.00,0,28
16393,ON,10,0,0.00,-27.00,-30.00,-3.12,146,146,0.00,0,0.00,0.00,0.00,0.25,0.00,0.00,0,28
16502,ON,10,0,0.00,-27.00,-30.00,-3.12,146,146,0.00,0,0.00,0.00,0.00,0.25,0.00,0.00,0,28
16612,ON,10,0,0.00,-27.00,-30.00,-3.12,146,146,0.00,0,0.00,0.00,0.00,0.25,0.00,0.00,0,28
16721,ON,10,0,0.00,-27.00,-30.00,-3.12,146,146,0.00,0,0.00,0.00,0.00,0.25,0.00,0.00,0,28
16830,ON,10,0,0.00,-27.00,-30.00,-3.12,146,146,0.00,0,0.00,0.00,0.00,0.25,0.00,0.00,0,28
16942,ON,10,0,0.00,-27.00,-30.00,-3.12,146,146,0.00,0,0.00,0.00,0.00,0.25,0.00,0.00,0,28
17051,ON,10,0,0.00,-27.00,-30.00,-3.12,146,146,0.00,0,0.00,0.00,0.00,0.25,0.00,0.00,0,28
17161,ON,10,0,0.00,-27.00,-30.00,-3.12,146,146,0.00,0,0.00,0.00,0.00,0.25,0.00,0.00,0,28
17270,ON,10,0,0.00,-27.00,-30.00,-3.12,146,146,0.00,0,0.00,0.00,0.00,0.25,0.00,0.00,0,28
17379,ON,10,0,0.00,-27.00,-30.00,-3.12,146,146,0.00,0,0.00,0.00,0.00,0.25,0.00,0.00,0,28
17488,ON,10,0,0.00,-27.00,-30.00,-3.12,146,146,0.00,0,0.00,0.00,0.00,0.25,0.00,0.00,0,28
17600,ON,10,0,0.00,-27.00,-30.00,-3.12,146,146,0.00,0,0.00,0.00,0.00,0.25,0.00,0.00,0,28
17709,ON,10,0,0.00,-27.00,-30.00,-3.12,146,146,0.00,0,0.00,0.00,0.00,0.25,0.00,0.00,0,28
17818,ON,10,0,0.00,-27.00,-30.00,-3.12,146,146,0.00,0,0.00,0.00,0.00,0.25,0.00,0.00,0,28
17928,ON,10,0,0.00,-27.00,-30.00,-3.12,146,146,0.00,0,0.00,0.00,0.00,0.25,0.00,0.00,0,28
18037,ON,10,0,0.00,-27.00,-30.00,-3.12,146,146,0.00,0,0.00,0.00,0.00,0.25,0.00,0.00,0,28
18146,ON,10,0,0.00,-27.00,-30.00,-3.12,146,146,0.00,0,0.00,0.00,0.00,0.25,0.00,0.00,0,28
18258,ON,10,0,0.00,-27.00,-30.00,-3.12,146,146,0.00,0,0.00,0.00,0.00,0.25,0.00,0.00,0,28
18367,ON,10,0,0.00,-27.00,-30.00,-3.12,146,146,0.00,0,0.00,0.00,0.00,0.25,0.00,0.00,0,28
18476,ON,10,0,0.00,-27.00,-30.00,-3.12,146,146,0.00,0,0.00,0.00,0.00,0.25,0.00,0.00,0,28
18585,ON,10,0,0.00,-27.00,-30.00,-3.12,146,146,0.00,0,0.00,0.00,0.00,0.25,0.00,0.00,0,28
18695,ON,10,0,0.00,-27.00,-30.00,-3.12,146,146,0.00,0,0.00,0.00,0.00,0.25,0.00,0.00,0,28
18804,ON,10,0,0.00,-27.00,-30.00,-3.12,146,146,0.00,0,0.00,0.00,0.00,0.25,0.00,0.00,0,28
18916,ON,10,0,0.00,-27.00,-30.00,-3.12,146,146,0.00,0,0.00,0.00,0.00,0.25,0.00,0.00,0,28
19025,ON,10,0,0.00,-27.00,-30.00,-3.12,146,146,0.00,0,0.00,0.00,0.00,0.25,0.00,0.00,0,28
19134,ON,10,0,0.00,-27.00,-30.00,-3.12,146,146,0.00,0,0.00,0.00,0.00,0.25,0.00,0.00,0,28
19243,ON,10,0,0.00,-27.00,-30.00,-3.12,146,146,0.00,0,0.00,0.00,0.00,0.25,0.00,0.00,0,28
19352,ON,10,0,0.00,-27.00,-30.00,-3.12,146,146,0.00,0,0.00,0.00,0.00,0.25,0.00,0.00,0,28
19462,ON,10,0,0.00,-27.00,-30.00,-3.12,146,146,0.00,0,0.00,0.00,0.00,0.25,0.00,0.00,0,28
19574,ON,10,0,0.00,-27.00,-30.00,-3.12,146,146,0.00,0,0.00,0.00,0.00,0.25,0.00,0.00,0,28
19683,ON,10,0,0.00,-27.00,-30.00,-3.12,146,146,0.00,0,0.00,0.00,0.00,0.25,0.00,0.00,0,28
19792,ON,10,0,0.00,-27.00,-30.00,-3.12,146,146,0.00,0,0.00,0.00,0.00,0.25,0.00,0.00,0,28
19901,ON,10,0,0.00,-27.00,-30.00,-3.12,146,146,0.00,0,0.00,0.00,0.00,0.25,0.00,0.00,0,28
20011,ON,10,0,0.00,-27.00,-30.00,-3.12,146,146,0.00,0,0.00,0.00,0.00,0.25,0.00,0.00,0,28
20120,ON,10,0,0.00,-27.00,-30.00,-3.12,146,146,0.00,0,0.00,0.00,0.00,0.25,0.00,0.00,0,28
20231,ON,10,0,0.00,-27.00,-30.00,-3.12,146,146,0.00,0,0.00,0.00,0.00,0.25,0.00,0.00,0,28
20341,ON,10,0,0.00,-27.00,-30.00,-3.12,146,146,0.00,0,0.00,0.00,0.00,0.25,0.00,0.00,0,28
20450,ON,10,0,0.00,-27.00,-30.00,-3.12,146,146,0.00,0,0.00,0.00,0.00,0.25,0.00,0.00,0,28
20559,ON,10,0,0.00,-27.00,-30.00,-3.12,146,146,0.00,0,0.00,0.00,0.00,0.25,0.00,0.00,0,28
20668,ON,10,0,0.00,-27.00,-30.00,-3.12,146,146,0.00,0,0.00,0.00,0.00,0.25,0.00,0.00,0,28
20777,ON,10,0,0.00,-27.00,-30.00,-3.12,146,146,0.00,0,0.00,0.00,0.00,0.25,0.00,0.00,0,28
20889,ON,10,0,0.00,-27.00,-30.00,-3.12,146,146,0.00,0,0.00,0.00,0.00,0.25,0.00,0.00,0,28
20998,ON,10,0,0.00,-27.00,-30.00,-3.12,146,146,0.00,0,0.00,0.00,0.00,0.25,0.00,0.00,0,28
21108,ON,10,0,0.00,-27.00,-30.00,-3.12,146,146,0.00,0,0.00,0.00,0.00,0.25,0.00,0.00,0,28
21217,ON,10,0,0.00,-27.00,-30.00,-3.12,146,146,0.00,0,0.00,0.00,0.00,0.25,0.00,0.00,0,28
21326,ON,10,0,0.00,-27.00,-30.00,-3.12,146,146,0.00,0,0.00,0.00,0.00,0.25,0.00,0.00,0,28
21435,ON,10,0,0.00,-27.00,-30.00,-3.12,146,146,0.00,0,0.00,0.00,0.00,0.25,0.00,0.00,0,28
21547,ON,10,0,0.00,-27.00,-30.00,-3.12,146,146,0.00,0,0.00,0.00,0.00,0.25,0.00,0.00,0,28
21656,ON,10,0,0.00,-27.00,-30.00,-3.12,146,146,0.00,0,0.00,0.00,0.00,0.25,0.00,0.00,0,28
21765,ON,10,0,0.00,-27.00,-30.00,-3.12,146,146,0.00,0,0.00,0.00,0.00,0.25,0.00,0.00,0,28
21875,ON,10,0,0.00,-27.00,-30.00,-3.12,146,146,0.00,0,0.00,0.00,0.00,0.25,0.00,0.00,0,28
21984,ON,10,0,0.00,-27.00,-30.00,-3.12,146,146,0.00,0,0.00,0.00,0.00,0.25,0.00,0.00,0,28
22093,ON,10,0,0.00,-27.00,-30.00,-3.12,146,146,0.00,0,0.00,0.00,0.00,0.25,0.00,0.00,0,28
22210,ON,10,0,0.00,-27.00,-30.00,-3.12,146,146,0.00,0,0.00,0.00,0.00,0.25,0.00,0.00,0,28
22320,ON,10,0,0.00,-27.00,-30.00,-3.12,146,146,0.00,0,0.00,0.00,0.00,0.25,0.00,0.00,0,28
22429,ON,10,0,0.00,-27.00,-30.00,-3.12,146,146,0.00,0,0.00,0.00,0.00,0.25,0.00,0.00,0,28
22538,ON,10,0,0.00,-27.00,-30.00,-3.12,146,146,0.00,0,0.00,0.00,0.00,0.25,0.00,0.00,0,28
22647,ON,10,0,0.00,-27.00,-30.00,-3.12,146,146,0.00,0,0.00,0.00,0.00,0.25,0.00,0.00,0,28
22756,ON,10,0,0.00,-27.00,-30.00,-3.12,146,146,0.00,0,0.00,0.00,0.00,0.25,0.00,0.00,0,28
22868,ON,10,0,0.00,-27.00,-30.00,-3.12,146,146,0.00,0,0.00,0.00,0.00,0.25,0.00,0.00,0,28
22977,ON,10,0,0.00,-27.00,-30.00,-3.12,146,146,0.00,0,0.00,0.00,0.00,0.25,0.00,0.00,0,28
23086,ON,10,0,0.00,-27.00,-30.00,-3.12,146,146,0.00,0,0.00,0.00,0.00,0.25,0.00,0.00,0,28
23196,ON,10,0,0.00,-27.00,-30.00,-3.12,146,146,0.00,0,0.00,0.00,0.00,0.25,0.00,0.00,0,28
23305,ON,10,0,0.00,-27.00,-30.00,-3.12,146,146,0.00,0,0.00,0.00,0.00,0.25,0.00,0.00,0,28
23414,ON,10,0,0.00,-27.00,-30.00,-3.12,146,146,0.00,0,0.00,0.00,0.00,0.25,0.00,0.00,0,28
23526,ON,10,0,0.00,-27.00,-30.00,-3.12,146,146,0.00,0,0.00,0.00,0.00,0.25,0.00,0.00,0,28
23635,ON,10,0,0.00,-27.00,-30.00,-3.12,146,146,0.00,0,0.00,0.00,0.00,0.25,0.00,0.00,0,28
23744,ON,10,0,0.00,-27.00,-30.00,-3.12,146,146,0.00,0,0.00,0.00,0.00,0.25,0.00,0.00,0,28
23854,ON,10,0,0.00,-27.00,-30.00,-3.12,146,146,0.00,0,0.00,0.00,0.00,0.25,0.00,0.00,0,28
23963,ON,10,0,0.00,-27.00,-30.00,-3.12,146,146,0.00,0,0.00,0.00,0.00,0.25,0.00,0.00,0,28
24072,ON,10,0,0.00,-27.00,-30.00,-3.12,146,146,0.00,0,0.00,0.00,0.00,0.25,0.00,0.00,0,28
24184,ON,10,0,0.00,-27.00,-30.00,-3.12,146,146,0.00,0,0.00,0.00,0.00,0.25,0.00,0.00,0,28
24293,ON,10,0,0.00,-27.00,-30.00,-3.12,146,146,0.00,0,0.00,0.00,0.00,0.25,0.00,0.00,0,28
24402,ON,10,0,0.00,-27.00,-30.00,-3.12,146,146,0.00,0,0.00,0.00,0.00,0.25,0.00,0.00,0,28
24511,ON,10,0,0.00,-27.00,-30.00,-3.12,146,146,0.00,0,0.00,0.00,0.00,0.25,0.00,0.00,0,28
24621,ON,10,0,0.00,-27.00,-30.00,-3.12,146,146,0.00,0,0.00,0.00,0.00,0.25,0.00,0.00,0,28
24730,ON,10,0,0.00,-27.00,-30.00,-3.12,146,146,0.00,0,0.00,0.00,0.00,0.25,0.00,0.00,0,28
24842,ON,10,0,0.00,-27.00,-30.00,-3.12,146,146,0.00,0,0.00,0.00,0.00,0.25,0.00,0.00,0,28
24951,ON,10,0,0.00,-27.00,-30.00,-3.12,146,146,0.00,0,0.00,0.00,0.00,0.25,0.00,0.00,0,28
25060,ON,10,0,0.00,-27.00,-30.00,-3.12,146,146,0.00,0,0.00,0.00,0.00,0.25,0.00,0.00,0,28
25169,ON,10,0,0.00,-27.00,-30.00,-3.12,146,146,0.00,0,0.00,0.00,0.00,0.25,0.00,0.00,0,28
25279,ON,10,0,0.00,-27.00,-30.00,-3.12,146,146,0.00,0,0.00,0.00,0.00,0.25,0.00,0.00,0,28
25388,ON,10,0,0.00,-27.00,-30.00,-3.12,146,146,0.00,0,0.00,0.00,0.00,0.25,0.00,0.00,0,28
25500,ON,10,0,0.00,-27.00,-30.00,-3.12,146,146,0.00,0,0.00,0.00,0.00,0.25,0.00,0.00,0,28
25609,ON,10,0,0.00,-27.00,-30.00,-3.12,146,146,0.00,0,0.00,0.00,0.00,0.25,0.00,0.00,0,28
25718,ON,10,0,0.00,-27.00,-30.00,-3.12,146,146,0.00,0,0.00,0.00,0.00,0.25,0.00,0.00,0,28
25827,ON,10,0,0.00,-27.00,-30.00,-3.12,146,146,0.00,0,0.00,0.00,0.00,0.25,0.00,0.00,0,28
25936,ON,10,0,0.00,-27.00,-30.00,-3.12,146,146,0.00,0,0.00,0.00,0.00,0.25,0.00,0.00,0,28
26046,ON,10,0,0.00,-27.00,-30.00,-3.12,146,146,0.00,0,0.00,0.00,0.00,0.25,0.00,0.00,0,28
26157,ON,10,0,0.00,-27.00,-30.00,-3.12,146,146,0.00,0,0.00,0.00,0.00,0.25,0.00,0.00,0,28
26267,ON,10,0,0.00,-27.00,-30.00,-3.12,146,146,0.00,0,0.00,0.00,0.00,0.25,0.00,0.00,0,28
26376,ON,10,0,0.00,-27.00,-30.00,-3.12,146,146,0.00,0,0.00,0.00,0.00,0.25,0.00,0.00,0,28
26485,ON,10,0,0.00,-27.00,-30.00,-3.12,146,146,0.00,0,0.00,0.00,0.00,0.25,0.00,0.00,0,28
26594,ON,10,0,0.00,-27.00,-30.00,-3.12,146,146,0.00,0,0.00,0.00,0.00,0.25,0.00,0.00,0,28
26703,ON,10,0,0.00,-27.00,-30.00,-3.12,146,146,0.00,0,0.00,0.00,0.00,0.25,0.00,0.00,0,28
26815,ON,10,0,0.00,-27.00,-30.00,-3.12,146,146,0.00,0,0.00,0.00,0.00,0.25,0.00,0.00,0,28
26924,ON,10,0,0.00,-27.00,-30.00,-3.12,146,146,0.00,0,0.00,0.00,0.00,0.25,0.00,0.00,0,28
27034,ON,10,0,0.00,-27.00,-30.00,-3.12,146,146,0.00,0,0.00,0.00,0.00,0.25,0.00,0.00,0,28
27143,ON,10,0,0.00,-27.00,-30.00,-3.12,146,146,0.00,0,0.00,0.00,0.00,0.25,0.00,0.00,0,28
27252,ON,10,0,0.00,-27.00,-30.00,-3.12,146,146,0.00,0,0.00,0.00,0.00,0.25,0.00,0.00,0,28
27361,ON,10,0,0.00,-27.00,-30.00,-3.12,146,146,0.00,0,0.00,0.00,0.00,0.25,0.00,0.00,0,28
27473,ON,10,0,0.00,-27.00,-30.00,-3.12,146,146,0.00,0,0.00,0.00,0.00,0.25,0.00,0.00,0,28
27583,ON,10,0,0.00,-27.00,-30.00,-3.12,146,146,0.00,0,0.00,0.00,0.00,0.25,0.00,0.00,0,28
27692,ON,10,0,0.00,-27.00,-30.00,-3.12,146,146,0.00,0,0.00,0.00,0.00,0.25,0.00,0.00,0,28
27801,ON,10,0,0.00,-27.00,-30.00,-3.12,146,146,0.00,0,0.00,0.00,0.00,0.25,0.00,0.00,0,28
27910,ON,10,0,0.00,-27.00,-30.00,-3.12,146,146,0.00,0,0.00,0.00,0.00,0.25,0.00,0.00,0,28
28019,ON,10,0,0.00,-27.00,-30.00,-3.12,146,146,0.00,0,0.00,0.00,0.00,0.25,0.00,0.00,0,28
28131,ON,10,0,0.00,-27.00,-30.00,-3.12,146,146,0.00,0,0.00,0.00,0.00,0.25,0.00,0.00,0,28
28240,ON,10,0,0.00,-27.00,-30.00,-3.12,146,146,0.00,0,0.00,0.00,0.00,0.25,0.00,0.00,0,28
28350,ON,10,0,0.00,-27.00,-30.00,-3.12,146,146,0.00,0,0.00,0.00,0.00,0.25,0.00,0.00,0,28
