2367,OFF,0,0,0.00,-40.00,-40.00,-100.00,0,0,0.00,0,-64.00,0.00,0.00,0.00,-100.00,0.00,0,0
2476,ON,6,0,0.00,-27.00,-40.00,-3.12,146,0,0.00,0,-64.00,0.00,0.00,0.00,-100.00,0.00,0,0
2583,ON,6,0,0.00,-27.00,-30.00,-3.12,146,0,0.00,0,0.00,0.00,0.00,0.25,0.00,0.00,0,0
2692,ON,6,0,0.00,-27.00,-30.00,-3.12,146,146,0.00,0,0.00,0.00,0.00,0.25,0.00,0.00,0,0
2800,ON,6,0,0.00,-27.00,-30.00,-3.12,146,146,0.00,0,0.00,0.00,0.00,0.25,0.00,0.00,0,0
2912,ON,6,0,0.00,-27.00,-30.00,-3.12,146,146,0.00,0,0.00,0.00,0.00,0.25,0.00,0.00,0,0
3020,ON,6,0,0.00,-27.00,-30.00,-3.12,146,146,0.00,0,0.00,0.00,0.00,0.25,0.00,0.00,0,0
3129,ON,6,0,0.00,-27.00,-30.00,-3.12,146,146,0.00,0,0.00,0.00,0.00,0.25,0.00,0.00,0,0
3238,ON,6,0,0.00,-27.00,-30.00,-3.12,146,146,0.00,0,0.00,0.00,0.00,0.25,0.00,0.00,0,0
3346,ON,6,0,0.00,-27.00,-30.00,-3.12,146,146,0.00,0,0.00,0.00,0.00,0.25,0.00,0.00,0,0
3455,ON,6,0,0.00,-27.00,-30.00,-3.12,146,146,0.00,0,0.00,0.00,0.00,0.25,0.00,0.00,0,0
3566,ON,6,0,0.00,-27.00,-30.00,-3.12,146,146,0.00,0,0.00,0.00,0.00,0.25,0.00,0.00,0,0
3675,ON,6,0,0.00,-27.00,-30.00,-3.12,146,146,0.00,0,0.00,0.00,0.00,0.25,0.00,0.00,0,0
3783,ON,6,0,0.00,-27.00,-30.00,-3.12,146,146,0.00,0,0.00,0.00,0.00,0.25,0.00,0.00,0,0
3892,ON,6,0,0.00,-27.00,-30.00,-3.12,146,146,0.00,0,0.00,0.00,0.00,0.25,0.00,0.00,0,0
4000,ON,6,0,0.00,-27.00,-30.00,-3.12,146,146,0.00,0,0.00,0.00,0.00,0.25,0.00,0.00,0,0
4109,ON,6,0,0.00,-27.00,-30.00,-3.12,146,146,0.00,0,0.00,0.00,0.00,0.25,0.00,0.00,0,0
4220,ON,6,0,0.00,-27.00,-30.00,-3.12,146,146,0.00,0,0.00,0.00,0.00,0.25,0.00,0.00,0,0
4329,ON,6,0,0.00,-27.00,-30.00,-3.12,146,146,0.00,0,0.00,0.00,0.00,0.25,0.00,0.00,0,0
4437,ON,6,0,0.00,-27.00,-30.00,-3.12,146,146,0.00,0,0.00,0.00,0.00,0.25,0.00,0.00,0,0
4546,ON,6,0,0.00,-27.00,-30.00,-3.12,146,146,0.00,0,0.00,0.00,0.00,0.25,0.00,0.00,0,0
4655,ON,6,0,0.00,-27.00,-30.00,-3.12,146,146,0.00,0,0.00,0.00,0.00,0.25,0.00,0.00,0,0
4763,ON,6,0,0.00,-27.00,-30.00,-3.12,146,146,0.00,0,0.00,0.00,0.00,0.25,0.00,0.00,0,0
4875,ON,6,0,0.00,-27.00,-30.00,-3.12,146,146,0.00,0,0.00,0.00,0.00,0.25,0.00,0.00,0,0
4984,ON,6,0,0.00,-27.00,-30.00,-3.12,146,146,0.00,0,0.00,0.00,0.00,0.25,0.00,0.00,0,0
5092,ON,6,0,0.00,-27.00,-30.00,-3.12,146,146,0.00,0,0.00,0.00,0.00,0.25,0.00,0.00,0,0
5201,ON,6,0,0.00,-27.00,-30.00,-3.12,146,146,0.00,0,0.00,0.00,0.00,0.25,0.00,0.00,0,0
5309,ON,6,0,0.00,-27.00,-30.00,-3.12,146,146,0.00,0,0.00,0.00,0.00,0.25,0.00,0.00,0,0
5418,ON,6,0,0.00,-27.00,-30.00,-3.12,146,146,0.00,0,0.00,0.00,0.00,0.25,0.00,0.00,0,0
5529,ON,6,0,0.00,-27.00,-30.00,-3.12,146,146,0.00,0,0.00,0.00,0.00,0.25,0.00,0.00,0,0
5638,ON,6,0,0.00,-27.00,-30.00,-3.12,146,146,0.00,0,0.00,0.00,0.00,0.25,0.00,0.00,0,0
5746,ON,6,0,0.00,-27.00,-30.00,-3.12,146,146,0.00,0,0.00,0.00,0.00,0.25,0.00,0.00,0,0
5855,ON,6,0,0.00,-27.00,-30.00,-3.12,146,146,0.00,0,0.00,0.00,0.00,0.25,0.00,0.00,0,0
5964,ON,6,0,0.00,-27.00,-30.00,-3.12,146,146,0.00,0,0.00,0.00,0.00,0.25,0.00,0.00,0,0
6072,ON,6,0,0.00,-27.00,-30.00,-3.12,146,146,0.00,0,0.00,0.00,0.00,0.25,0.00,0.00,0,0
6183,ON,6,0,0.00,-27.00,-30.00,-3.12,146,146,0.00,0,0.00,0.00,0.00,0.25,0.00,0.00,0,0
6292,ON,6,0,0.00,-27.00,-30.00,-3.12,146,146,0.00,0,0.00,0.00,0.00,0.25,0.00,0.00,0,0
6401,ON,6,0,0.00,-27.00,-30.00,-3.12,146,146,0.00,0,0.00,0.00,0.00,0.25,0.00,0.00,0,0
6509,ON,6,0,0.00,-27.00,-30.00,-3.12,146,146,0.00,0,0.00,0.00,0.00,0.25,0.00,0.00,0,0
6618,ON,6,0,0.00,-27.00,-30.00,-3.12,146,146,0.00,0,0.00,0.00,0.00,0.25,0.00,0.00,0,0
6726,ON,6,0,0.00,-27.00,-30.00,-3.12,146,146,0.00,0,0.00,0.00,0.00,0.25,0.00,0.00,0,0
6838,ON,6,0,0.00,-27.00,-30.00,-3.12,146,146,0.00,0,0.00,0.00,0.00,0.25,0.00,0.00,0,0
6946,ON,6,0,0.00,-27.00,-30.00,-3.12,146,146,0.00,0,0.00,0.00,0.00,0.25,0.00,0.00,0,0
7055,ON,6,0,0.00,-27.00,-30.00,-3.12,146,146,0.00,0,0.00,0.00,0.00,0.25,0.00,0.00,0,0
7163,ON,6,0,0.00,-27.00,-30.00,-3.12,146,146,0.00,0,0.00,0.00,0.00,0.25,0.00,0.00,0,0
7272,ON,6,0,0.00,-27.00,-30.00,-3.12,146,146,0.00,0,0.00,0.00,0.00,0.25,0.00,0.00,0,0
7381,ON,6,0,0.00,-27.00,-30.00,-3.12,146,146,0.00,0,0.00,0.00,0.00,0.25,0.00,0.00,0,0
7492,ON,6,0,0.00,-27.00,-30.00,-3.12,146,146,0.00,0,0.00,0.00,0.00,0.25,0.00,0.00,0,0
7601,ON,6,0,0.00,-27.00,-30.00,-3.12,146,146,0.00,0,0.00,0.00,0.00,0.25,0.00,0.00,0,0
7710,ON,6,0,0.00,-27.00,-30.00,-3.12,146,146,0.00,0,0.00,0.00,0.00,0.25,0.00,0.00,0,0
7818,ON,6,0,0.00,-27.00,-30.00,-3.12,146,146,0.00,0,0.00,0.00,0.00,0.25,0.00,0.00,0,0
7927,ON,6,0,0.00,-27.00,-30.00,-3.12,146,146,0.00,0,0.00,0.00,0.00,0.25,0.00,0.00,0,0
8035,ON,6,0,0.00,-27.00,-30.00,-3.12,146,146,0.00,0,0.00,0.00,0.00,0.25,0.00,0.00,0,0
8147,ON,6,0,0.00,-27.00,-30.00,-3.12,146,146,0.00,0,0.00,0.00,0.00,0.25,0.00,0.00,0,0
8255,ON,6,0,0.00,-27.00,-30.00,-3.12,146,146,0.00,0,0.00,0.00,0.00,0.25,0.00,0.00,0,0
8364,ON,6,0,0.00,-27.00,-30.00,-3.12,146,146,0.00,0,0.00,0.00,0.00,0.25,0.00,0.00,0,0
8472,ON,6,0,0.00,-27.00,-30.00,-3.12,146,146,0.00,0,0.00,0.00,0.00,0.25,0.00,0.00,0,0
8581,ON,6,0,0.00,-27.00,-30.00,-3.12,146,146,0.00,0,0.00,0.00,0.00,0.25,0.00,0.00,0,0
8690,ON,6,0,0.00,-27.00,-30.00,-3.12,146,146,0.00,0,0.00,0.00,0.00,0.25,0.00,0.00,0,0
8801,ON,6,0,0.00,-27.00,-30.00,-3.12,146,146,0.00,0,0.00,0.00,0.00,0.25,0.00,0.00,0,0
8910,ON,6,0,0.00,-27.00,-30.00,-3.12,146,146,0.00,0,0.00,0.00,0.00,0.25,0.00,0.00,0,0
9018,ON,6,0,0.00,-27.00,-30.00,-3.12,146,146,0.00,0,0.00,0.00,0.00,0.25,0.00,0.00,0,0
9127,ON,6,0,0.00,-27.00,-30.00,-3.12,146,146,0.00,0,0.00,0.00,0.00,0.25,0.00,0.00,0,0
9235,ON,6,0,0.00,-27.00,-30.00,-3.12,146,146,0.00,0,0.00,0.00,0.00,0.25,0.00,0.00,0,0
9344,ON,6,0,0.00,-27.00,-30.00,-3.12,146,146,0.00,0,0.00,0.00,0.00,0.25,0.00,0.00,0,0
9455,ON,6,0,0.00,-27.00,-30.00,-3.12,146,146,0.00,0,0.00,0.00,0.00,0.25,0.00,0.00,0,0
9564,ON,6,0,0.00,-27.00,-30.00,-3.12,146,146,0.00,0,0.00,0.00,0.00,0.25,0.00,0.00,0,0
9673,ON,6,0,0.00,-27.00,-30.00,-3.12,146,146,0.00,0,0.00,0.00,0.00,0.25,0.00,0.00,0,0
9781,ON,6,0,0.00,-27.00,-30.00,-3.12,146,146,0.00,0,0.00,0.00,0.00,0.25,0.00,0.00,0,0
9890,ON,6,0,0.00,-27.00,-30.00,-3.12,146,146,0.00,0,0.00,0.00,0.00,0.25,0.00,0.00,0,0
9998,ON,6,0,0.00,-27.00,-30.00,-3.12,146,146,0.00,0,0.00,0.00,0.00,0.25,0.00,0.00,0,0
10110,ON,6,0,0.00,-27.00,-30.00,-3.12,146,146,0.00,0,0.00,0.00,0.00,0.25,0.00,0.00,0,0
10218,ON,6,0,0.00,-27.00,-30.00,-3.12,146,146,0.00,0,0.00,0.00,0.00,0.25,0.00,0.00,0,0
10327,ON,6,0,0.00,-27.00,-30.00,-3.12,146,146,0.00,0,0.00,0.00,0.00,0.25,0.00,0.00,0,0
10436,ON,6,0,0.00,-27.00,-30.00,-3.12,146,146,0.00,0,0.00,0.00,0.00,0.25,0.00,0.00,0,0
10544,ON,6,0,0.00,-27.00,-30.00,-3.12,146,146,0.00,0,0.00,0.00,0.00,0.25,0.00,0.00,0,0
10653,ON,6,0,0.00,-27.00,-30.00,-3.12,146,146,0.00,0,0.00,0.00,0.00,0.25,0.00,0.00,0,0
10764,ON,6,0,0.00,-27.00,-30.00,-3.12,146,146,0.00,0,0.00,0.00,0.00,0.25,0.00,0.00,0,0
10873,ON,6,0,0.00,-27.00,-30.00,-3.12,146,146,0.00,0,0.00,0.00,0.00,0.25,0.00,0.00,0,0
10981,ON,6,0,0.00,-27.00,-30.00,-3.12,146,146,0.00,0,0.00,0.00,0.00,0.25,0.00,0.00,0,0
11090,ON,6,0,0.00,-27.00,-30.00,-3.12,146,146,0.00,0,0.00,0.00,0.00,0.25,0.00,0.00,0,0
11198,ON,6,0,0.00,-27.00,-30.00,-3.12,146,146,0.00,0,0.00,0.00,0.00,0.25,0.00,0.00,0,0
11307,ON,6,0,0.00,-27.00,-30.00,-3.12,146,146,0.00,0,0.00,0.00,0.00,0.25,0.00,0.00,0,0
11418,ON,6,0,0.00,-27.00,-30.00,-3.12,146,146,0.00,0,0.00,0.00,0.00,0.25,0.00,0.00,0,0
11527,ON,6,0,0.00,-27.00,-30.00,-3.12,146,146,0.00,0,0.00,0.00,0.00,0.25,0.00,0.00,0,0
11635,ON,6,0,0.00,-27.00,-30.00,-3.12,146,146,0.00,0,0.00,0.00,0.00,0.25,0.00,0.00,0,0
11744,ON,6,0,0.00,-27.00,-30.00,-3.12,146,146,0.00,0,0.00,0.00,0.00,0.25,0.00,0.00,0,0
11853,ON,6,0,0.00,-27.00,-30.00,-3.12,146,146,0.00,0,0.00,0.00,0.00,0.25,0.00,0.00,0,0
11961,ON,6,0,0.00,-27.00,-30.00,-3.12,146,146,0.00,0,0.00,0.00,0.00,0.25,0.00,0.00,0,0
12072,ON,6,0,0.00,-27.00,-30.00,-3.12,146,146,0.00,0,0.00,0.00,0.00,0.25,0.00,0.00,0,0
12181,ON,6,0,0.00,-27.00,-30.00,-3.12,146,146,0.00,0,0.00,0.00,0.00,0.25,0.00,0.00,0,0
12290,ON,6,0,0.00,-27.00,-30.00,-3.12,146,146,0.00,0,0.00,0.00,0.00,0.25,0.00,0.00,0,0
12398,ON,6,0,0.00,-27.00,-30.00,-3.12,146,146,0.00,0,0.00,0.00,0.00,0.25,0.00,0.00,0,0
12507,ON,6,0,0.00,-27.00,-30.00,-3.12,146,146,0.00,0,0.00,0.00,0.00,0.25,0.00,0.00,0,0
12615,ON,6,0,0.00,-27.00,-30.00,-3.12,146,146,0.00,0,0.00,0.00,0.00,0.25,0.00,0.00,0,0
12727,ON,6,0,0.00,-27.00,-30.00,-3.12,146,146,0.00,0,0.00,0.00,0.00,0.25,0.00,0.00,0,0
12835,ON,6,0,0.00,-27.00,-30.00,-3.12,146,146,0.00,0,0.00,0.00,0.00,0.25,0.00,0.00,0,0
12944,ON,6,0,0.00,-27.00,-30.00,-3.12,146,146,0.00,0,0.00,0.00,0.00,0.25,0.00,0.00,0,0
13053,ON,6,0,0.00,-27.00,-30.00,-3.12,146,146,0.00,0,0.00,0.00,0.00,0.25,0.00,0.00,0,0
13161,ON,6,0,0.00,-27.00,-30.00,-3.12,146,146,0.00,0,0.00,0.00,0.00,0.25,0.00,0.00,0,0
13270,ON,6,0,0.00,-27.00,-30.00,-3.12,146,146,0.00,0,0.00,0.00,0.00,0.25,0.00,0.00,0,0
13381,ON,6,0,0.00,-27.00,-30.00,-3.12,146,146,0.00,0,0.00,0.00,0.00,0.25,0.00,0.00,0,0
13490,ON,6,0,0.00,-27.00,-30.00,-3.12,146,146,0.00,0,0.00,0.00,0.00,0.25,0.00,0.00,0,0
13598,ON,6,0,0.00,-27.00,-30.00,-3.12,146,146,0.00,0,0.00,0.00,0.00,0.25,0.00,0.00,0,0
13707,ON,6,0,0.00,-27.00,-30.00,-3.12,146,146,0.00,0,0.00,0.00,0.00,0.25,0.00,0.00,0,0
13815,ON,6,0,0.00,-27.00,-30.00,-3.12,146,146,0.00,0,0.00,0.00,0.00,0.25,0.00,0.00,0,0
13924,ON,6,0,0.00,-27.00,-30.00,-3.12,146,146,0.00,0,0.00,0.00,0.00,0.25,0.00,0.00,0,0
14035,ON,6,0,0.00,-27.00,-30.00,-3.12,146,146,0.00,0,0.00,0.00,0.00,0.25,0.00,0.00,0,0
14144,ON,6,0,0.00,-27.00,-30.00,-3.12,146,146,0.00,0,0.00,0.00,0.00,0.25,0.00,0.00,0,0
14253,ON,6,0,0.00,-27.00,-30.00,-3.12,146,146,0.00,0,0.00,0.00,0.00,0.25,0.00,0.00,0,0
14361,ON,6,0,0.00,-27.00,-30.00,-3.12,146,146,0.00,0,0.00,0.00,0.00,0.25,0.00,0.00,0,0
14470,ON,6,0,0.00,-27.00,-30.00,-3.12,146,146,0.00,0,0.00,0.00,0.00,0.25,0.00,0.00,0,0
14578,ON,6,0,0.00,-27.00,-30.00,-3.12,146,146,0.00,0,0.00,0.00,0.00,0.25,0.00,0.00,0,0
14690,ON,6,0,0.00,-27.00,-30.00,-3.12,146,146,0.00,0,0.00,0.00,0.00,0.25,0.00,0.00,0,0
14798,ON,6,0,0.00,-27.00,-30.00,-3.12,146,146,0.00,0,0.00,0.00,0.00,0.25,0.00,0.00,0,0
14907,ON,6,0,0.00,-27.00,-30.00,-3.12,146,146,0.00,0,0.00,0.00,0.00,0.25,0.00,0.00,0,0
15015,ON,6,0,0.00,-27.00,-30.00,-3.12,146,146,0.00,0,0.00,0.00,0.00,0.25,0.00,0.00,0,0
15124,ON,6,0,0.00,-27.00,-30.00,-3.12,146,146,0.00,0,0.00,0.00,0.00,0.25,0.00,0.00,0,0
15233,ON,6,0,0.00,-27.00,-30.00,-3.12,146,146,0.00,0,0.00,0.00,0.00,0.25,0.00,0.00,0,0
15344,ON,6,0,0.00,-27.00,-30.00,-3.12,146,146,0.00,0,0.00,0.00,0.00,0.25,0.00,0.00,0,0
15453,ON,6,0,0.00,-27.00,-30.00,-3.12,146,146,0.00,0,0.00,0.00,0.00,0.25,0.00,0.00,0,0
15561,ON,6,0,0.00,-27.00,-30.00,-3.12,146,146,0.00,0,0.00,0.00,0.00,0.25,0.00,0.00,0,0
15670,ON,6,0,0.00,-27.00,-30.00,-3.12,146,146,0.00,0,0.00,0.00,0.00,0.25,0.00,0.00,0,0
15779,ON,6,0,0.00,-27.00,-30.00,-3.12,146,146,0.00,0,0.00,0.00,0.00,0.25,0.00,0.00,0,0
15887,ON,6,0,0.00,-27.00,-30.00,-3.12,146,146,0.00,0,0.00,0.00,0.00,0.25,0.00,0.00,0,0
15998,ON,6,0,0.00,-27.00,-30.00,-3.12,146,146,0.00,0,0.00,0.00,0.00,0.25,0.00,0.00,0,0
16107,ON,6,0,0.00,-27.00,-30.00,-3.12,146,146,0.00,0,0.00,0.00,0.00,0.25,0.00,0.00,0,0
16216,ON,6,0,0.00,-27.00,-30.00,-3.12,146,146,0.00,0,0.00,0.00,0.00,0.25,0.00,0.00,0,0
16324,ON,6,0,0.00,-27.00,-30.00,-3.12,146,146,0.00,0,0.00,0.00,0.00,0.25,0.00,0.00,0,0
16433,ON,6,0,0.00,-27.00,-30.00,-3.12,146,146,0.00,0,0.00,0.00,0.00,0.25,0.00,0.00,0,0
16541,ON,6,0,0.00,-27.00,-30.00,-3.12,146,146,0.00,0,0.00,0.00,0.00,0.25,0.00,0.00,0,0
16653,ON,6,0,0.00,-27.00,-30.00,-3.12,146,146,0.00,0,0.00,0.00,0.00,0.25,0.00,0.00,0,0
16761,ON,6,0,0.00,-27.00,-30.00,-3.12,146,146,0.00,0,0.00,0.00,0.00,0.25,0.00,0.00,0,0
16870,ON,6,0,0.00,-27.00,-30.00,-3.12,146,146,0.00,0,0.00,0.00,0.00,0.25,0.00,0.00,0,0
16979,ON,6,0,0.00,-27.00,-30.00,-3.12,146,146,0.00,0,0.00,0.00,0.00,0.25,0.00,0.00,0,0
17087,ON,6,0,0.00,-27.00,-30.00,-3.12,146,146,0.00,0,0.00,0.00,0.00,0.25,0.00,0.00,0,0
17196,ON,6,0,0.00,-27.00,-30.00,-3.12,146,146,0.00,0,0.00,0.00,0.00,0.25,0.00,0.00,0,0
17307,ON,6,0,0.00,-27.00,-30.00,-3.12,146,146,0.00,0,0.00,0.00,0.00,0.25,0.00,0.00,0,0
17416,ON,6,0,0.00,-27.00,-30.00,-3.12,146,146,0.00,0,0.00,0.00,0.00,0.25,0.00,0.00,0,0
17524,ON,6,0,0.00,-27.00,-30.00,-3.12,146,146,0.00,0,0.00,0.00,0.00,0.25,0.00,0.00,0,0
17633,ON,6,0,0.00,-27.00,-30.00,-3.12,146,146,0.00,0,0.00,0.00,0.00,0.25,0.00,0.00,0,0
17741,ON,6,0,0.00,-27.00,-30.00,-3.12,146,146,0.00,0,0.00,0.00,0.00,0.25,0.00,0.00,0,0
17850,ON,6,0,0.00,-27.00,-30.00,-3.12,146,146,0.00,0,0.00,0.00,0.00,0.25,0.00,0.00,0,0
17962,ON,6,0,0.00,-27.00,-30.00,-3.12,146,146,0.00,0,0.00,0.00,0.00,0.25,0.00,0.00,0,0
18070,ON,6,0,0.00,-27.00,-30.00,-3.12,146,146,0.00,0,0.00,0.00,0.00,0.25,0.00,0.00,0,0
18179,ON,6,0,0.00,-27.00,-30.00,-3.12,146,146,0.00,0,0.00,0.00,0.00,0.25,0.00,0.00,0,0
18287,ON,6,0,0.00,-27.00,-30.00,-3.12,146,146,0.00,0,0.00,0.00,0.00,0.25,0.00,0.00,0,0
18396,ON,6,0,0.00,-27.00,-30.00,-3.12,146,146,0.00,0,0.00,0.00,0.00,0.25,0.00,0.00,0,0
18505,ON,6,0,0.00,-27.00,-30.00,-3.12,146,146,0.00,0,0.00,0.00,0.00,0.25,0.00,0.00,0,0
18616,ON,6,0,0.00,-27.00,-30.00,-3.12,146,146,0.00,0,0.00,0.00,0.00,0.25,0.00,0.00,0,0
18724,ON,6,0,0.00,-27.00,-30.00,-3.12,146,146,0.00,0,0.00,0.00,0.00,0.25,0.00,0.00,0,0
18833,ON,6,0,0.00,-27.00,-30.00,-3.12,146,146,0.00,0,0.00,0.00,0.00,0.25,0.00,0.00,0,0
18942,ON,6,0,0.00,-27.00,-30.00,-3.12,146,146,0.00,0,0.00,0.00,0.00,0.25,0.00,0.00,0,0
19050,ON,6,0,0.00,-27.00,-30.00,-3.12,146,146,0.00,0,0.00,0.00,0.00,0.25,0.00,0.00,0,0
19159,ON,6,0,0.00,-27.00,-30.00,-3.12,146,146,0.00,0,0.00,0.00,0.00,0.25,0.00,0.00,0,0
19270,ON,6,0,0.00,-27.00,-30.00,-3.12,146,146,0.00,0,0.00,0.00,0.00,0.25,0.00,0.00,0,0
19379,ON,6,0,0.00,-27.00,-30.00,-3.12,146,146,0.00,0,0.00,0.00,0.00,0.25,0.00,0.00,0,0
19487,ON,6,0,0.00,-27.00,-30.00,-3.12,146,146,0.00,0,0.00,0.00,0.00,0.25,0.00,0.00,0,0
19596,ON,6,0,0.00,-27.00,-30.00,-3.12,146,146,0.00,0,0.00,0.00,0.00,0.25,0.00,0.00,0,0
19704,ON,6,0,0.00,-27.00,-30.00,-3.12,146,146,0.00,0,0.00,0.00,0.00,0.25,0.00,0.00,0,0
19813,ON,6,0,0.00,-27.00,-30.00,-3.12,146,146,0.00,0,0.00,0.00,0.00,0.25,0.00,0.00,0,0
19924,ON,6,0,0.00,-27.00,-30.00,-3.12,146,146,0.00,0,0.00,0.00,0.00,0.25,0.00,0.00,0,0
20033,ON,6,0,0.00,-27.00,-30.00,-3.12,146,146,0.00,0,0.00,0.00,0.00,0.25,0.00,0.00,0,0
20141,ON,6,0,0.00,-27.00,-30.00,-3.12,146,146,0.00,0,0.00,0.00,0.00,0.25,0.00,0.00,0,0
20250,ON,6,0,0.00,-27.00,-30.00,-3.12,146,146,0.00,0,0.00,0.00,0.00,0.25,0.00,0.00,0,0
20359,ON,6,0,0.00,-27.00,-30.00,-3.12,146,146,0.00,0,0.00,0.00,0.00,0.25,0.00,0.00,0,0
20467,ON,6,0,0.00,-27.00,-30.00,-3.12,146,146,0.00,0,0.00,0.00,0.00,0.25,0.00,0.00,0,0
20579,ON,6,0,0.00,-27.00,-30.00,-3.12,146,146,0.00,0,0.00,0.00,0.00,0.25,0.00,0.00,0,0
20687,ON,6,0,0.00,-27.00,-30.00,-3.12,146,146,0.00,0,0.00,0.00,0.00,0.25,0.00,0.00,0,0
20796,ON,6,0,0.00,-27.00,-30.00,-3.12,146,146,0.00,0,0.00,0.00,0.00,0.25,0.00,0.00,0,0
20905,ON,6,0,0.00,-27.00,-30.00,-3.12,146,146,0.00,0,0.00,0.00,0.00,0.25,0.00,0.00,0,0
21013,ON,6,0,0.00,-27.00,-30.00,-3.12,146,146,0.00,0,0.00,0.00,0.00,0.25,0.00,0.00,0,0
21122,ON,6,0,0.00,-27.00,-30.00,-3.12,146,146,0.00,0,0.00,0.00,0.00,0.25,0.00,0.00,0,0
21233,ON,6,0,0.00,-27.00,-30.00,-3.12,146,146,0.00,0,0.00,0.00,0.00,0.25,0.00,0.00,0,0
21342,ON,6,0,0.00,-27.00,-30.00,-3.12,146,146,0.00,0,0.00,0.00,0.00,0.25,0.00,0.00,0,0
21451,ON,6,0,0.00,-27.00,-30.00,-3.12,146,146,0.00,0,0.00,0.00,0.00,0.25,0.00,0.00,0,0
21560,ON,6,0,0.00,-27.00,-30.00,-3.12,146,146,0.00,0,0.00,0.00,0.00,0.25,0.00,0.00,0,0
21669,ON,6,0,0.00,-27.00,-30.00,-3.12,146,146,0.00,0,0.00,0.00,0.00,0.25,0.00,0.00,0,0
21777,ON,6,0,0.00,-27.00,-30.00,-3.12,146,146,0.00,0,0.00,0.00,0.00,0.25,0.00,0.00,0,0
21889,ON,6,0,0.00,-27.00,-30.00,-3.12,146,146,0.00,0,0.00,0.00,0.00,0.25,0.00,0.00,0,0
21998,ON,6,0,0.00,-27.00,-30.00,-3.12,146,146,0.00,0,0.00,0.00,0.00,0.25,0.00,0.00,0,0
22106,ON,6,0,0.00,-27.00,-30.00,-3.12,146,146,0.00,0,0.00,0.00,0.00,0.25,0.00,0.00,0,0
22215,ON,6,0,0.00,-27.00,-30.00,-3.12,146,146,0.00,0,0.00,0.00,0.00,0.25,0.00,0.00,0,0
22323,ON,6,0,0.00,-27.00,-30.00,-3.12,146,146,0.00,0,0.00,0.00,0.00,0.25,0.00,0.00,0,0
22432,ON,6,0,0.00,-27.00,-30.00,-3.12,146,146,0.00,0,0.00,0.00,0.00,0.25,0.00,0.00,0,0
22543,ON,6,0,0.00,-27.00,-30.00,-3.12,146,146,0.00,0,0.00,0.00,0.00,0.25,0.00,0.00,0,0
22652,ON,6,0,0.00,-27.00,-30.00,-3.12,146,146,0.00,0,0.00,0.00,0.00,0.25,0.00,0.00,0,0
22761,ON,6,0,0.00,-27.00,-30.00,-3.12,146,146,0.00,0,0.00,0.00,0.00,0.25,0.00,0.00,0,0
22869,ON,6,0,0.00,-27.00,-30.00,-3.12,146,146,0.00,0,0.00,0.00,0.00,0.25,0.00,0.00,0,0
22978,ON,6,0,0.00,-27.00,-30.00,-3.12,146,146,0.00,0,0.00,0.00,0.00,0.25,0.00,0.00,0,0
23086,ON,6,0,0.00,-27.00,-30.00,-3.12,146,146,0.00,0,0.00,0.00,0.00,0.25,0.00,0.00,0,0
23198,ON,6,0,0.00,-27.00,-30.00,-3.12,146,146,0.00,0,0.00,0.00,0.00,0.25,0.00,0.00,0,0
23306,ON,6,0,0.00,-27.00,-30.00,-3.12,146,146,0.00,0,0.00,0.00,0.00,0.25,0.00,0.00,0,0
23415,ON,6,0,0.00,-27.00,-30.00,-3.12,146,146,0.00,0,0.00,0.00,0.00,0.25,0.00,0.00,0,0
23524,ON,6,0,0.00,-27.00,-30.00,-3.12,146,146,0.00,0,0.00,0.00,0.00,0.25,0.00,0.00,0,0
23632,ON,6,0,0.00,-27.00,-30.00,-3.12,146,146,0.00,0,0.00,0.00,0.00,0.25,0.00,0.00,0,0
23741,ON,6,0,0.00,-27.00,-30.00,-3.12,146,146,0.00,0,0.00,0.00,0.00,0.25,0.00,0.00,0,0
23852,ON,6,0,0.00,-27.00,-30.00,-3.12,146,146,0.00,0,0.00,0.00,0.00,0.25,0.00,0.00,0,0
23961,ON,6,0,0.00,-27.00,-30.00,-3.12,146,146,0.00,0,0.00,0.00,0.00,0.25,0.00,0.00,0,0
24070,ON,6,0,0.00,-27.00,-30.00,-3.12,146,146,0.00,0,0.00,0.00,0.00,0.25,0.00,0.00,0,0
24178,ON,6,0,0.00,-27.00,-30.00,-3.12,146,146,0.00,0,0.00,0.00,0.00,0.25,0.00,0.00,0,0
24287,ON,6,0,0.00,-27.00,-30.00,-3.12,146,146,0.00,0,0.00,0.00,0.00,0.25,0.00,0.00,0,0
24395,ON,6,0,0.00,-27.00,-30.00,-3.12,146,146,0.00,0,0.00,0.00,0.00,0.25,0.00,0.00,0,0
24507,ON,6,0,0.00,-27.00,-30.00,-3.12,146,146,0.00,0,0.00,0.00,0.00,0.25,0.00,0.00,0,0
24615,ON,6,0,0.00,-27.00,-30.00,-3.12,146,146,0.00,0,0.00,0.00,0.00,0.25,0.00,0.00,0,0
24724,ON,6,0,0.00,-27.00,-30.00,-3.12,146,146,0.00,0,0.00,0.00,0.00,0.25,0.00,0.00,0,0
24833,ON,6,0,0.00,-27.00,-30.00,-3.12,146,146,0.00,0,0.00,0.00,0.00,0.25,0.00,0.00,0,0
24941,ON,6,0,0.00,-27.00,-30.00,-3.12,146,146,0.00,0,0.00,0.00,0.00,0.25,0.00,0.00,0,0
25050,ON,6,0,0.00,-27.00,-30.00,-3.12,146,146,0.00,0,0.00,0.00,0.00,0.25,0.00,0.00,0,0
25161,ON,6,0,0.00,-27.00,-30.00,-3.12,146,146,0.00,0,0.00,0.00,0.00,0.25,0.00,0.00,0,0
25270,ON,6,0,0.00,-27.00,-30.00,-3.12,146,146,0.00,0,0.00,0.00,0.00,0.25,0.00,0.00,0,0
25378,ON,6,0,0.00,-27.00,-30.00,-3.12,146,146,0.00,0,0.00,0.00,0.00,0.25,0.00,0.00,0,0
25487,ON,6,0,0.00,-27.00,-30.00,-3.12,146,146,0.00,0,0.00,0.00,0.00,0.25,0.00,0.00,0,0
25596,ON,6,0,0.00,-27.00,-30.00,-3.12,146,146,0.00,0,0.00,0.00,0.00,0.25,0.00,0.00,0,0
25704,ON,6,0,0.00,-27.00,-30.00,-3.12,146,146,0.00,0,0.00,0.00,0.00,0.25,0.00,0.00,0,0
25816,ON,6,0,0.00,-27.00,-30.00,-3.12,146,146,0.00,0,0.00,0.00,0.00,0.25,0.00,0.00,0,0
25924,ON,6,0,0.00,-27.00,-30.00,-3.12,146,146,0.00,0,0.00,0.00,0.00,0.25,0.00,0.00,0,0
26033,ON,6,0,0.00,-27.00,-30.00,-3.12,146,146,0.00,0,0.00,0.00,0.00,0.25,0.00,0.00,0,0
26142,ON,6,0,0.00,-27.00,-30.00,-3.12,146,146,0.00,0,0.00,0.00,0.00,0.25,0.00,0.00,0,0
26250,ON,6,0,0.00,-27.00,-30.00,-3.12,146,146,0.00,0,0.00,0.00,0.00,0.25,0.00,0.00,0,0
26359,ON,6,0,0.00,-27.00,-30.00,-3.12,146,146,0.00,0,0.00,0.00,0.00,0.25,0.00,0.00,0,0
26470,ON,6,0,0.00,-27.00,-30.00,-3.12,146,146,0.00,0,0.00,0.00,0.00,0.25,0.00,0.00,0,0
26579,ON,6,0,0.00,-27.00,-30.00,-3.12,146,146,0.00,0,0.00,0.00,0.00,0.25,0.00,0.00,0,0
26687,ON,6,0,0.00,-27.00,-30.00,-3.12,146,146,0.00,0,0.00,0.00,0.00,0.25,0.00,0.00,0,0
26796,ON,6,0,0.00,-27.00,-30.00,-3.12,146,146,0.00,0,0.00,0.00,0.00,0.25,0.00,0.00,0,0
26905,ON,6,0,0.00,-27.00,-30.00,-3.12,146,146,0.00,0,0.00,0.00,0.00,0.25,0.00,0.00,0,0
27013,ON,6,0,0.00,-27.00,-30.00,-3.12,146,146,0.00,0,0.00,0.00,0.00,0.25,0.00,0.00,0,0
27125,ON,6,0,0.00,-27.00,-30.00,-3.12,146,146,0.00,0,0.00,0.00,0.00,0.25,0.00,0.00,0,0
27233,ON,6,0,0.00,-27.00,-30.00,-3.12,146,146,0.00,0,0.00,0.00,0.00,0.25,0.00,0.00,0,0
27342,ON,6,0,0.00,-27.00,-30.00,-3.12,146,146,0.00,0,0.00,0.00,0.00,0.25,0.00,0.00,0,0
27450,ON,6,0,0.00,-27.00,-30.00,-3.12,146,146,0.00,0,0.00,0.00,0.00,0.25,0.00,0.00,0,0
27559,ON,6,0,0.00,-27.00,-30.00,-3.12,146,146,0.00,0,0.00,0.00,0.00,0.25,0.00,0.00,0,0
27668,ON,6,0,0.00,-27.00,-30.00,-3.12,146,146,0.00,0,0.00,0.00,0.00,0.25,0.00,0.00,0,0
27779,ON,6,0,0.00,-27.00,-30.00,-3.12,146,146,0.00,0,0.00,0.00,0.00,0.25,0.00,0.00,0,0
27888,ON,6,0,0.00,-27.00,-30.00,-3.12,146,146,0.00,0,0.00,0.00,0.00,0.25,0.00,0.00,0,0
27996,ON,6,0,0.00,-27.00,-30.00,-3.12,146,146,0.00,0,0.00,0.00,0.00,0.25,0.00,0.00,0,0
28105,ON,6,0,0.00,-27.00,-30.00,-3.12,146,146,0.00,0,0.00,0.00,0.00,0.25,0.00,0.00,0,0
28213,ON,6,0,0.00,-27.00,-30.00,-3.12,146,146,0.00,0,0.00,0.00,0.00,0.25,0.00,0.00,0,0
28322,ON,6,0,0.00,-27.00,-30.00,-3.12,146,146,0.00,0,0.00,0.00,0.00,0.25,0.00,0.00,0,0
28434,ON,6,0,0.00,-27.00,-30.00,-3.12,146,146,0.00,0,0.00,0.00,0.00,0.25,0.00,0.00,0,0
28542,ON,6,0,0.00,-27.00,-30.00,-3.12,146,146,0.00,0,0.00,0.00,0.00,0.25,0.00,0.00,0,0
28651,ON,6,0,0.00,-27.00,-30.00,-3.12,146,146,0.00,0,0.00,0.00,0.00,0.25,0.00,0.00,0,0
28760,ON,6,0,0.00,-27.00,-30.00,-3.12,146,146,0.00,0,0.00,0.00,0.00,0.25,0.00,0.00,0,0
28868,ON,6,0,0.00,-27.00,-30.00,-3.12,146,146,0.00,0,0.00,0.00,0.00,0.25,0.00,0.00,0,0
28977,ON,6,0,0.00,-27.00,-30.00,-3.12,146,146,0.00,0,0.00,0.00,0.00,0.25,0.00,0.00,0,0
29088,ON,6,0,0.00,-27.00,-30.00,-3.12,146,146,0.00,0,0.00,0.00,0.00,0.25,0.00,0.00,0,0
29197,ON,6,0,0.00,-27.00,-30.00,-3.12,146,146,0.00,0,0.00,0.00,0.00,0.25,0.00,0.00,0,0
29305,ON,6,0,0.00,-27.00,-30.00,-3.12,146,146,0.00,0,0.00,0.00,0.00,0.25,0.00,0.00,0,0
29414,ON,6,0,0.00,-27.00,-30.00,-3.12,146,146,0.00,0,0.00,0.00,0.00,0.25,0.00,0.00,0,0
29523,ON,6,0,0.00,-27.00,-30.00,-3.12,146,146,0.00,0,0.00,0.00,0.00,0.25,0.00,0.00,0,0
29631,ON,6,0,0.00,-27.00,-30.00,-3.12,146,146,0.00,0,0.00,0.00,0.00,0.25,0.00,0.00,0,0
29743,ON,6,0,0.00,-27.00,-30.00,-3.12,146,146,0.00,0,0.00,0.00,0.00,0.25,0.00,0.00,0,0
29851,ON,6,0,0.00,-27.00,-30.00,-3.12,146,146,0.00,0,0.00,0.00,0.00,0.25,0.00,0.00,0,0
29960,ON,6,0,0.00,-27.00,-30.00,-3.12,146,146,0.00,0,0.00,0.00,0.00,0.25,0.00,0.00,0,0
30068,ON,6,0,0.00,-27.00,-30.00,-3.12,146,146,0.00,0,0.00,0.00,0.00,0.25,0.00,0.00,0,0
30177,ON,6,0,0.00,-27.00,-30.00,-3.12,146,146,0.00,0,0.00,0.00,0.00,0.25,0.00,0.00,0,0
30285,ON,6,0,0.00,-27.00,-30.00,-3.12,146,146,0.00,0,0.00,0.00,0.00,0.25,0.00,0.00,0,0
30397,ON,6,0,0.00,-27.00,-30.00,-3.12,146,146,0.00,0,0.00,0.00,0.00,0.25,0.00,0.00,0,0
30506,ON,6,0,0.00,-27.00,-30.00,-3.12,146,146,0.00,0,0.00,0.00,0.00,0.25,0.00,0.00,0,0
30614,ON,6,0,0.00,-27.00,-30.00,-3.12,146,146,0.00,0,0.00,0.00,0.00,0.25,0.00,0.00,0,0
30723,ON,6,0,0.00,-27.00,-30.00,-3.12,146,146,0.00,0,0.00,0.00,0.00,0.25,0.00,0.00,0,0
30831,ON,6,0,0.00,-27.00,-30.00,-3.12,146,146,0.00,0,0.00,0.00,0.00,0.25,0.00,0.00,0,0
30940,ON,6,0,0.00,-27.00,-30.00,-3.12,146,146,0.00,0,0.00,0.00,0.00,0.25,0.00,0.00,0,0
31052,ON,6,0,0.00,-27.00,-30.00,-3.12,146,146,0.00,0,0.00,0.00,0.00,0.25,0.00,0.00,0,0
31160,ON,6,0,0.00,-27.00,-30.00,-3.12,146,146,0.00,0,0.00,0.00,0.00,0.25,0.00,0.00,0,0
31269,ON,6,0,0.00,-27.00,-30.00,-3.12,146,146,0.00,0,0.00,0.00,0.00,0.25,0.00,0.00,0,0
31377,ON,6,0,0.00,-27.00,-30.00,-3.12,146,146,0.00,0,0.00,0.00,0.00,0.25,0.00,0.00,0,0
31486,ON,6,0,0.00,-27.00,-30.00,-3.12,146,146,0.00,0,0.00,0.00,0.00,0.25,0.00,0.00,0,0
31594,ON,6,0,0.00,-27.00,-30.00,-3.12,146,146,0.00,0,0.00,0.00,0.00,0.25,0.00,0.00,0,0
31706,ON,6,0,0.00,-27.00,-30.00,-3.12,146,146,0.00,0,0.00,0.00,0.00,0.25,0.00,0.00,0,0
31814,ON,6,0,0.00,-27.00,-30.00,-3.12,146,146,0.00,0,0.00,0.00,0.00,0.25,0.00,0.00,0,0
31923,ON,6,0,0.00,-27.00,-30.00,-3.12,146,146,0.00,0,0.00,0.00,0.00,0.25,0.00,0.00,0,0
32032,ON,6,0,0.00,-27.00,-30.00,-3.12,146,146,0.00,0,0.00,0.00,0.00,0.25,0.00,0.00,0,0
32140,ON,6,0,0.00,-27.00,-30.00,-3.12,146,146,0.00,0,0.00,0.00,0.00,0.25,0.00,0.00,0,0
32249,ON,6,0,0.00,-27.00,-30.00,-3.12,146,146,0.00,0,0.00,0.00,0.00,0.25,0.00,0.00,0,0
32360,ON,6,0,0.00,-27.00,-30.00,-3.12,146,146,0.00,0,0.00,0.00,0.00,0.25,0.00,0.00,0,0
32469,ON,6,0,0.00,-27.00,-30.00,-3.12,146,146,0.00,0,0.00,0.00,0.00,0.25,0.00,0.00,0,0
32577,ON,6,0,0.00,-27.00,-30.00,-3.12,146,146,0.00,0,0.00,0.00,0.00,0.25,0.00,0.00,0,0
32686,ON,6,0,0.00,-27.00,-30.00,-3.12,146,146,0.00,0,0.00,0.00,0.00,0.25,0.00,0.00,0,0
32795,ON,6,0,0.00,-27.00,-30.00,-3.12,146,146,0.00,0,0.00,0.00,0.00,0.25,0.00,0.00,0,0
32903,ON,6,0,0.00,-27.00,-30.00,-3.12,146,146,0.00,0,0.00,0.00,0.00,0.25,0.00,0.00,0,0
33014,ON,6,0,0.00,-27.00,-30.00,-3.12,146,146,0.00,0,0.00,0.00,0.00,0.25,0.00,0.00,0,0
33123,ON,6,0,0.00,-27.00,-30.00,-3.12,146,146,0.00,0,0.00,0.00,0.00,0.25,0.00,0.00,0,0
33231,ON,6,0,0.00,-27.00,-30.00,-3.12,146,146,0.00,0,0.00,0.00,0.00,0.25,0.00,0.00,0,0
33340,ON,6,0,0.00,-27.00,-30.00,-3.12,146,146,0.00,0,0.00,0.00,0.00,0.25,0.00,0.00,0,0
33448,ON,6,0,0.00,-27.00,-30.00,-3.12,146,146,0.00,0,0.00,0.00,0.00,0.25,0.00,0.00,0,0
33557,ON,6,0,0.00,-27.00,-30.00,-3.12,146,146,0.00,0,0.00,0.00,0.00,0.25,0.00,0.00,0,0
33669,ON,6,0,0.00,-27.00,-30.00,-3.12,146,146,0.00,0,0.00,0.00,0.00,0.25,0.00,0.00,0,0
33778,ON,6,0,0.00,-27.00,-30.00,-3.12,146,146,0.00,0,0.00,0.00,0.00,0.25,0.00,0.00,0,0
33886,ON,6,0,0.00,-27.00,-30.00,-3.12,146,146,0.00,0,0.00,0.00,0.00,0.25,0.00,0.00,0,0
33995,ON,6,0,0.00,-27.00,-30.00,-3.12,146,146,0.00,0,0.00,0.00,0.00,0.25,0.00,0.00,0,0
34103,ON,6,0,0.00,-27.00,-30.00,-3.12,146,146,0.00,0,0.00,0.00,0.00,0.25,0.00,0.00,0,0
34212,ON,6,0,0.00,-27.00,-30.00,-3.12,146,146,0.00,0,0.00,0.00,0.00,0.25,0.00,0.00,0,0
34323,ON,6,0,0.00,-27.00,-30.00,-3.12,146,146,0.00,0,0.00,0.00,0.00,0.25,0.00,0.00,0,0
34432,ON,6,0,0.00,-27.00,-30.00,-3.12,146,146,0.00,0,0.00,0.00,0.00,0.25,0.00,0.00,0,0
34540,ON,6,0,0.00,-27.00,-30.00,-3.12,146,146,0.00,0,0.00,0.00,0.00,0.25,0.00,0.00,0,0
34649,ON,6,0,0.00,-27.00,-30.00,-3.12,146,146,0.00,0,0.00,0.00,0.00,0.25,0.00,0.00,0,0
34758,ON,6,0,0.00,-27.00,-30.00,-3.12,146,146,0.00,0,0.00,0.00,0.00,0.25,0.00,0.00,0,0
34866,ON,6,0,0.00,-27.00,-30.00,-3.12,146,146,0.00,0,0.00,0.00,0.00,0.25,0.00,0.00,0,0
34978,ON,6,0,0.00,-27.00,-30.00,-3.12,146,146,0.00,0,0.00,0.00,0.00,0.25,0.00,0.00,0,0
35086,ON,6,0,0.00,-27.00,-30.00,-3.12,146,146,0.00,0,0.00,0.00,0.00,0.25,0.00,0.00,0,0
35195,ON,6,0,0.00,-27.00,-30.00,-3.12,146,146,0.00,0,0.00,0.00,0.00,0.25,0.00,0.00,0,0
35304,ON,6,0,0.00,-27.00,-30.00,-3.12,146,146,0.00,0,0.00,0.00,0.00,0.25,0.00,0.00,0,0
35412,ON,6,0,0.00,-27.00,-30.00,-3.12,146,146,0.00,0,0.00,0.00,0.00,0.25,0.00,0.00,0,0
35521,ON,6,0,0.00,-27.00,-30.00,-3.12,146,146,0.00,0,0.00,0.00,0.00,0.25,0.00,0.00,0,0
35632,ON,6,0,0.00,-27.00,-30.00,-3.12,146,146,0.00,0,0.00,0.00,0.00,0.25,0.00,0.00,0,0
35741,ON,6,0,0.00,-27.00,-30.00,-3.12,146,146,0.00,0,0.00,0.00,0.00,0.25,0.00,0.00,0,0
35854,ON,6,0,0.00,-27.00,-30.00,-3.12,146,146,0.00,0,0.00,0.00,0.00,0.25,0.00,0.00,0,0
35963,ON,6,0,0.00,-27.00,-30.00,-3.12,146,146,0.00,0,0.00,0.00,0.00,0.25,0.00,0.00,0,0
36071,ON,6,0,0.00,-27.00,-30.00,-3.12,146,146,0.00,0,0.00,0.00,0.00,0.25,0.00,0.00,0,0
36180,ON,6,0,0.00,-27.00,-30.00,-3.12,146,146,0.00,0,0.00,0.00,0.00,0.25,0.00,0.00,0,0
36292,ON,6,0,0.00,-27.00,-30.00,-3.12,146,146,0.00,0,0.00,0.00,0.00,0.25,0.00,0.00,0,0
36400,ON,6,0,0.00,-27.00,-30.00,-3.12,146,146,0.00,0,0.00,0.00,0.00,0.25,0.00,0.00,0,0
36509,ON,6,0,0.00,-27.00,-30.00,-3.12,146,146,0.00,0,0.00,0.00,0.00,0.25,0.00,0.00,0,0
36617,ON,6,0,0.00,-27.00,-30.00,-3.12,146,146,0.00,0,0.00,0.00,0.00,0.25,0.00,0.00,0,0
36726,ON,6,0,0.00,-27.00,-30.00,-3.12,146,146,0.00,0,0.00,0.00,0.00,0.25,0.00,0.00,0,0
36834,ON,6,0,0.00,-27.00,-30.00,-3.12,146,146,0.00,0,0.00,0.00,0.00,0.25,0.00,0.00,0,0
36946,ON,6,0,0.00,-27.00,-30.00,-3.12,146,146,0.00,0,0.00,0.00,0.00,0.25,0.00,0.00,0,0
37054,ON,6,0,0.00,-27.00,-30.00,-3.12,146,146,0.00,0,0.00,0.00,0.00,0.25,0.00,0.00,0,0
37163,ON,6,0,0.00,-27.00,-30.00,-3.12,146,146,0.00,0,0.00,0.00,0.00,0.25,0.00,0.00,0,0
37272,ON,6,0,0.00,-27.00,-30.00,-3.12,146,146,0.00,0,0.00,0.00,0.00,0.25,0.00,0.00,0,0
37380,ON,6,0,0.00,-27.00,-30.00,-3.12,146,146,0.00,0,0.00,0.00,0.00,0.25,0.00,0.00,0,0
37489,ON,6,0,0.00,-27.00,-30.00,-3.12,146,146,0.00,0,0.00,0.00,0.00,0.25,0.00,0.00,0,0
37600,ON,6,0,0.00,-27.00,-30.00,-3.12,146,146,0.00,0,0.00,0.00,0.00,0.25,0.00,0.00,0,0
37709,ON,6,0,0.00,-27.00,-30.00,-3.12,146,146,0.00,0,0.00,0.00,0.00,0.25,0.00,0.00,0,0
37817,ON,6,0,0.00,-27.00,-30.00,-3.12,146,146,0.00,0,0.00,0.00,0.00,0.25,0.00,0.00,0,0
37926,ON,6,0,0.00,-27.00,-30.00,-3.12,146,146,0.00,0,0.00,0.00,0.00,0.25,0.00,0.00,0,0
38035,ON,6,0,0.00,-27.00,-30.00,-3.12,146,146,0.00,0,0.00,0.00,0.00,0.25,0.00,0.00,0,0
38143,ON,6,0,0.00,-27.00,-30.00,-3.12,146,146,0.00,0,0.00,0.00,0.00,0.25,0.00,0.00,0,0
38254,ON,6,0,0.00,-27.00,-30.00,-3.12,146,146,0.00,0,0.00,0.00,0.00,0.25,0.00,0.00,0,0
38363,ON,6,0,0.00,-27.00,-30.00,-3.12,146,146,0.00,0,0.00,0.00,0.00,0.25,0.00,0.00,0,0
38472,ON,6,0,0.00,-27.00,-30.00,-3.12,146,146,0.00,0,0.00,0.00,0.00,0.25,0.00,0.00,0,0
38580,ON,6,0,0.00,-27.00,-30.00,-3.12,146,146,0.00,0,0.00,0.00,0.00,0.25,0.00,0.00,0,0
38689,ON,6,0,0.00,-27.00,-30.00,-3.12,146,146,0.00,0,0.00,0.00,0.00,0.25,0.00,0.00,0,0
38797,ON,6,0,0.00,-27.00,-30.00,-3.12,146,146,0.00,0,0.00,0.00,0.00,0.25,0.00,0.00,0,0
38909,ON,6,0,0.00,-27.00,-30.00,-3.12,146,146,0.00,0,0.00,0.00,0.00,0.25,0.00,0.00,0,0
39017,ON,6,0,0.00,-27.00,-30.00,-3.12,146,146,0.00,0,0.00,0.00,0.00,0.25,0.00,0.00,0,0
39126,ON,6,0,0.00,-27.00,-30.00,-3.12,146,146,0.00,0,0.00,0.00,0.00,0.25,0.00,0.00,0,0
39235,ON,6,0,0.00,-27.00,-30.00,-3.12,146,146,0.00,0,0.00,0.00,0.00,0.25,0.00,0.00,0,0
39343,ON,6,0,0.00,-27.00,-30.00,-3.12,146,146,0.00,0,0.00,0.00,0.00,0.25,0.00,0.00,0,0
39452,ON,6,0,0.00,-27.00,-30.00,-3.12,146,146,0.00,0,0.00,0.00,0.00,0.25,0.00,0.00,0,0
39563,ON,6,0,0.00,-27.00,-30.00,-3.12,146,146,0.00,0,0.00,0.00,0.00,0.25,0.00,0.00,0,0
39672,ON,6,0,0.00,-27.00,-30.00,-3.12,146,146,0.00,0,0.00,0.00,0.00,0.25,0.00,0.00,0,0
39780,ON,6,0,0.00,-27.00,-30.00,-3.12,146,146,0.00,0,0.00,0.00,0.00,0.25,0.00,0.00,0,0
39889,ON,6,0,0.00,-27.00,-30.00,-3.12,146,146,0.00,0,0.00,0.00,0.00,0.25,0.00,0.00,0,0
39997,ON,6,0,0.00,-27.00,-30.00,-3.12,146,146,0.00,0,0.00,0.00,0.00,0.25,0.00,0.00,0,0
40106,ON,6,0,0.00,-27.00,-30.00,-3.12,146,146,0.00,0,0.00,0.00,0.00,0.25,0.00,0.00,0,0
40217,ON,6,0,0.00,-27.00,-30.00,-3.12,146,146,0.00,0,0.00,0.00,0.00,0.25,0.00,0.00,0,0
40326,ON,6,0,0.00,-27.00,-30.00,-3.12,146,146,0.00,0,0.00,0.00,0.00,0.25,0.00,0.00,0,0
40434,ON,6,0,0.00,-27.00,-30.00,-3.12,146,146,0.00,0,0.00,0.00,0.00,0.25,0.00,0.00,0,0
40543,ON,6,0,0.00,-27.00,-30.00,-3.12,146,146,0.00,0,0.00,0.00,0.00,0.25,0.00,0.00,0,0
40652,ON,6,0,0.00,-27.00,-30.00,-3.12,146,146,0.00,0,0.00,0.00,0.00,0.25,0.00,0.00,0,0
40760,ON,6,0,0.00,-27.00,-30.00,-3.12,146,146,0.00,0,0.00,0.00,0.00,0.25,0.00,0.00,0,0
40871,ON,6,0,0.00,-27.00,-30.00,-3.12,146,146,0.00,0,0.00,0.00,0.00,0.25,0.00,0.00,0,0
40980,ON,6,0,0.00,-27.00,-30.00,-3.12,146,146,0.00,0,0.00,0.00,0.00,0.25,0.00,0.00,0,0
41089,ON,6,0,0.00,-27.00,-30.00,-3.12,146,146,0.00,0,0.00,0.00,0.00,0.25,0.00,0.00,0,0
41197,ON,6,0,0.00,-27.00,-30.00,-3.12,146,146,0.00,0,0.00,0.00,0.00,0.25,0.00,0.00,0,0
41306,ON,6,0,0.00,-27.00,-30.00,-3.12,146,146,0.00,0,0.00,0.00,0.00,0.25,0.00,0.00,0,0
41414,ON,6,0,0.00,-27.00,-30.00,-3.12,146,146,0.00,0,0.00,0.00,0.00,0.25,0.00,0.00,0,0
41526,ON,6,0,0.00,-27.00,-30.00,-3.12,146,146,0.00,0,0.00,0.00,0.00,0.25,0.00,0.00,0,0
41635,ON,6,0,0.00,-27.00,-30.00,-3.12,146,146,0.00,0,0.00,0.00,0.00,0.25,0.00,0.00,0,0
41743,ON,6,0,0.00,-27.00,-30.00,-3.12,146,146,0.00,0,0.00,0.00,0.00,0.25,0.00,0.00,0,0
41852,ON,6,0,0.00,-27.00,-30.00,-3.12,146,146,0.00,0,0.00,0.00,0.00,0.25,0.00,0.00,0,0
41960,ON,6,0,0.00,-27.00,-30.00,-3.12,146,146,0.00,0,0.00,0.00,0.00,0.25,0.00,0.00,0,0
42069,ON,6,0,0.00,-27.00,-30.00,-3.12,146,146,0.00,0,0.00,0.00,0.00,0.25,0.00,0.00,0,0
42180,ON,6,0,0.00,-27.00,-30.00,-3.12,146,146,0.00,0,0.00,0.00,0.00,0.25,0.00,0.00,0,0
42289,ON,6,0,0.00,-27.00,-30.00,-3.12,146,146,0.00,0,0.00,0.00,0.00,0.25,0.00,0.00,0,0
42397,ON,6,0,0.00,-27.00,-30.00,-3.12,146,146,0.00,0,0.00,0.00,0.00,0.25,0.00,0.00,0,0
42506,ON,6,0,0.00,-27.00,-30.00,-3.12,146,146,0.00,0,0.00,0.00,0.00,0.25,0.00,0.00,0,0
42615,ON,6,0,0.00,-27.00,-30.00,-3.12,146,146,0.00,0,0.00,0.00,0.00,0.25,0.00,0.00,0,0
42723,ON,6,0,0.00,-27.00,-30.00,-3.12,146,146,0.00,0,0.00,0.00,0.00,0.25,0.00,0.00,0,0
42834,ON,6,0,0.00,-27.00,-30.00,-3.12,146,146,0.00,0,0.00,0.00,0.00,0.25,0.00,0.00,0,0
42943,ON,6,0,0.00,-27.00,-30.00,-3.12,146,146,0.00,0,0.00,0.00,0.00,0.25,0.00,0.00,0,0
43052,ON,6,0,0.00,-27.00,-30.00,-3.12,146,146,0.00,0,0.00,0.00,0.00,0.25,0.00,0.00,0,0
43161,ON,6,0,0.00,-27.00,-30.00,-3.12,146,146,0.00,0,0.00,0.00,0.00,0.25,0.00,0.00,0,0
43269,ON,6,0,0.00,-27.00,-30.00,-3.12,146,146,0.00,0,0.00,0.00,0.00,0.25,0.00,0.00,0,0
43380,ON,6,0,0.00,-27.00,-30.00,-3.12,146,146,0.00,0,0.00,0.00,0.00,0.25,0.00,0.00,0,0
43489,ON,6,0,0.00,-27.00,-30.00,-3.12,146,146,0.00,0,0.00,0.00,0.00,0.25,0.00,0.00,0,0
43598,ON,6,0,0.00,-27.00,-30.00,-3.12,146,146,0.00,0,0.00,0.00,0.00,0.25,0.00,0.00,0,0
43706,ON,6,0,0.00,-27.00,-30.00,-3.12,146,146,0.00,0,0.00,0.00,0.00,0.25,0.00,0.00,0,0
43815,ON,6,0,0.00,-27.00,-30.00,-3.12,146,146,0.00,0,0.00,0.00,0.00,0.25,0.00,0.00,0,0
43923,ON,6,0,0.00,-27.00,-30.00,-3.12,146,146,0.00,0,0.00,0.00,0.00,0.25,0.00,0.00,0,0
44035,ON,6,0,0.00,-27.00,-30.00,-3.12,146,146,0.00,0,0.00,0.00,0.00,0.25,0.00,0.00,0,0
44144,ON,6,0,0.00,-27.00,-30.00,-3.12,146,146,0.00,0,0.00,0.00,0.00,0.25,0.00,0.00,0,0
44252,ON,6,0,0.00,-27.00,-30.00,-3.12,146,146,0.00,0,0.00,0.00,0.00,0.25,0.00,0.00,0,0
44361,ON,6,0,0.00,-27.00,-30.00,-3.12,146,146,0.00,0,0.00,0.00,0.00,0.25,0.00,0.00,0,0
44469,ON,6,0,0.00,-27.00,-30.00,-3.12,146,146,0.00,0,0.00,0.00,0.00,0.25,0.00,0.00,0,0
44578,ON,6,0,0.00,-27.00,-30.00,-3.12,146,146,0.00,0,0.00,0.00,0.00,0.25,0.00,0.00,0,0
44689,ON,6,0,0.00,-27.00,-30.00,-3.12,146,146,0.00,0,0.00,0.00,0.00,0.25,0.00,0.00,0,0
44798,ON,6,0,0.00,-27.00,-30.00,-3.12,146,146,0.00,0,0.00,0.00,0.00,0.25,0.00,0.00,0,0
44906,ON,6,0,0.00,-27.00,-30.00,-3.12,146,146,0.00,0,0.00,0.00,0.00,0.25,0.00,0.00,0,0
45015,ON,6,0,0.00,-27.00,-30.00,-3.12,146,146,0.00,0,0.00,0.00,0.00,0.25,0.00,0.00,0,0
45124,ON,6,0,0.00,-27.00,-30.00,-3.12,146,146,0.00,0,0.00,0.00,0.00,0.25,0.00,0.00,0,0
45232,ON,6,0,0.00,-27.00,-30.00,-3.12,146,146,0.00,0,0.00,0.00,0.00,0.25,0.00,0.00,0,0
45344,ON,6,0,0.00,-27.00,-30.00,-3.12,146,146,0.00,0,0.00,0.00,0.00,0.25,0.00,0.00,0,0
45452,ON,6,0,0.00,-27.00,-30.00,-3.12,146,146,0.00,0,0.00,0.00,0.00,0.25,0.00,0.00,0,0
45561,ON,6,0,0.00,-27.00,-30.00,-3.12,146,146,0.00,0,0.00,0.00,0.00,0.25,0.00,0.00,0,0
45669,ON,6,0,0.00,-27.00,-30.00,-3.12,146,146,0.00,0,0.00,0.00,0.00,0.25,0.00,0.00,0,0
45778,ON,6,0,0.00,-27.00,-30.00,-3.12,146,146,0.00,0,0.00,0.00,0.00,0.25,0.00,0.00,0,0
45886,ON,6,0,0.00,-27.00,-30.00,-3.12,146,146,0.00,0,0.00,0.00,0.00,0.25,0.00,0.00,0,0
45998,ON,6,0,0.00,-27.00,-30.00,-3.12,146,146,0.00,0,0.00,0.00,0.00,0.25,0.00,0.00,0,0
46106,ON,6,0,0.00,-27.00,-30.00,-3.12,146,146,0.00,0,0.00,0.00,0.00,0.25,0.00,0.00,0,0
46215,ON,6,0,0.00,-27.00,-30.00,-3.12,146,146,0.00,0,0.00,0.00,0.00,0.25,0.00,0.00,0,0
46324,ON,6,0,0.00,-27.00,-30.00,-3.12,146,146,0.00,0,0.00,0.00,0.00,0.25,0.00,0.00,0,0
46432,ON,6,0,0.00,-27.00,-30.00,-3.12,146,146,0.00,0,0.00,0.00,0.00,0.25,0.00,0.00,0,0
46541,ON,6,0,0.00,-27.00,-30.00,-3.12,146,146,0.00,0,0.00,0.00,0.00,0.25,0.00,0.00,0,0
46652,ON,6,0,0.00,-27.00,-30.00,-3.12,146,146,0.00,0,0.00,0.00,0.00,0.25,0.00,0.00,0,0
46761,ON,6,0,0.00,-27.00,-30.00,-3.12,146,146,0.00,0,0.00,0.00,0.00,0.25,0.00,0.00,0,0
46870,ON,6,0,0.00,-27.00,-30.00,-3.12,146,146,0.00,0,0.00,0.00,0.00,0.25,0.00,0.00,0,0
46978,ON,6,0,0.00,-27.00,-30.00,-3.12,146,146,0.00,0,0.00,0.00,0.00,0.25,0.00,0.00,0,0
47087,ON,6,0,0.00,-27.00,-30.00,-3.12,146,146,0.00,0,0.00,0.00,0.00,0.25,0.00,0.00,0,0
47195,ON,6,0,0.00,-27.00,-30.00,-3.12,146,146,0.00,0,0.00,0.00,0.00,0.25,0.00,0.00,0,0
47307,ON,6,0,0.00,-27.00,-30.00,-3.12,146,146,0.00,0,0.00,0.00,0.00,0.25,0.00,0.00,0,0
47415,ON,6,0,0.00,-27.00,-30.00,-3.12,146,146,0.00,0,0.00,0.00,0.00,0.25,0.00,0.00,0,0
47524,ON,6,0,0.00,-27.00,-30.00,-3.12,146,146,0.00,0,0.00,0.00,0.00,0.25,0.00,0.00,0,0
47632,ON,6,0,0.00,-27.00,-30.00,-3.12,146,146,0.00,0,0.00,0.00,0.00,0.25,0.00,0.00,0,0
47741,ON,6,0,0.00,-27.00,-30.00,-3.12,146,146,0.00,0,0.00,0.00,0.00,0.25,0.00,0.00,0,0
47849,ON,6,0,0.00,-27.00,-30.00,-3.12,146,146,0.00,0,0.00,0.00,0.00,0.25,0.00,0.00,0,0
47961,ON,6,0,0.00,-27.00,-30.00,-3.12,146,146,0.00,0,0.00,0.00,0.00,0.25,0.00,0.00,0,0
48069,ON,6,0,0.00,-27.00,-30.00,-3.12,146,146,0.00,0,0.00,0.00,0.00,0.25,0.00,0.00,0,0
48178,ON,6,0,0.00,-27.00,-30.00,-3.12,146,146,0.00,0,0.00,0.00,0.00,0.25,0.00,0.00,0,0
48287,ON,6,0,0.00,-27.00,-30.00,-3.12,146,146,0.00,0,0.00,0.00,0.00,0.25,0.00,0.00,0,0
48395,ON,6,0,0.00,-27.00,-30.00,-3.12,146,146,0.00,0,0.00,0.00,0.00,0.25,0.00,0.00,0,0
48504,ON,6,0,0.00,-27.00,-30.00,-3.12,146,146,0.00,0,0.00,0.00,0.00,0.25,0.00,0.00,0,0
48615,ON,6,0,0.00,-27.00,-30.00,-3.12,146,146,0.00,0,0.00,0.00,0.00,0.25,0.00,0.00,0,0
48724,ON,6,0,0.00,-27.00,-30.00,-3.12,146,146,0.00,0,0.00,0.00,0.00,0.25,0.00,0.00,0,0
48832,ON,6,0,0.00,-27.00,-30.00,-3.12,146,146,0.00,0,0.00,0.00,0.00,0.25,0.00,0.00,0,0
48941,ON,6,0,0.00,-27.00,-30.00,-3.12,146,146,0.00,0,0.00,0.00,0.00,0.25,0.00,0.00,0,0
49049,ON,6,0,0.00,-27.00,-30.00,-3.12,146,146,0.00,0,0.00,0.00,0.00,0.25,0.00,0.00,0,0
49158,ON,6,0,0.00,-27.00,-30.00,-3.12,146,146,0.00,0,0.00,0.00,0.00,0.25,0.00,0.00,0,0
49270,ON,6,0,0.00,-27.00,-30.00,-3.12,146,146,0.00,0,0.00,0.00,0.00,0.25,0.00,0.00,0,0
49378,ON,6,0,0.00,-27.00,-30.00,-3.12,146,146,0.00,0,0.00,0.00,0.00,0.25,0.00,0.00,0,0
49487,ON,6,0,0.00,-27.00,-30.00,-3.12,146,146,0.00,0,0.00,0.00,0.00,0.25,0.00,0.00,0,0
49595,ON,6,0,0.00,-27.00,-30.00,-3.12,146,146,0.00,0,0.00,0.00,0.00,0.25,0.00,0.00,0,0
49704,ON,6,0,0.00,-27.00,-30.00,-3.12,146,146,0.00,0,0.00,0.00,0.00,0.25,0.00,0.00,0,0
49813,ON,6,0,0.00,-27.00,-30.00,-3.12,146,146,0.00,0,0.00,0.00,0.00,0.25,0.00,0.00,0,0
49924,ON,6,0,0.00,-27.00,-30.00,-3.12,146,146,0.00,0,0.00,0.00,0.00,0.25,0.00,0.00,0,0
50033,ON,6,0,0.00,-27.00,-30.00,-3.12,146,146,0.00,0,0.00,0.00,0.00,0.25,0.00,0.00,0,0
50141,ON,6,0,0.00,-27.00,-30.00,-3.12,146,146,0.00,0,0.00,0.00,0.00,0.25,0.00,0.00,0,0
50250,ON,6,0,0.00,-27.00,-30.00,-3.12,146,146,0.00,0,0.00,0.00,0.00,0.25,0.00,0.00,0,0
50358,ON,6,0,0.00,-27.00,-30.00,-3.12,146,146,0.00,0,0.00,0.00,0.00,0.25,0.00,0.00,0,0
50467,ON,6,0,0.00,-27.00,-30.00,-3.12,146,146,0.00,0,0.00,0.00,0.00,0.25,0.00,0.00,0,0
50578,ON,6,0,0.00,-27.00,-30.00,-3.12,146,146,0.00,0,0.00,0.00,0.00,0.25,0.00,0.00,0,0
50687,ON,6,0,0.00,-27.00,-30.00,-3.12,146,146,0.00,0,0.00,0.00,0.00,0.25,0.00,0.00,0,0
50795,ON,6,0,0.00,-27.00,-30.00,-3.12,146,146,0.00,0,0.00,0.00,0.00,0.25,0.00,0.00,0,0
50904,ON,6,0,0.00,-27.00,-30.00,-3.12,146,146,0.00,0,0.00,0.00,0.00,0.25,0.00,0.00,0,0
51013,ON,6,0,0.00,-27.00,-30.00,-3.12,146,146,0.00,0,0.00,0.00,0.00,0.25,0.00,0.00,0,0
51121,ON,6,0,0.00,-27.00,-30.00,-3.12,146,146,0.00,0,0.00,0.00,0.00,0.25,0.00,0.00,0,0
51232,ON,6,0,0.00,-27.00,-30.00,-3.12,146,146,0.00,0,0.00,0.00,0.00,0.25,0.00,0.00,0,0
51341,ON,6,0,0.00,-27.00,-30.00,-3.12,146,146,0.00,0,0.00,0.00,0.00,0.25,0.00,0.00,0,0
51450,ON,6,0,0.00,-27.00,-30.00,-3.12,146,146,0.00,0,0.00,0.00,0.00,0.25,0.00,0.00,0,0
51558,ON,6,0,0.00,-27.00,-30.00,-3.12,146,146,0.00,0,0.00,0.00,0.00,0.25,0.00,0.00,0,0
51667,ON,6,0,0.00,-27.00,-30.00,-3.12,146,146,0.00,0,0.00,0.00,0.00,0.25,0.00,0.00,0,0
51775,ON,6,0,0.00,-27.00,-30.00,-3.12,146,146,0.00,0,0.00,0.00,0.00,0.25,0.00,0.00,0,0
51887,ON,6,0,0.00,-27.00,-30.00,-3.12,146,146,0.00,0,0.00,0.00,0.00,0.25,0.00,0.00,0,0
51996,ON,6,0,0.00,-27.00,-30.00,-3.12,146,146,0.00,0,0.00,0.00,0.00,0.25,0.00,0.00,0,0
52104,ON,6,0,0.00,-27.00,-30.00,-3.12,146,146,0.00,0,0.00,0.00,0.00,0.25,0.00,0.00,0,0
52213,ON,6,0,0.00,-27.00,-30.00,-3.12,146,146,0.00,0,0.00,0.00,0.00,0.25,0.00,0.00,0,0
52321,ON,6,0,0.00,-27.00,-30.00,-3.12,146,146,0.00,0,0.00,0.00,0.00,0.25,0.00,0.00,0,0
52430,ON,6,0,0.00,-27.00,-30.00,-3.12,146,146,0.00,0,0.00,0.00,0.00,0.25,0.00,0.00,0,0
52541,ON,6,0,0.00,-27.00,-30.00,-3.12,146,146,0.00,0,0.00,0.00,0.00,0.25,0.00,0.00,0,0
52650,ON,6,0,0.00,-27.00,-30.00,-3.12,146,146,0.00,0,0.00,0.00,0.00,0.25,0.00,0.00,0,0
52758,ON,6,0,0.00,-27.00,-30.00,-3.12,146,146,0.00,0,0.00,0.00,0.00,0.25,0.00,0.00,0,0
52867,ON,6,0,0.00,-27.00,-30.00,-3.12,146,146,0.00,0,0.00,0.00,0.00,0.25,0.00,0.00,0,0
52976,ON,6,0,0.00,-27.00,-30.00,-3.12,146,146,0.00,0,0.00,0.00,0.00,0.25,0.00,0.00,0,0
53084,ON,6,0,0.00,-27.00,-30.00,-3.12,146,146,0.00,0,0.00,0.00,0.00,0.25,0.00,0.00,0,0
53195,ON,6,0,0.00,-27.00,-30.00,-3.12,146,146,0.00,0,0.00,0.00,0.00,0.25,0.00,0.00,0,0
53304,ON,6,0,0.00,-27.00,-30.00,-3.12,146,146,0.00,0,0.00,0.00,0.00,0.25,0.00,0.00,0,0
53413,ON,6,0,0.00,-27.00,-30.00,-3.12,146,146,0.00,0,0.00,0.00,0.00,0.25,0.00,0.00,0,0
53521,ON,6,0,0.00,-27.00,-30.00,-3.12,146,146,0.00,0,0.00,0.00,0.00,0.25,0.00,0.00,0,0
53630,ON,6,0,0.00,-27.00,-30.00,-3.12,146,146,0.00,0,0.00,0.00,0.00,0.25,0.00,0.00,0,0
53738,ON,6,0,0.00,-27.00,-30.00,-3.12,146,146,0.00,0,0.00,0.00,0.00,0.25,0.00,0.00,0,0
53850,ON,6,0,0.00,-27.00,-30.00,-3.12,146,146,0.00,0,0.00,0.00,0.00,0.25,0.00,0.00,0,0
53958,ON,6,0,0.00,-27.00,-30.00,-3.12,146,146,0.00,0,0.00,0.00,0.00,0.25,0.00,0.00,0,0
54067,ON,6,0,0.00,-27.00,-30.00,-3.12,146,146,0.00,0,0.00,0.00,0.00,0.25,0.00,0.00,0,0
54175,ON,6,0,0.00,-27.00,-30.00,-3.12,146,146,0.00,0,0.00,0.00,0.00,0.25,0.00,0.00,0,0
54284,ON,6,0,0.00,-27.00,-30.00,-3.12,146,146,0.00,0,0.00,0.00,0.00,0.25,0.00,0.00,0,0
54393,ON,6,0,0.00,-27.00,-30.00,-3.12,146,146,0.00,0,0.00,0.00,0.00,0.25,0.00,0.00,0,0
54504,ON,6,0,0.00,-27.00,-30.00,-3.12,146,146,0.00,0,0.00,0.00,0.00,0.25,0.00,0.00,0,0
54613,ON,6,0,0.00,-27.00,-30.00,-3.12,146,146,0.00,0,0.00,0.00,0.00,0.25,0.00,0.00,0,0
54721,ON,6,0,0.00,-27.00,-30.00,-3.12,146,146,0.00,0,0.00,0.00,0.00,0.25,0.00,0.00,0,0
54830,ON,6,0,0.00,-27.00,-30.00,-3.12,146,146,0.00,0,0.00,0.00,0.00,0.25,0.00,0.00,0,0
54939,ON,6,0,0.00,-27.00,-30.00,-3.12,146,146,0.00,0,0.00,0.00,0.00,0.25,0.00,0.00,0,0
55047,ON,6,0,0.00,-27.00,-30.00,-3.12,146,146,0.00,0,0.00,0.00,0.00,0.25,0.00,0.00,0,0
55159,ON,6,0,0.00,-27.00,-30.00,-3.12,146,146,0.00,0,0.00,0.00,0.00,0.25,0.00,0.00,0,0
55267,ON,6,0,0.00,-27.00,-30.00,-3.12,146,146,0.00,0,0.00,0.00,0.00,0.25,0.00,0.00,0,0
55376,ON,6,0,0.00,-27.00,-30.00,-3.12,146,146,0.00,0,0.00,0.00,0.00,0.25,0.00,0.00,0,0
55484,ON,6,0,0.00,-27.00,-30.00,-3.12,146,146,0.00,0,0.00,0.00,0.00,0.25,0.00,0.00,0,0
55593,ON,6,0,0.00,-27.00,-30.00,-3.12,146,146,0.00,0,0.00,0.00,0.00,0.25,0.00,0.00,0,0
55701,ON,6,0,0.00,-27.00,-30.00,-3.12,146,146,0.00,0,0.00,0.00,0.00,0.25,0.00,0.00,0,0
55813,ON,6,0,0.00,-27.00,-30.00,-3.12,146,146,0.00,0,0.00,0.00,0.00,0.25,0.00,0.00,0,0
55921,ON,6,0,0.00,-27.00,-30.00,-3.12,146,146,0.00,0,0.00,0.00,0.00,0.25,0.00,0.00,0,0
56030,ON,6,0,0.00,-27.00,-30.00,-3.12,146,146,0.00,0,0.00,0.00,0.00,0.25,0.00,0.00,0,0
56138,ON,6,0,0.00,-27.00,-30.00,-3.12,146,146,0.00,0,0.00,0.00,0.00,0.25,0.00,0.00,0,0
56247,ON,6,0,0.00,-27.00,-30.00,-3.12,146,146,0.00,0,0.00,0.00,0.00,0.25,0.00,0.00,0,0
56356,ON,6,0,0.00,-27.00,-30.00,-3.12,146,146,0.00,0,0.00,0.00,0.00,0.25,0.00,0.00,0,0
56467,ON,6,0,0.00,-27.00,-30.00,-3.12,146,146,0.00,0,0.00,0.00,0.00,0.25,0.00,0.00,0,0
56576,ON,6,0,0.00,-27.00,-30.00,-3.12,146,146,0.00,0,0.00,0.00,0.00,0.25,0.00,0.00,0,0
56684,ON,6,0,0.00,-27.00,-30.00,-3.12,146,146,0.00,0,0.00,0.00,0.00,0.25,0.00,0.00,0,0
56793,ON,6,0,0.00,-27.00,-30.00,-3.12,146,146,0.00,0,0.00,0.00,0.00,0.25,0.00,0.00,0,0
56901,ON,6,0,0.00,-27.00,-30.00,-3.12,146,146,0.00,0,0.00,0.00,0.00,0.25,0.00,0.00,0,0
57010,ON,6,0,0.00,-27.00,-30.00,-3.12,146,146,0.00,0,0.00,0.00,0.00,0.25,0.00,0.00,0,0
57122,ON,6,0,0.00,-27.00,-30.00,-3.12,146,146,0.00,0,0.00,0.00,0.00,0.25,0.00,0.00,0,0
57230,ON,6,0,0.00,-27.00,-30.00,-3.12,146,146,0.00,0,0.00,0.00,0.00,0.25,0.00,0.00,0,0
57339,ON,6,0,0.00,-27.00,-30.00,-3.12,146,146,0.00,0,0.00,0.00,0.00,0.25,0.00,0.00,0,0
57448,ON,6,0,0.00,-27.00,-30.00,-3.12,146,146,0.00,0,0.00,0.00,0.00,0.25,0.00,0.00,0,0
57556,ON,6,0,0.00,-27.00,-30.00,-3.12,146,146,0.00,0,0.00,0.00,0.00,0.25,0.00,0.00,0,0
57665,ON,6,0,0.00,-27.00,-30.00,-3.12,146,146,0.00,0,0.00,0.00,0.00,0.25,0.00,0.00,0,0
57776,ON,6,0,0.00,-27.00,-30.00,-3.12,146,146,0.00,0,0.00,0.00,0.00,0.25,0.00,0.00,0,0
57885,ON,6,0,0.00,-27.00,-30.00,-3.12,146,146,0.00,0,0.00,0.00,0.00,0.25,0.00,0.00,0,0
57993,ON,6,0,0.00,-27.00,-30.00,-3.12,146,146,0.00,0,0.00,0.00,0.00,0.25,0.00,0.00,0,0
58102,ON,6,0,0.00,-27.00,-30.00,-3.12,146,146,0.00,0,0.00,0.00,0.00,0.25,0.00,0.00,0,0
58210,ON,6,0,0.00,-27.00,-30.00,-3.12,146,146,0.00,0,0.00,0.00,0.00,0.25,0.00,0.00,0,0
58319,ON,6,0,0.00,-27.00,-30.00,-3.12,146,146,0.00,0,0.00,0.00,0.00,0.25,0.00,0.00,0,0
58430,ON,6,0,0.00,-27.00,-30.00,-3.12,146,146,0.00,0,0.00,0.00,0.00,0.25,0.00,0.00,0,0
58539,ON,6,0,0.00,-27.00,-30.00,-3.12,146,146,0.00,0,0.00,0.00,0.00,0.25,0.00,0.00,0,0
58647,ON,6,0,0.00,-27.00,-30.00,-3.12,146,146,0.00,0,0.00,0.00,0.00,0.25,0.00,0.00,0,0
58756,ON,6,0,0.00,-27.00,-30.00,-3.12,146,146,0.00,0,0.00,0.00,0.00,0.25,0.00,0.00,0,0
58865,ON,6,0,0.00,-27.00,-30.00,-3.12,146,146,0.00,0,0.00,0.00,0.00,0.25,0.00,0.00,0,0
58973,ON,6,0,0.00,-27.00,-30.00,-3.12,146,146,0.00,0,0.00,0.00,0.00,0.25,0.00,0.00,0,0
59085,ON,6,0,0.00,-27.00,-30.00,-3.12,146,146,0.00,0,0.00,0.00,0.00,0.25,0.00,0.00,0,0
59193,ON,6,0,0.00,-27.00,-30.00,-3.12,146,146,0.00,0,0.00,0.00,0.00,0.25,0.00,0.00,0,0
59302,ON,6,0,0.00,-27.00,-30.00,-3.12,146,146,0.00,0,0.00,0.00,0.00,0.25,0.00,0.00,0,0
59410,ON,6,0,0.00,-27.00,-30.00,-3.12,146,146,0.00,0,0.00,0.00,0.00,0.25,0.00,0.00,0,0
59519,ON,6,0,0.00,-27.00,-30.00,-3.12,146,146,0.00,0,0.00,0.00,0.00,0.25,0.00,0.00,0,0
59628,ON,6,0,0.00,-27.00,-30.00,-3.12,146,146,0.00,0,0.00,0.00,0.00,0.25,0.00,0.00,0,0
59739,ON,6,0,0.00,-27.00,-30.00,-3.12,146,146,0.00,0,0.00,0.00,0.00,0.25,0.00,0.00,0,0
59848,ON,6,0,0.00,-27.00,-30.00,-3.12,146,146,0.00,0,0.00,0.00,0.00,0.25,0.00,0.00,0,0
59957,ON,6,0,0.00,-27.00,-30.00,-3.12,146,146,0.00,0,0.00,0.00,0.00,0.25,0.00,0.00,0,0
60065,ON,6,0,0.00,-27.00,-30.00,-3.12,146,146,0.00,0,0.00,0.00,0.00,0.25,0.00,0.00,0,0
60174,ON,6,0,0.00,-27.00,-30.00,-3.12,146,146,0.00,0,0.00,0.00,0.00,0.25,0.00,0.00,0,0
60282,ON,6,0,0.00,-27.00,-30.00,-3.12,146,146,0.00,0,0.00,0.00,0.00,0.25,0.00,0.00,0,0
60394,ON,6,0,0.00,-27.00,-30.00,-3.12,146,146,0.00,0,0.00,0.00,0.00,0.25,0.00,0.00,0,0
60502,ON,6,0,0.00,-27.00,-30.00,-3.12,146,146,0.00,0,0.00,0.00,0.00,0.25,0.00,0.00,0,0
60611,ON,6,0,0.00,-27.00,-30.00,-3.12,146,146,0.00,0,0.00,0.00,0.00,0.25,0.00,0.00,0,0
60719,ON,6,0,0.00,-27.00,-30.00,-3.12,146,146,0.00,0,0.00,0.00,0.00,0.25,0.00,0.00,0,0
60828,ON,6,0,0.00,-27.00,-30.00,-3.12,146,146,0.00,0,0.00,0.00,0.00,0.25,0.00,0.00,0,0
60936,ON,6,0,0.00,-27.00,-30.00,-3.12,146,146,0.00,0,0.00,0.00,0.00,0.25,0.00,0.00,0,0
61048,ON,6,0,0.00,-27.00,-30.00,-3.12,146,146,0.00,0,0.00,0.00,0.00,0.25,0.00,0.00,0,0
61156,ON,6,0,0.00,-27.00,-30.00,-3.12,146,146,0.00,0,0.00,0.00,0.00,0.25,0.00,0.00,0,0
61265,ON,6,0,0.00,-27.00,-30.00,-3.12,146,146,0.00,0,0.00,0.00,0.00,0.25,0.00,0.00,0,0
61373,ON,6,0,0.00,-27.00,-30.00,-3.12,146,146,0.00,0,0.00,0.00,0.00,0.25,0.00,0.00,0,0
61482,ON,6,0,0.00,-27.00,-30.00,-3.12,146,146,0.00,0,0.00,0.00,0.00,0.25,0.00,0.00,0,0
61591,ON,6,0,0.00,-27.00,-30.00,-3.12,146,146,0.00,0,0.00,0.00,0.00,0.25,0.00,0.00,0,0
61702,ON,6,0,0.00,-27.00,-30.00,-3.12,146,146,0.00,0,0.00,0.00,0.00,0.25,0.00,0.00,0,0
61810,ON,6,0,0.00,-27.00,-30.00,-3.12,146,146,0.00,0,0.00,0.00,0.00,0.25,0.00,0.00,0,0
61919,ON,6,0,0.00,-27.00,-30.00,-3.12,146,146,0.00,0,0.00,0.00,0.00,0.25,0.00,0.00,0,0
62028,ON,6,0,0.00,-27.00,-30.00,-3.12,146,146,0.00,0,0.00,0.00,0.00,0.25,0.00,0.00,0,0
62136,ON,6,0,0.00,-27.00,-30.00,-3.12,146,146,0.00,0,0.00,0.00,0.00,0.25,0.00,0.00,0,0
62245,ON,6,0,0.00,-27.00,-30.00,-3.12,146,146,0.00,0,0.00,0.00,0.00,0.25,0.00,0.00,0,0
62356,ON,6,0,0.00,-27.00,-30.00,-3.12,146,146,0.00,0,0.00,0.00,0.00,0.25,0.00,0.00,0,0
62465,ON,6,0,0.00,-27.00,-30.00,-3.12,146,146,0.00,0,0.00,0.00,0.00,0.25,0.00,0.00,0,0
62574,ON,6,0,0.00,-27.00,-30.00,-3.12,146,146,0.00,0,0.00,0.00,0.00,0.25,0.00,0.00,0,0
62682,ON,6,0,0.00,-27.00,-30.00,-3.12,146,146,0.00,0,0.00,0.00,0.00,0.25,0.00,0.00,0,0
62791,ON,6,0,0.00,-27.00,-30.00,-3.12,146,146,0.00,0,0.00,0.00,0.00,0.25,0.00,0.00,0,0
62899,ON,6,0,0.00,-27.00,-30.00,-3.12,146,146,0.00,0,0.00,0.00,0.00,0.25,0.00,0.00,0,0
63010,ON,6,0,0.00,-27.00,-30.00,-3.12,146,146,0.00,0,0.00,0.00,0.00,0.25,0.00,0.00,0,0
63119,ON,6,0,0.00,-27.00,-30.00,-3.12,146,146,0.00,0,0.00,0.00,0.00,0.25,0.00,0.00,0,0
63228,ON,6,0,0.00,-27.00,-30.00,-3.12,146,146,0.00,0,0.00,0.00,0.00,0.25,0.00,0.00,0,0
63336,ON,6,0,0.00,-27.00,-30.00,-3.12,146,146,0.00,0,0.00,0.00,0.00,0.25,0.00,0.00,0,0
63445,ON,6,0,0.00,-27.00,-30.00,-3.12,146,146,0.00,0,0.00,0.00,0.00,0.25,0.00,0.00,0,0
63553,ON,6,0,0.00,-27.00,-30.00,-3.12,146,146,0.00,0,0.00,0.00,0.00,0.25,0.00,0.00,0,0
63665,ON,6,0,0.00,-27.00,-30.00,-3.12,146,146,0.00,0,0.00,0.00,0.00,0.25,0.00,0.00,0,0
63773,ON,6,0,0.00,-27.00,-30.00,-3.12,146,146,0.00,0,0.00,0.00,0.00,0.25,0.00,0.00,0,0
63882,ON,6,0,0.00,-27.00,-30.00,-3.12,146,146,0.00,0,0.00,0.00,0.00,0.25,0.00,0.00,0,0
63991,ON,6,0,0.00,-27.00,-30.00,-3.12,146,146,0.00,0,0.00,0.00,0.00,0.25,0.00,0.00,0,0
64100,ON,6,0,0.00,-27.00,-30.00,-3.12,146,146,0.00,0,0.00,0.00,0.00,0.25,0.00,0.00,0,0
64263,ON,6,0,0.00,-27.00,-30.00,-3.12,146,146,0.00,0,0.00,0.00,0.00,0.25,0.00,0.00,0,0
64377,ON,6,0,0.00,-27.00,-30.00,-3.12,146,146,0.00,0,0.00,0.00,0.00,0.25,0.00,0.00,0,0
64486,ON,6,0,0.00,-27.00,-30.00,-3.12,146,146,0.00,0,0.00,0.00,0.00,0.25,0.00,0.00,0,0
64595,ON,6,0,0.00,-27.00,-30.00,-3.12,146,146,0.00,0,0.00,0.00,0.00,0.25,0.00,0.00,0,0
64703,ON,6,0,0.00,-27.00,-30.00,-3.12,146,146,0.00,0,0.00,0.00,0.00,0.25,0.00,0.00,0,0
64812,ON,6,0,0.00,-27.00,-30.00,-3.12,146,146,0.00,0,0.00,0.00,0.00,0.25,0.00,0.00,0,0
64920,ON,6,0,0.00,-27.00,-30.00,-3.12,146,146,0.00,0,0.00,0.00,0.00,0.25,0.00,0.00,0,0
65032,ON,6,0,0.00,-27.00,-30.00,-3.12,146,146,0.00,0,0.00,0.00,0.00,0.25,0.00,0.00,0,0
65141,ON,6,0,0.00,-27.00,-30.00,-3.12,146,146,0.00,0,0.00,0.00,0.00,0.25,0.00,0.00,0,0
65249,ON,6,0,0.00,-27.00,-30.00,-3.12,146,146,0.00,0,0.00,0.00,0.00,0.25,0.00,0.00,0,0
65358,ON,6,0,0.00,-27.00,-30.00,-3.12,146,146,0.00,0,0.00,0.00,0.00,0.25,0.00,0.00,0,0
65467,ON,6,0,0.00,-27.00,-30.00,-3.12,146,146,0.00,0,0.00,0.00,0.00,0.25,0.00,0.00,0,0
65575,ON,6,0,0.00,-27.00,-30.00,-3.12,146,146,0.00,0,0.00,0.00,0.00,0.25,0.00,0.00,0,0
65687,ON,6,0,0.00,-27.00,-30.00,-3.12,146,146,0.00,0,0.00,0.00,0.00,0.25,0.00,0.00,0,0
65796,ON,6,0,0.00,-27.00,-30.00,-3.12,146,146,0.00,0,0.00,0.00,0.00,0.25,0.00,0.00,0,0
65904,ON,6,0,0.00,-27.00,-30.00,-3.12,146,146,0.00,0,0.00,0.00,0.00,0.25,0.00,10.08,94,0
66013,ON,6,0,0.00,-27.00,-30.00,-3.12,146,146,0.00,0,0.00,0.00,0.00,0.25,0.00,10.08,94,0
66122,ON,6,0,0.00,-27.00,-30.00,-3.12,146,146,0.00,0,0.00,0.00,0.00,0.25,0.00,10.08,94,0
66230,ON,6,0,0.00,-27.00,-30.00,-3.12,146,146,0.00,0,0.00,0.00,0.00,0.25,0.00,10.08,94,0
66342,ON,6,0,0.00,-27.00,-30.00,-3.12,146,146,0.00,0,0.00,0.00,0.00,0.25,0.00,10.08,94,0
66450,ON,6,0,0.00,-27.00,-30.00,-3.12,146,146,0.00,0,0.00,0.00,0.00,0.25,0.00,10.08,94,0
66559,ON,6,0,0.00,-27.00,-30.00,-3.12,146,146,0.00,0,0.00,0.00,0.00,0.25,0.00,10.08,94,0
66667,ON,6,0,0.00,-27.00,-30.00,-3.12,146,146,0.00,0,0.00,0.00,0.00,0.25,0.00,10.08,94,0
66776,ON,6,0,0.00,-27.00,-30.00,-3.12,146,146,0.00,0,0.00,0.00,0.00,0.25,0.00,10.08,94,0
66885,ON,6,0,0.00,-27.00,-30.00,-3.12,146,146,0.00,0,0.00,0.00,0.00,0.25,0.00,10.08,94,0
66996,ON,6,0,0.00,-27.00,-30.00,-3.12,146,146,0.00,0,0.00,0.00,0.00,0.25,0.00,10.08,94,0
67105,ON,6,0,0.00,-27.00,-30.00,-3.12,146,146,0.00,0,0.00,0.00,0.00,0.25,0.00,10.08,94,0
67214,ON,6,0,0.00,-27.00,-30.00,-3.12,146,146,0.00,0,0.00,0.00,0.00,0.25,0.00,10.08,94,0
67322,ON,6,0,0.00,-27.00,-30.00,-3.12,146,146,0.00,0,0.00,0.00,0.00,0.25,0.00,10.08,94,0
67431,ON,6,0,0.00,-27.00,-30.00,-3.12,146,146,0.00,0,0.00,0.00,0.00,0.25,0.00,10.08,94,0
67540,ON,6,0,0.00,-27.00,-30.00,-3.12,146,146,0.00,0,0.00,0.00,0.00,0.25,0.00,10.08,94,0
67651,ON,6,0,0.00,-27.00,-30.00,-3.12,146,146,0.00,0,0.00,0.00,0.00,0.25,0.00,10.08,94,0
67760,ON,6,0,0.00,-27.00,-30.00,-3.12,146,146,0.00,0,0.00,0.00,0.00,0.25,0.00,10.08,94,0
67869,ON,6,0,0.00,-27.00,-30.00,-3.12,146,146,0.00,0,0.00,0.00,0.00,0.25,0.00,10.08,94,0
67977,ON,6,0,0.00,-27.00,-30.00,-3.12,146,146,0.00,0,0.00,0.00,0.00,0.25,0.00,10.08,94,0
68086,ON,6,0,0.00,-27.00,-30.00,-3.12,146,146,0.00,0,0.00,0.00,0.00,0.25,0.00,10.08,94,0
68195,ON,6,0,0.00,-27.00,-30.00,-3.12,146,146,0.00,0,0.00,0.00,0.00,0.25,0.00,10.08,94,0
68306,ON,6,0,0.00,-27.00,-30.00,-3.12,146,146,0.00,0,0.00,0.00,0.00,0.25,0.00,0.00,0,0
68415,ON,6,0,0.00,-27.00,-30.00,-3.12,146,146,0.00,0,0.00,0.00,0.00,0.25,0.00,0.00,0,0
68524,ON,6,0,0.00,-27.00,-30.00,-3.12,146,146,0.00,0,0.00,0.00,0.00,0.25,0.00,0.00,0,0
68632,ON,6,0,0.00,-27.00,-30.00,-3.12,146,146,0.00,0,0.00,0.00,0.00,0.25,0.00,0.00,0,0
68741,ON,6,0,0.00,-27.00,-30.00,-3.12,146,146,0.00,0,0.00,0.00,0.00,0.25,0.00,0.00,0,0
68849,ON,6,0,0.00,-27.00,-30.00,-3.12,146,146,0.00,0,0.00,0.00,0.00,0.25,0.00,0.00,0,0
68961,ON,6,0,0.00,-27.00,-30.00,-3.12,146,146,0.00,0,0.00,0.00,0.00,0.25,0.00,0.00,0,0
69069,ON,6,0,0.00,-27.00,-30.00,-3.12,146,146,0.00,0,0.00,0.00,0.00,0.25,0.00,0.00,0,0
69178,ON,6,0,0.00,-27.00,-30.00,-3.12,146,146,0.00,0,0.00,0.00,0.00,0.25,0.00,0.00,0,0
69286,ON,6,0,0.00,-27.00,-30.00,-3.12,146,146,0.00,0,0.00,0.00,0.00,0.25,0.00,0.00,0,0
69395,ON,6,0,0.00,-27.00,-30.00,-3.12,146,146,0.00,0,0.00,0.00,0.00,0.25,0.00,0.00,0,0
69503,ON,6,0,0.00,-27.00,-30.00,-3.12,146,146,0.00,0,0.00,0.00,0.00,0.25,0.00,0.00,0,0
69622,ON,6,0,0.00,-27.00,-30.00,-3.12,146,146,0.00,0,0.00,0.00,0.00,0.25,0.00,0.00,0,0
69805,ON,6,0,0.00,-27.00,-30.00,-3.12,146,146,0.00,0,0.00,0.00,0.00,0.25,0.00,0.00,0,0
69970,ON,6,0,0.00,-27.00,-30.00,-3.12,146,146,0.00,0,0.00,0.00,0.00,0.25,0.00,0.00,0,0
70134,ON,6,0,0.00,-27.00,-30.00,-3.12,146,146,0.00,0,0.00,0.00,0.00,0.25,0.00,0.00,0,0
70298,ON,6,0,0.00,-27.00,-30.00,-3.12,146,146,0.00,0,0.00,0.00,0.00,0.25,0.00,0.00,0,0
70463,ON,6,0,0.00,-27.00,-30.00,-3.12,146,146,0.00,0,0.00,0.00,0.00,0.25,0.00,0.00,0,0
70576,ON,6,0,0.00,-27.00,-30.00,-3.12,146,146,0.00,0,0.00,0.00,0.00,0.25,0.00,0.00,0,0
70684,ON,6,0,0.00,-27.00,-30.00,-3.12,146,146,0.00,0,0.00,0.00,0.00,0.25,0.00,0.00,0,0
70793,ON,6,0,0.00,-27.00,-30.00,-3.12,146,146,0.00,0,0.00,0.00,0.00,0.25,0.00,0.00,0,0
70902,ON,6,0,0.00,-27.00,-30.00,-3.12,146,146,0.00,0,0.00,0.00,0.00,0.25,0.00,0.00,0,0
71010,ON,6,0,0.00,-27.00,-30.00,-3.12,146,146,0.00,0,0.00,0.00,0.00,0.25,0.00,0.00,0,0
71120,ON,6,0,0.00,-27.00,-30.00,-3.12,146,146,0.00,0,0.00,0.00,0.00,0.25,0.00,0.00,0,0
71231,ON,6,0,0.00,-27.00,-30.00,-3.12,146,146,0.00,0,0.00,0.00,0.00,0.25,0.00,0.00,0,0
71339,ON,6,0,0.00,-27.00,-30.00,-3.12,146,146,0.00,0,0.00,0.00,0.00,0.25,0.00,0.00,0,0
71448,ON,6,0,0.00,-27.00,-30.00,-3.12,146,146,0.00,0,0.00,0.00,0.00,0.25,0.00,0.00,0,0
71556,ON,6,0,0.00,-27.00,-30.00,-3.12,146,146,0.00,0,0.00,0.00,0.00,0.25,0.00,0.00,0,0
71665,ON,6,0,0.00,-27.00,-30.00,-3.12,146,146,0.00,0,0.00,0.00,0.00,0.25,0.00,0.00,0,0
71774,ON,6,0,0.00,-27.00,-30.00,-3.12,146,146,0.00,0,0.00,0.00,0.00,0.25,0.00,0.00,0,0
71885,ON,6,0,0.00,-27.00,-30.00,-3.12,146,146,0.00,0,0.00,0.00,0.00,0.25,0.00,0.00,0,0
71994,ON,6,0,0.00,-27.00,-30.00,-3.12,146,146,0.00,0,0.00,0.00,0.00,0.25,0.00,0.00,0,0
72102,ON,6,0,0.00,-27.00,-30.00,-3.12,146,146,0.00,0,0.00,0.00,0.00,0.25,0.00,0.00,0,0
72211,ON,6,0,0.00,-27.00,-30.00,-3.12,146,146,0.00,0,0.00,0.00,0.00,0.25,0.00,0.00,0,0
72319,ON,6,0,0.00,-27.00,-30.00,-3.12,146,146,0.00,0,0.00,0.00,0.00,0.25,0.00,0.00,0,0
72428,ON,6,0,0.00,-27.00,-30.00,-3.12,146,146,0.00,0,0.00,0.00,0.00,0.25,0.00,0.00,0,0
72539,ON,6,0,0.00,-27.00,-30.00,-3.12,146,146,0.00,0,0.00,0.00,0.00,0.25,0.00,0.00,0,0
72648,ON,6,0,0.00,-27.00,-30.00,-3.12,146,146,0.00,0,0.00,0.00,0.00,0.25,0.00,0.00,0,0
72757,ON,6,0,0.00,-27.00,-30.00,-3.12,146,146,0.00,0,0.00,0.00,0.00,0.25,0.00,0.00,0,0
72865,ON,6,0,0.00,-27.00,-30.00,-3.12,146,146,0.00,0,0.00,0.00,0.00,0.25,0.00,0.00,0,0
72974,ON,6,0,0.00,-27.00,-30.00,-3.12,146,146,0.00,0,0.00,0.00,0.00,0.25,0.00,0.00,0,0
73082,ON,6,0,0.00,-27.00,-30.00,-3.12,146,146,0.00,0,0.00,0.00,0.00,0.25,0.00,0.00,0,0
73194,ON,6,0,0.00,-27.00,-30.00,-3.12,146,146,0.00,0,0.00,0.00,0.00,0.25,0.00,0.00,0,0
73302,ON,6,0,0.00,-27.00,-30.00,-3.12,146,146,0.00,0,0.00,0.00,0.00,0.25,0.00,0.00,0,0
73412,ON,6,0,0.00,-27.00,-30.00,-3.12,146,146,0.00,0,0.00,0.00,0.00,0.25,0.00,0.00,0,0
73520,ON,6,0,0.00,-27.00,-30.00,-3.12,146,146,0.00,0,0.00,0.00,0.00,0.25,0.00,0.00,0,0
73629,ON,6,0,0.00,-27.00,-30.00,-3.12,146,146,0.00,0,0.00,0.00,0.00,0.25,0.00,0.00,0,0
73738,ON,6,0,0.00,-27.00,-30.00,-3.12,146,146,0.00,0,0.00,0.00,0.00,0.25,0.00,0.00,0,0
73848,ON,6,0,0.00,-27.00,-30.00,-3.12,146,146,0.00,0,0.00,0.00,0.00,0.25,0.00,0.00,0,0
73957,ON,6,0,0.00,-27.00,-30.00,-3.12,146,146,0.00,0,0.00,0.00,0.00,0.25,0.00,0.00,0,0
74066,ON,6,0,0.00,-27.00,-30.00,-3.12,146,146,0.00,0,0.00,0.00,0.00,0.25,0.00,0.00,0,0
74174,ON,6,0,0.00,-27.00,-30.00,-3.12,146,146,0.00,0,0.00,0.00,0.00,0.25,0.00,0.00,0,0
74283,ON,6,0,0.00,-27.00,-30.00,-3.12,146,146,0.00,0,0.00,0.00,0.00,0.25,0.00,0.00,0,0
74392,ON,6,0,0.00,-27.00,-30.00,-3.12,146,146,0.00,0,0.00,0.00,0.00,0.25,0.00,0.00,0,0
74503,ON,6,0,0.00,-27.00,-30.00,-3.12,146,146,0.00,0,0.00,0.00,0.00,0.25,0.00,0.00,0,0
74612,ON,6,0,0.00,-27.00,-30.00,-3.12,146,146,0.00,0,0.00,0.00,0.00,0.25,0.00,0.00,0,0
74720,ON,6,0,0.00,-27.00,-30.00,-3.12,146,146,0.00,0,0.00,0.00,0.00,0.25,0.00,0.00,0,0
74829,ON,6,0,0.00,-27.00,-30.00,-3.12,146,146,0.00,0,0.00,0.00,0.00,0.25,0.00,0.00,0,0
74938,ON,6,0,0.00,-27.00,-30.00,-3.12,146,146,0.00,0,0.00,0.00,0.00,0.25,0.00,0.00,0,0
75046,ON,6,0,0.00,-27.00,-30.00,-3.12,146,146,0.00,0,0.00,0.00,0.00,0.25,0.00,0.00,0,0
75157,ON,6,0,0.00,-27.00,-30.00,-3.12,146,146,0.00,0,0.00,0.00,0.00,0.25,0.00,0.00,0,0
75266,ON,6,0,0.00,-27.00,-30.00,-3.12,146,146,0.00,0,0.00,0.00,0.00,0.25,0.00,0.00,0,0
75375,ON,6,0,0.00,-27.00,-30.00,-3.12,146,146,0.00,0,0.00,0.00,0.00,0.25,0.00,0.00,0,0
75483,ON,6,0,0.00,-27.00,-30.00,-3.12,146,146,0.00,0,0.00,0.00,0.00,0.25,0.00,0.00,0,0
75592,ON,6,0,0.00,-27.00,-30.00,-3.12,146,146,0.00,0,0.00,0.00,0.00,0.25,0.00,0.00,0,0
75700,ON,6,0,0.00,-27.00,-30.00,-3.12,146,146,0.00,0,0.00,0.00,0.00,0.25,0.00,0.00,0,0
75812,ON,6,0,0.00,-27.00,-30.00,-3.12,146,146,0.00,0,0.00,0.00,0.00,0.25,0.00,0.00,0,0
75920,ON,6,0,0.00,-27.00,-30.00,-3.12,146,146,0.00,0,0.00,0.00,0.00,0.25,0.00,0.00,0,0
76029,ON,6,0,0.00,-27.00,-30.00,-3.12,146,146,0.00,0,0.00,0.00,0.00,0.25,0.00,0.00,0,0
76138,ON,6,0,0.00,-27.00,-30.00,-3.12,146,146,0.00,0,0.00,0.00,0.00,0.25,0.00,0.00,0,0
76246,ON,6,0,0.00,-27.00,-30.00,-3.12,146,146,0.00,0,0.00,0.00,0.00,0.25,0.00,0.00,0,0
76356,ON,6,0,0.00,-27.00,-30.00,-3.12,146,146,0.00,0,0.00,0.00,0.00,0.25,0.00,0.00,0,0
76467,ON,6,0,0.00,-27.00,-30.00,-3.12,146,146,0.00,0,0.00,0.00,0.00,0.25,0.00,0.00,0,0
76575,ON,6,0,0.00,-27.00,-30.00,-3.12,146,146,0.00,0,0.00,0.00,0.00,0.25,0.00,0.00,0,0
76684,ON,6,0,0.00,-27.00,-30.00,-3.12,146,146,0.00,0,0.00,0.00,0.00,0.25,0.00,0.00,0,0
76793,ON,6,0,0.00,-27.00,-30.00,-3.12,146,146,0.00,0,0.00,0.00,0.00,0.25,0.00,0.00,0,0
76901,ON,6,0,0.00,-27.00,-30.00,-3.12,146,146,0.00,0,0.00,0.00,0.00,0.25,0.00,0.00,0,0
77010,ON,6,0,0.00,-27.00,-30.00,-3.12,146,146,0.00,0,0.00,0.00,0.00,0.25,0.00,0.00,0,0
77121,ON,6,0,0.00,-27.00,-30.00,-3.12,146,146,0.00,0,0.00,0.00,0.00,0.25,0.00,0.00,0,0
77230,ON,6,0,0.00,-27.00,-30.00,-3.12,146,146,0.00,0,0.00,0.00,0.00,0.25,0.00,0.00,0,0
77339,ON,6,0,0.00,-27.00,-30.00,-3.12,146,146,0.00,0,0.00,0.00,0.00,0.25,0.00,0.00,0,0
77448,ON,6,0,0.00,-27.00,-30.00,-3.12,146,146,0.00,0,0.00,0.00,0.00,0.25,0.00,0.00,0,0
77556,ON,6,0,0.00,-27.00,-30.00,-3.12,146,146,0.00,0,0.00,0.00,0.00,0.25,0.00,0.00,0,0
77665,ON,6,0,0.00,-27.00,-30.00,-3.12,146,146,0.00,0,0.00,0.00,0.00,0.25,0.00,0.00,0,0
77776,ON,6,0,0.00,-27.00,-30.00,-3.12,146,146,0.00,0,0.00,0.00,0.00,0.25,0.00,0.00,0,0
77885,ON,6,0,0.00,-27.00,-30.00,-3.12,146,146,0.00,0,0.00,0.00,0.00,0.25,0.00,0.00,0,0
77994,ON,6,0,0.00,-27.00,-30.00,-3.12,146,146,0.00,0,0.00,0.00,0.00,0.25,0.00,0.00,0,0
78102,ON,6,0,0.00,-27.00,-30.00,-3.12,146,146,0.00,0,0.00,0.00,0.00,0.25,0.00,0.00,0,0
78215,ON,6,0,0.00,-27.00,-30.00,-3.12,146,146,0.00,0,0.00,0.00,0.00,0.25,0.00,0.00,0,0
78324,ON,6,0,0.00,-27.00,-30.00,-3.12,146,146,0.00,0,0.00,0.00,0.00,0.25,0.00,0.00,0,0
78436,ON,6,0,0.00,-27.00,-30.00,-3.12,146,146,0.00,0,0.00,0.00,0.00,0.25,0.00,0.00,0,0
78544,ON,6,0,0.00,-27.00,-30.00,-3.12,146,146,0.00,0,0.00,0.00,0.00,0.25,0.00,0.00,0,0
78653,ON,6,0,0.00,-27.00,-30.00,-3.12,146,146,0.00,0,0.00,0.00,0.00,0.25,0.00,0.00,0,0
78761,ON,6,0,0.00,-27.00,-30.00,-3.12,146,146,0.00,0,0.00,0.00,0.00,0.25,0.00,0.00,0,0
78870,ON,6,0,0.00,-27.00,-30.00,-3.12,146,146,0.00,0,0.00,0.00,0.00,0.25,0.00,0.00,0,0
78979,ON,6,0,0.00,-27.00,-30.00,-3.12,146,146,0.00,0,0.00,0.00,0.00,0.25,0.00,0.00,0,0
79091,ON,6,0,0.00,-27.00,-30.00,-3.12,146,146,0.00,0,0.00,0.00,0.00,0.25,0.00,0.00,0,0
79199,ON,6,0,0.00,-27.00,-30.00,-3.12,146,146,0.00,0,0.00,0.00,0.00,0.25,0.00,0.00,0,0
79308,ON,6,0,0.00,-27.00,-30.00,-3.12,146,146,0.00,0,0.00,0.00,0.00,0.25,0.00,0.00,0,0
79416,ON,6,0,0.00,-27.00,-30.00,-3.12,146,146,0.00,0,0.00,0.00,0.00,0.25,0.00,0.00,0,0
79525,ON,6,0,0.00,-27.00,-30.00,-3.12,146,146,0.00,0,0.00,0.00,0.00,0.25,0.00,0.00,0,0
79634,ON,6,0,0.00,-27.00,-30.00,-3.12,146,146,0.00,0,0.00,0.00,0.00,0.25,0.00,0.00,0,0
79745,ON,6,0,0.00,-27.00,-30.00,-3.12,146,146,0.00,0,0.00,0.00,0.00,0.25,0.00,0.00,0,0
79854,ON,6,0,0.00,-27.00,-30.00,-3.12,146,146,0.00,0,0.00,0.00,0.00,0.25,0.00,0.00,0,0
79962,ON,6,0,0.00,-27.00,-30.00,-3.12,146,146,0.00,0,0.00,0.00,0.00,0.25,0.00,0.00,0,0
80072,ON,6,0,0.00,-27.00,-30.00,-3.12,146,146,0.00,0,0.00,0.00,0.00,0.25,0.00,0.00,0,0
80180,ON,6,0,0.00,-27.00,-30.00,-3.12,146,146,0.00,0,0.00,0.00,0.00,0.25,0.00,0.00,0,0
80289,ON,6,0,0.00,-27.00,-30.00,-3.12,146,146,0.00,0,0.00,0.00,0.00,0.25,0.00,0.00,0,0
80400,ON,6,0,0.00,-27.00,-30.00,-3.12,146,146,0.00,0,0.00,0.00,0.00,0.25,0.00,0.00,0,0
80509,ON,6,0,0.00,-27.00,-30.00,-3.12,146,146,0.00,0,0.00,0.00,0.00,0.25,0.00,0.00,0,0
80617,ON,6,0,0.00,-27.00,-30.00,-3.12,146,146,0.00,0,0.00,0.00,0.00,0.25,0.00,0.00,0,0
80726,ON,6,0,0.00,-27.00,-30.00,-3.12,146,146,0.00,0,0.00,0.00,0.00,0.25,0.00,0.00,0,0
80834,ON,6,0,0.00,-27.00,-30.00,-3.12,146,146,0.00,0,0.00,0.00,0.00,0.25,0.00,0.00,0,0
80943,ON,6,0,0.00,-27.00,-30.00,-3.12,146,146,0.00,0,0.00,0.00,0.00,0.25,0.00,0.00,0,0
81055,ON,6,0,0.00,-27.00,-30.00,-3.12,146,146,0.00,0,0.00,0.00,0.00,0.25,0.00,0.00,0,0
81163,ON,6,0,0.00,-27.00,-30.00,-3.12,146,146,0.00,0,0.00,0.00,0.00,0.25,0.00,0.00,0,0
81272,ON,6,0,0.00,-27.00,-30.00,-3.12,146,146,0.00,0,0.00,0.00,0.00,0.25,0.00,0.00,0,0
81380,ON,6,0,0.00,-27.00,-30.00,-3.12,146,146,0.00,0,0.00,0.00,0.00,0.25,0.00,0.00,0,0
81489,ON,6,0,0.00,-27.00,-30.00,-3.12,146,146,0.00,0,0.00,0.00,0.00,0.25,0.00,0.00,0,0
81597,ON,6,0,0.00,-27.00,-30.00,-3.12,146,146,0.00,0,0.00,0.00,0.00,0.25,0.00,0.00,0,0
81709,ON,6,0,0.00,-27.00,-30.00,-3.12,146,146,0.00,0,0.00,0.00,0.00,0.25,0.00,0.00,0,0
81817,ON,6,0,0.00,-27.00,-30.00,-3.12,146,146,0.00,0,0.00,0.00,0.00,0.25,0.00,0.00,0,0
81926,ON,6,0,0.00,-27.00,-30.00,-3.12,146,146,0.00,0,0.00,0.00,0.00,0.25,0.00,0.00,0,0
82034,ON,6,0,0.00,-27.00,-30.00,-3.12,146,146,0.00,0,0.00,0.00,0.00,0.25,0.00,0.00,0,0
82143,ON,6,0,0.00,-27.00,-30.00,-3.12,146,146,0.00,0,0.00,0.00,0.00,0.25,0.00,0.00,0,0
82251,ON,6,0,0.00,-27.00,-30.00,-3.12,146,146,0.00,0,0.00,0.00,0.00,0.25,0.00,0.00,0,0
82363,ON,6,0,0.00,-27.00,-30.00,-3.12,146,146,0.00,0,0.00,0.00,0.00,0.25,0.00,0.00,0,0
82471,ON,6,0,0.00,-27.00,-30.00,-3.12,146,146,0.00,0,0.00,0.00,0.00,0.25,0.00,0.00,0,0
82580,ON,6,0,0.00,-27.00,-30.00,-3.12,146,146,0.00,0,0.00,0.00,0.00,0.25,0.00,0.00,0,0
82688,ON,6,0,0.00,-27.00,-30.00,-3.12,146,146,0.00,0,0.00,0.00,0.00,0.25,0.00,0.00,0,0
82797,ON,6,0,0.00,-27.00,-30.00,-3.12,146,146,0.00,0,0.00,0.00,0.00,0.25,0.00,0.00,0,0
82906,ON,6,0,0.00,-27.00,-30.00,-3.12,146,146,0.00,0,0.00,0.00,0.00,0.25,0.00,0.00,0,0
83017,ON,6,0,0.00,-27.00,-30.00,-3.12,146,146,0.00,0,0.00,0.00,0.00,0.25,0.00,0.00,0,0
83125,ON,6,0,0.00,-27.00,-30.00,-3.12,146,146,0.00,0,0.00,0.00,0.00,0.25,0.00,0.00,0,0
83234,ON,6,0,0.00,-27.00,-30.00,-3.12,146,146,0.00,0,0.00,0.00,0.00,0.25,0.00,0.00,0,0
83342,ON,6,0,0.00,-27.00,-30.00,-3.12,146,146,0.00,0,0.00,0.00,0.00,0.25,0.00,0.00,0,0
83451,ON,6,0,0.00,-27.00,-30.00,-3.12,146,146,0.00,0,0.00,0.00,0.00,0.25,0.00,0.00,0,0
83560,ON,6,0,0.00,-27.00,-30.00,-3.12,146,146,0.00,0,0.00,0.00,0.00,0.25,0.00,0.00,0,0
83671,ON,6,0,0.00,-27.00,-30.00,-3.12,146,146,0.00,0,0.00,0.00,0.00,0.25,0.00,0.00,0,0
83780,ON,6,0,0.00,-27.00,-30.00,-3.12,146,146,0.00,0,0.00,0.00,0.00,0.25,0.00,0.00,0,0
83888,ON,6,0,0.00,-27.00,-30.00,-3.12,146,146,0.00,0,0.00,0.00,0.00,0.25,0.00,0.00,0,0
83998,ON,6,0,0.00,-27.00,-30.00,-3.12,146,146,0.00,0,0.00,0.00,0.00,0.25,0.00,0.00,0,0
84106,ON,6,0,0.00,-27.00,-30.00,-3.12,146,146,0.00,0,0.00,0.00,0.00,0.25,0.00,0.00,0,0
84217,ON,6,0,0.00,-27.00,-30.00,-3.12,146,146,0.00,0,0.00,0.00,0.00,0.25,0.00,0.00,0,0
84326,ON,6,0,0.00,-27.00,-30.00,-3.12,146,146,0.00,0,0.00,0.00,0.00,0.25,0.00,0.00,0,0
84434,ON,6,0,0.00,-27.00,-30.00,-3.12,146,146,0.00,0,0.00,0.00,0.00,0.25,0.00,0.00,0,0
84543,ON,6,0,0.00,-27.00,-30.00,-3.12,146,146,0.00,0,0.00,0.00,0.00,0.25,0.00,0.00,0,0
84652,ON,6,0,0.00,-27.00,-30.00,-3.12,146,146,0.00,0,0.00,0.00,0.00,0.25,0.00,0.00,0,0
84760,ON,6,0,0.00,-27.00,-30.00,-3.12,146,146,0.00,0,0.00,0.00,0.00,0.25,0.00,0.00,0,0
84871,ON,6,0,0.00,-27.00,-30.00,-3.12,146,146,0.00,0,0.00,0.00,0.00,0.25,0.00,0.00,0,0
84980,ON,6,0,0.00,-27.00,-30.00,-3.12,146,146,0.00,0,0.00,0.00,0.00,0.25,0.00,0.00,0,0
85089,ON,6,0,0.00,-27.00,-30.00,-3.12,146,146,0.00,0,0.00,0.00,0.00,0.25,0.00,0.00,0,0
85197,ON,6,0,0.00,-27.00,-30.00,-3.12,146,146,0.00,0,0.00,0.00,0.00,0.25,0.00,0.00,0,0
85306,ON,6,0,0.00,-27.00,-30.00,-3.12,146,146,0.00,0,0.00,0.00,0.00,0.25,0.00,0.00,0,0
85414,ON,6,0,0.00,-27.00,-30.00,-3.12,146,146,0.00,0,0.00,0.00,0.00,0.25,0.00,0.00,0,0
85525,ON,6,0,0.00,-27.00,-30.00,-3.12,146,146,0.00,0,0.00,0.00,0.00,0.25,0.00,0.00,0,0
85634,ON,6,0,0.00,-27.00,-30.00,-3.12,146,146,0.00,0,0.00,0.00,0.00,0.25,0.00,0.00,0,0
85743,ON,6,0,0.00,-27.00,-30.00,-3.12,146,146,0.00,0,0.00,0.00,0.00,0.25,0.00,0.00,0,0
85851,ON,6,0,0.00,-27.00,-30.00,-3.12,146,146,0.00,0,0.00,0.00,0.00,0.25,0.00,0.00,0,0
85960,ON,6,0,0.00,-27.00,-30.00,-3.12,146,146,0.00,0,0.00,0.00,0.00,0.25,0.00,0.00,0,0
86068,ON,6,0,0.00,-27.00,-30.00,-3.12,146,146,0.00,0,0.00,0.00,0.00,0.25,0.00,0.00,0,0
86180,ON,6,0,0.00,-27.00,-30.00,-3.12,146,146,0.00,0,0.00,0.00,0.00,0.25,0.00,0.00,0,0
86288,ON,6,0,0.00,-27.00,-30.00,-3.12,146,146,0.00,0,0.00,0.00,0.00,0.25,0.00,0.00,0,0
86397,ON,6,0,0.00,-27.00,-30.00,-3.12,146,146,0.00,0,0.00,0.00,0.00,0.25,0.00,0.00,0,0
86506,ON,6,0,0.00,-27.00,-30.00,-3.12,146,146,0.00,0,0.00,0.00,0.00,0.25,0.00,0.00,0,0
86614,ON,6,0,0.00,-27.00,-30.00,-3.12,146,146,0.00,0,0.00,0.00,0.00,0.25,0.00,0.00,0,0
86723,ON,6,0,0.00,-27.00,-30.00,-3.12,146,146,0.00,0,0.00,0.00,0.00,0.25,0.00,0.00,0,0
86834,ON,6,0,0.00,-27.00,-30.00,-3.12,146,146,0.00,0,0.00,0.00,0.00,0.25,0.00,0.00,0,0
86942,ON,6,0,0.00,-27.00,-30.00,-3.12,146,146,0.00,0,0.00,0.00,0.00,0.25,0.00,0.00,0,0
87051,ON,6,0,0.00,-27.00,-30.00,-3.12,146,146,0.00,0,0.00,0.00,0.00,0.25,0.00,0.00,0,0
87160,ON,6,0,0.00,-27.00,-30.00,-3.12,146,146,0.00,0,0.00,0.00,0.00,0.25,0.00,0.00,0,0
87268,ON,6,0,0.00,-27.00,-30.00,-3.12,146,146,0.00,0,0.00,0.00,0.00,0.25,0.00,0.00,0,0
87377,ON,6,0,0.00,-27.00,-30.00,-3.12,146,146,0.00,0,0.00,0.00,0.00,0.25,0.00,0.00,0,0
87488,ON,6,0,0.00,-27.00,-30.00,-3.12,146,146,0.00,0,0.00,0.00,0.00,0.25,0.00,0.00,0,0
87597,ON,6,0,0.00,-27.00,-30.00,-3.12,146,146,0.00,0,0.00,0.00,0.00,0.25,0.00,0.00,0,0
87705,ON,6,0,0.00,-27.00,-30.00,-3.12,146,146,0.00,0,0.00,0.00,0.00,0.25,0.00,0.00,0,0
87814,ON,6,0,0.00,-27.00,-30.00,-3.12,146,146,0.00,0,0.00,0.00,0.00,0.25,0.00,0.00,0,0
87922,ON,6,0,0.00,-27.00,-30.00,-3.12,146,146,0.00,0,0.00,0.00,0.00,0.25,0.00,0.00,0,0
88031,ON,6,0,0.00,-27.00,-30.00,-3.12,146,146,0.00,0,0.00,0.00,0.00,0.25,0.00,0.00,0,0
88142,ON,6,0,0.00,-27.00,-30.00,-3.12,146,146,0.00,0,0.00,0.00,0.00,0.25,0.00,0.00,0,0
88251,ON,6,0,0.00,-27.00,-30.00,-3.12,146,146,0.00,0,0.00,0.00,0.00,0.25,0.00,0.00,0,0
88359,ON,6,0,0.00,-27.00,-30.00,-3.12,146,146,0.00,0,0.00,0.00,0.00,0.25,0.00,0.00,0,0
88468,ON,6,0,0.00,-27.00,-30.00,-3.12,146,146,0.00,0,0.00,0.00,0.00,0.25,0.00,0.00,0,0
88577,ON,6,0,0.00,-27.00,-30.00,-3.12,146,146,0.00,0,0.00,0.00,0.00,0.25,0.00,0.00,0,0
88685,ON,6,0,0.00,-27.00,-30.00,-3.12,146,146,0.00,0,0.00,0.00,0.00,0.25,0.00,0.00,0,0
88797,ON,6,0,0.00,-27.00,-30.00,-3.12,146,146,0.00,0,0.00,0.00,0.00,0.25,0.00,0.00,0,0
88905,ON,6,0,0.00,-27.00,-30.00,-3.12,146,146,0.00,0,0.00,0.00,0.00,0.25,0.00,0.00,0,0
89014,ON,6,0,0.00,-27.00,-30.00,-3.12,146,146,0.00,0,0.00,0.00,0.00,0.25,0.00,0.00,0,0
89122,ON,6,0,0.00,-27.00,-30.00,-3.12,146,146,0.00,0,0.00,0.00,0.00,0.25,0.00,0.00,0,0
89231,ON,6,0,0.00,-27.00,-30.00,-3.12,146,146,0.00,0,0.00,0.00,0.00,0.25,0.00,0.00,0,0
89340,ON,6,0,0.00,-27.00,-30.00,-3.12,146,146,0.00,0,0.00,0.00,0.00,0.25,0.00,0.00,0,0
89451,ON,6,0,0.00,-27.00,-30.00,-3.12,146,146,0.00,0,0.00,0.00,0.00,0.25,0.00,0.00,0,0
89559,ON,6,0,0.00,-27.00,-30.00,-3.12,146,146,0.00,0,0.00,0.00,0.00,0.25,0.00,0.00,0,0
89668,ON,6,0,0.00,-27.00,-30.00,-3.12,146,146,0.00,0,0.00,0.00,0.00,0.25,0.00,0.00,0,0
89777,ON,6,0,0.00,-27.00,-30.00,-3.12,146,146,0.00,0,0.00,0.00,0.00,0.25,0.00,0.00,0,0
89885,ON,6,0,0.00,-27.00,-30.00,-3.12,146,146,0.00,0,0.00,0.00,0.00,0.25,0.00,0.00,0,0
89994,ON,6,0,0.00,-27.00,-30.00,-3.12,146,146,0.00,0,0.00,0.00,0.00,0.25,0.00,0.00,0,0
90105,ON,6,0,0.00,-27.00,-30.00,-3.12,146,146,0.00,0,0.00,0.00,0.00,0.25,0.00,0.00,0,0
90214,ON,6,0,0.00,-27.00,-30.00,-3.12,146,146,0.00,0,0.00,0.00,0.00,0.25,0.00,0.00,0,0
90322,ON,6,0,0.00,-27.00,-30.00,-3.12,146,146,0.00,0,0.00,0.00,0.00,0.25,0.00,0.00,0,0
90431,ON,6,0,0.00,-27.00,-30.00,-3.12,146,146,0.00,0,0.00,0.00,0.00,0.25,0.00,0.00,0,0
90540,ON,6,0,0.00,-27.00,-30.00,-3.12,146,146,0.00,0,0.00,0.00,0.00,0.25,0.00,0.00,0,0
90648,ON,6,0,0.00,-27.00,-30.00,-3.12,146,146,0.00,0,0.00,0.00,0.00,0.25,0.00,0.00,0,0
90759,ON,6,0,0.00,-27.00,-30.00,-3.12,146,146,0.00,0,0.00,0.00,0.00,0.25,0.00,0.00,0,0
90868,ON,6,0,0.00,-27.00,-30.00,-3.12,146,146,0.00,0,0.00,0.00,0.00,0.25,0.00,0.00,0,0
90977,ON,6,0,0.00,-27.00,-30.00,-3.12,146,146,0.00,0,0.00,0.00,0.00,0.25,0.00,0.00,0,0
91085,ON,6,0,0.00,-27.00,-30.00,-3.12,146,146,0.00,0,0.00,0.00,0.00,0.25,0.00,0.00,0,0
91194,ON,6,0,0.00,-27.00,-30.00,-3.12,146,146,0.00,0,0.00,0.00,0.00,0.25,0.00,0.00,0,0
91302,ON,6,0,0.00,-27.00,-30.00,-3.12,146,146,0.00,0,0.00,0.00,0.00,0.25,0.00,0.00,0,0
91414,ON,6,0,0.00,-27.00,-30.00,-3.12,146,146,0.00,0,0.00,0.00,0.00,0.25,0.00,0.00,0,0
91522,ON,6,0,0.00,-27.00,-30.00,-3.12,146,146,0.00,0,0.00,0.00,0.00,0.25,0.00,0.00,0,0
91631,ON,6,0,0.00,-27.00,-30.00,-3.12,146,146,0.00,0,0.00,0.00,0.00,0.25,0.00,0.00,0,0
91740,ON,6,0,0.00,-27.00,-30.00,-3.12,146,146,0.00,0,0.00,0.00,0.00,0.25,0.00,0.00,0,0
91848,ON,6,0,0.00,-27.00,-30.00,-3.12,146,146,0.00,0,0.00,0.00,0.00,0.25,0.00,0.00,0,0
91957,ON,6,0,0.00,-27.00,-30.00,-3.12,146,146,0.00,0,0.00,0.00,0.00,0.25,0.00,0.00,0,0
92068,ON,6,0,0.00,-27.00,-30.00,-3.12,146,146,0.00,0,0.00,0.00,0.00,0.25,0.00,0.00,0,0
92177,ON,6,0,0.00,-27.00,-30.00,-3.12,146,146,0.00,0,0.00,0.00,0.00,0.25,0.00,0.00,0,0
92285,ON,6,0,0.00,-27.00,-30.00,-3.12,146,146,0.00,0,0.00,0.00,0.00,0.25,0.00,0.00,0,0
92394,ON,6,0,0.00,-27.00,-30.00,-3.12,146,146,0.00,0,0.00,0.00,0.00,0.25,0.00,0.00,0,0
92502,ON,6,0,0.00,-27.00,-30.00,-3.12,146,146,0.00,0,0.00,0.00,0.00,0.25,0.00,0.00,0,0
92611,ON,6,0,0.00,-27.00,-30.00,-3.12,146,146,0.00,0,0.00,0.00,0.00,0.25,0.00,0.00,0,0
92722,ON,6,0,0.00,-27.00,-30.00,-3.12,146,146,0.00,0,0.00,0.00,0.00,0.25,0.00,0.00,0,0
92831,ON,6,0,0.00,-27.00,-30.00,-3.12,146,146,0.00,0,0.00,0.00,0.00,0.25,0.00,0.00,0,0
92940,ON,6,0,0.00,-27.00,-30.00,-3.12,146,146,0.00,0,0.00,0.00,0.00,0.25,0.00,0.00,0,0
93048,ON,6,0,0.00,-27.00,-30.00,-3.12,146,146,0.00,0,0.00,0.00,0.00,0.25,0.00,0.00,0,0
93157,ON,6,0,0.00,-27.00,-30.00,-3.12,146,146,0.00,0,0.00,0.00,0.00,0.25,0.00,0.00,0,0
93265,ON,6,0,0.00,-27.00,-30.00,-3.12,146,146,0.00,0,0.00,0.00,0.00,0.25,0.00,0.00,0,0
93377,ON,6,0,0.00,-27.00,-30.00,-3.12,146,146,0.00,0,0.00,0.00,0.00,0.25,0.00,0.00,0,0
93485,ON,6,0,0.00,-27.00,-30.00,-3.12,146,146,0.00,0,0.00,0.00,0.00,0.25,0.00,0.00,0,0
93594,ON,6,0,0.00,-27.00,-30.00,-3.12,146,146,0.00,0,0.00,0.00,0.00,0.25,0.00,0.00,0,0
93702,ON,6,0,0.00,-27.00,-30.00,-3.12,146,146,0.00,0,0.00,0.00,0.00,0.25,0.00,0.00,0,0
93811,ON,6,0,0.00,-27.00,-30.00,-3.12,146,146,0.00,0,0.00,0.00,0.00,0.25,0.00,0.00,0,0
93919,ON,6,0,0.00,-27.00,-30.00,-3.12,146,146,0.00,0,0.00,0.00,0.00,0.25,0.00,0.00,0,0
94031,ON,6,0,0.00,-27.00,-30.00,-3.12,146,146,0.00,0,0.00,0.00,0.00,0.25,0.00,0.00,0,0
94139,ON,6,0,0.00,-27.00,-30.00,-3.12,146,146,0.00,0,0.00,0.00,0.00,0.25,0.00,0.00,0,0
94248,ON,6,0,0.00,-27.00,-30.00,-3.12,146,146,0.00,0,0.00,0.00,0.00,0.25,0.00,0.00,0,0
94357,ON,6,0,0.00,-27.00,-30.00,-3.12,146,146,0.00,0,0.00,0.00,0.00,0.25,0.00,0.00,0,0
94465,ON,6,0,0.00,-27.00,-30.00,-3.12,146,146,0.00,0,0.00,0.00,0.00,0.25,0.00,0.00,0,0
94574,ON,6,0,0.00,-27.00,-30.00,-3.12,146,146,0.00,0,0.00,0.00,0.00,0.25,0.00,0.00,0,0
94685,ON,6,0,0.00,-27.00,-30.00,-3.12,146,146,0.00,0,0.00,0.00,0.00,0.25,0.00,0.00,0,0
94794,ON,6,0,0.00,-27.00,-30.00,-3.12,146,146,0.00,0,0.00,0.00,0.00,0.25,0.00,0.00,0,0
94902,ON,6,0,0.00,-27.00,-30.00,-3.12,146,146,0.00,0,0.00,0.00,0.00,0.25,0.00,0.00,0,0
95011,ON,6,0,0.00,-27.00,-30.00,-3.12,146,146,0.00,0,0.00,0.00,0.00,0.25,0.00,0.00,0,0
95119,ON,6,0,0.00,-27.00,-30.00,-3.12,146,146,0.00,0,0.00,0.00,0.00,0.25,0.00,0.00,0,0
95228,ON,6,0,0.00,-27.00,-30.00,-3.12,146,146,0.00,0,0.00,0.00,0.00,0.25,0.00,0.00,0,0
95339,ON,6,0,0.00,-27.00,-30.00,-3.12,146,146,0.00,0,0.00,0.00,0.00,0.25,0.00,0.00,0,0
95448,ON,6,0,0.00,-27.00,-30.00,-3.12,146,146,0.00,0,0.00,0.00,0.00,0.25,0.00,0.00,0,0
95556,ON,6,0,0.00,-27.00,-30.00,-3.12,146,146,0.00,0,0.00,0.00,0.00,0.25,0.00,0.00,0,0
95665,ON,6,0,0.00,-27.00,-30.00,-3.12,146,146,0.00,0,0.00,0.00,0.00,0.25,0.00,0.00,0,0
95774,ON,6,0,0.00,-27.00,-30.00,-3.12,146,146,0.00,0,0.00,0.00,0.00,0.25,0.00,0.00,0,0
95882,ON,6,0,0.00,-27.00,-30.00,-3.12,146,146,0.00,0,0.00,0.00,0.00,0.25,0.00,0.00,0,0
95993,ON,6,0,0.00,-27.00,-30.00,-3.12,146,146,0.00,0,0.00,0.00,0.00,0.25,0.00,0.00,0,0
96102,ON,6,0,0.00,-27.00,-30.00,-3.12,146,146,0.00,0,0.00,0.00,0.00,0.25,0.00,0.00,0,0
96211,ON,6,0,0.00,-27.00,-30.00,-3.12,146,146,0.00,0,0.00,0.00,0.00,0.25,0.00,0.00,0,0
96319,ON,6,0,0.00,-27.00,-30.00,-3.12,146,146,0.00,0,0.00,0.00,0.00,0.25,0.00,0.00,0,0
96428,ON,6,0,0.00,-27.00,-30.00,-3.12,146,146,0.00,0,0.00,0.00,0.00,0.25,0.00,0.00,0,0
96536,ON,6,0,0.00,-27.00,-30.00,-3.12,146,146,0.00,0,0.00,0.00,0.00,0.25,0.00,0.00,0,0
96648,ON,6,0,0.00,-27.00,-30.00,-3.12,146,146,0.00,0,0.00,0.00,0.00,0.25,0.00,0.00,0,0
96756,ON,6,0,0.00,-27.00,-30.00,-3.12,146,146,0.00,0,0.00,0.00,0.00,0.25,0.00,0.00,0,0
96865,ON,6,0,0.00,-27.00,-30.00,-3.12,146,146,0.00,0,0.00,0.00,0.00,0.25,0.00,0.00,0,0
96974,ON,6,0,0.00,-27.00,-30.00,-3.12,146,146,0.00,0,0.00,0.00,0.00,0.25,0.00,0.00,0,0
97082,ON,6,0,0.00,-27.00,-30.00,-3.12,146,146,0.00,0,0.00,0.00,0.00,0.25,0.00,0.00,0,0
97191,ON,6,0,0.00,-27.00,-30.00,-3.12,146,146,0.00,0,0.00,0.00,0.00,0.25,0.00,0.00,0,0
97302,ON,6,0,0.00,-27.00,-30.00,-3.12,146,146,0.00,0,0.00,0.00,0.00,0.25,0.00,0.00,0,0
97410,ON,6,0,0.00,-27.00,-30.00,-3.12,146,146,0.00,0,0.00,0.00,0.00,0.25,0.00,0.00,0,0
97519,ON,6,0,0.00,-27.00,-30.00,-3.12,146,146,0.00,0,0.00,0.00,0.00,0.25,0.00,0.00,0,0
97628,ON,6,0,0.00,-27.00,-30.00,-3.12,146,146,0.00,0,0.00,0.00,0.00,0.25,0.00,0.00,0,0
97736,ON,6,0,0.00,-27.00,-30.00,-3.12,146,146,0.00,0,0.00,0.00,0.00,0.25,0.00,0.00,0,0
97845,ON,6,0,0.00,-27.00,-30.00,-3.12,146,146,0.00,0,0.00,0.00,0.00,0.25,0.00,0.00,0,0
97956,ON,6,0,0.00,-27.00,-30.00,-3.12,146,146,0.00,0,0.00,0.00,0.00,0.25,0.00,0.00,0,0
98065,ON,6,0,0.00,-27.00,-30.00,-3.12,146,146,0.00,0,0.00,0.00,0.00,0.25,0.00,0.00,0,0
98173,ON,6,0,0.00,-27.00,-30.00,-3.12,146,146,0.00,0,0.00,0.00,0.00,0.25,0.00,0.00,0,0
98282,ON,6,0,0.00,-27.00,-30.00,-3.12,146,146,0.00,0,0.00,0.00,0.00,0.25,0.00,0.00,0,0
98390,ON,6,0,0.00,-27.00,-30.00,-3.12,146,146,0.00,0,0.00,0.00,0.00,0.25,0.00,0.00,0,0
98499,ON,6,0,0.00,-27.00,-30.00,-3.12,146,146,0.00,0,0.00,0.00,0.00,0.25,0.00,0.00,0,0
98610,ON,6,0,0.00,-27.00,-30.00,-3.12,146,146,0.00,0,0.00,0.00,0.00,0.25,0.00,0.00,0,0
98719,ON,6,0,0.00,-27.00,-30.00,-3.12,146,146,0.00,0,0.00,0.00,0.00,0.25,0.00,0.00,0,0
98827,ON,6,0,0.00,-27.00,-30.00,-3.12,146,146,0.00,0,0.00,0.00,0.00,0.25,0.00,0.00,0,0
98936,ON,6,0,0.00,-27.00,-30.00,-3.12,146,146,0.00,0,0.00,0.00,0.00,0.25,0.00,0.00,0,0
99044,ON,6,0,0.00,-27.00,-30.00,-3.12,146,146,0.00,0,0.00,0.00,0.00,0.25,0.00,0.00,0,0
99153,ON,6,0,0.00,-27.00,-30.00,-3.12,146,146,0.00,0,0.00,0.00,0.00,0.25,0.00,0.00,0,0
99265,ON,6,0,0.00,-27.00,-30.00,-3.12,146,146,0.00,0,0.00,0.00,0.00,0.25,0.00,0.00,0,0
99373,ON,6,0,0.00,-27.00,-30.00,-3.12,146,146,0.00,0,0.00,0.00,0.00,0.25,0.00,0.00,0,0
99482,ON,6,0,0.00,-27.00,-30.00,-3.12,146,146,0.00,0,0.00,0.00,0.00,0.25,0.00,0.00,0,0
99591,ON,6,0,0.00,-27.00,-30.00,-3.12,146,146,0.00,0,0.00,0.00,0.00,0.25,0.00,0.00,0,0
99699,ON,6,0,0.00,-27.00,-30.00,-3.12,146,146,0.00,0,0.00,0.00,0.00,0.25,0.00,0.00,0,0
99808,ON,6,0,0.00,-27.00,-30.00,-3.12,146,146,0.00,0,0.00,0.00,0.00,0.25,0.00,0.00,0,0
99919,ON,6,0,0.00,-27.00,-30.00,-3.12,146,146,0.00,0,0.00,0.00,0.00,0.25,0.00,0.00,0,0
100028,ON,6,0,0.00,-27.00,-30.00,-3.12,146,146,0.00,0,0.00,0.00,0.00,0.25,0.00,0.00,0,0
100136,ON,6,0,0.00,-27.00,-30.00,-3.12,146,146,0.00,0,0.00,0.00,0.00,0.25,0.00,0.00,0,0
100245,ON,6,0,0.00,-27.00,-30.00,-3.12,146,146,0.00,0,0.00,0.00,0.00,0.25,0.00,0.00,0,0
100353,ON,6,0,0.00,-27.00,-30.00,-3.12,146,146,0.00,0,0.00,0.00,0.00,0.25,0.00,0.00,0,0
100462,ON,6,0,0.00,-27.00,-30.00,-3.12,146,146,0.00,0,0.00,0.00,0.00,0.25,0.00,0.00,0,0
100573,ON,6,0,0.00,-27.00,-30.00,-3.12,146,146,0.00,0,0.00,0.00,0.00,0.25,0.00,0.00,0,0
100682,ON,6,0,0.00,-27.00,-30.00,-3.12,146,146,0.00,0,0.00,0.00,0.00,0.25,0.00,0.00,0,0
100790,ON,6,0,0.00,-27.00,-30.00,-3.12,146,146,0.00,0,0.00,0.00,0.00,0.25,0.00,0.00,0,0
100899,ON,6,0,0.00,-27.00,-30.00,-3.12,146,146,0.00,0,0.00,0.00,0.00,0.25,0.00,0.00,0,0
101008,ON,6,0,0.00,-27.00,-30.00,-3.12,146,146,0.00,0,0.00,0.00,0.00,0.25,0.00,0.00,0,0
101116,ON,6,0,0.00,-27.00,-30.00,-3.12,146,146,0.00,0,0.00,0.00,0.00,0.25,0.00,0.00,0,0
101227,ON,6,0,0.00,-27.00,-30.00,-3.12,146,146,0.00,0,0.00,0.00,0.00,0.25,0.00,0.00,0,0
101336,ON,6,0,0.00,-27.00,-30.00,-3.12,146,146,0.00,0,0.00,0.00,0.00,0.25,0.00,0.00,0,0
101444,ON,6,0,0.00,-27.00,-30.00,-3.12,146,146,0.00,0,0.00,0.00,0.00,0.25,0.00,0.00,0,0
101553,ON,6,0,0.00,-27.00,-30.00,-3.12,146,146,0.00,0,0.00,0.00,0.00,0.25,0.00,0.00,0,0
101662,ON,6,0,0.00,-27.00,-30.00,-3.12,146,146,0.00,0,0.00,0.00,0.00,0.25,0.00,0.00,0,0
101770,ON,6,0,0.00,-27.00,-30.00,-3.12,146,146,0.00,0,0.00,0.00,0.00,0.25,0.00,0.00,0,0
101882,ON,6,0,0.00,-27.00,-30.00,-3.12,146,146,0.00,0,0.00,0.00,0.00,0.25,0.00,0.00,0,0
101991,ON,6,0,0.00,-27.00,-30.00,-3.12,146,146,0.00,0,0.00,0.00,0.00,0.25,0.00,0.00,0,0
102099,ON,6,0,0.00,-27.00,-30.00,-3.12,146,146,0.00,0,0.00,0.00,0.00,0.25,0.00,0.00,0,0
102208,ON,6,0,0.00,-27.00,-30.00,-3.12,146,146,0.00,0,0.00,0.00,0.00,0.25,0.00,0.00,0,0
102316,ON,6,0,0.00,-27.00,-30.00,-3.12,146,146,0.00,0,0.00,0.00,0.00,0.25,0.00,0.00,0,0
102425,ON,6,0,0.00,-27.00,-30.00,-3.12,146,146,0.00,0,0.00,0.00,0.00,0.25,0.00,0.00,0,0
102536,ON,6,0,0.00,-27.00,-30.00,-3.12,146,146,0.00,0,0.00,0.00,0.00,0.25,0.00,0.00,0,0
102645,ON,6,0,0.00,-27.00,-30.00,-3.12,146,146,0.00,0,0.00,0.00,0.00,0.25,0.00,0.00,0,0
102754,ON,6,0,0.00,-27.00,-30.00,-3.12,146,146,0.00,0,0.00,0.00,0.00,0.25,0.00,0.00,0,0
102862,ON,6,0,0.00,-27.00,-30.00,-3.12,146,146,0.00,0,0.00,0.00,0.00,0.25,0.00,0.00,0,0
102971,ON,6,0,0.00,-27.00,-30.00,-3.12,146,146,0.00,0,0.00,0.00,0.00,0.25,0.00,0.00,0,0
103079,ON,6,0,0.00,-27.00,-30.00,-3.12,146,146,0.00,0,0.00,0.00,0.00,0.25,0.00,0.00,0,0
103190,ON,6,0,0.00,-27.00,-30.00,-3.12,146,146,0.00,0,0.00,0.00,0.00,0.25,0.00,0.00,0,0
103299,ON,6,0,0.00,-27.00,-30.00,-3.12,146,146,0.00,0,0.00,0.00,0.00,0.25,0.00,0.00,0,0
103408,ON,6,0,0.00,-27.00,-30.00,-3.12,146,146,0.00,0,0.00,0.00,0.00,0.25,0.00,0.00,0,0
103516,ON,6,0,0.00,-27.00,-30.00,-3.12,146,146,0.00,0,0.00,0.00,0.00,0.25,0.00,0.00,0,0
103625,ON,6,0,0.00,-27.00,-30.00,-3.12,146,146,0.00,0,0.00,0.00,0.00,0.25,0.00,0.00,0,0
103733,ON,6,0,0.00,-27.00,-30.00,-3.12,146,146,0.00,0,0.00,0.00,0.00,0.25,0.00,0.00,0,0
103845,ON,6,0,0.00,-27.00,-30.00,-3.12,146,146,0.00,0,0.00,0.00,0.00,0.25,0.00,0.00,0,0
103953,ON,6,0,0.00,-27.00,-30.00,-3.12,146,146,0.00,0,0.00,0.00,0.00,0.25,0.00,0.00,0,0
104062,ON,6,0,0.00,-27.00,-30.00,-3.12,146,146,0.00,0,0.00,0.00,0.00,0.25,0.00,0.00,0,0
104170,ON,6,0,0.00,-27.00,-30.00,-3.12,146,146,0.00,0,0.00,0.00,0.00,0.25,0.00,0.00,0,0
104279,ON,6,0,0.00,-27.00,-30.00,-3.12,146,146,0.00,0,0.00,0.00,0.00,0.25,0.00,0.00,0,0
104387,ON,6,0,0.00,-27.00,-30.00,-3.12,146,146,0.00,0,0.00,0.00,0.00,0.25,0.00,0.00,0,0
104499,ON,6,0,0.00,-27.00,-30.00,-3.12,146,146,0.00,0,0.00,0.00,0.00,0.25,0.00,0.00,0,0
104607,ON,6,0,0.00,-27.00,-30.00,-3.12,146,146,0.00,0,0.00,0.00,0.00,0.25,0.00,0.00,0,0
104716,ON,6,0,0.00,-27.00,-30.00,-3.12,146,146,0.00,0,0.00,0.00,0.00,0.25,0.00,0.00,0,0
104825,ON,6,0,0.00,-27.00,-30.00,-3.12,146,146,0.00,0,0.00,0.00,0.00,0.25,0.00,0.00,0,0
104933,ON,6,0,0.00,-27.00,-30.00,-3.12,146,146,0.00,0,0.00,0.00,0.00,0.25,0.00,0.00,0,0
105042,ON,6,0,0.00,-27.00,-30.00,-3.12,146,146,0.00,0,0.00,0.00,0.00,0.25,0.00,0.00,0,0
105153,ON,6,0,0.00,-27.00,-30.00,-3.12,146,146,0.00,0,0.00,0.00,0.00,0.25,0.00,0.00,0,0
105262,ON,6,0,0.00,-27.00,-30.00,-3.12,146,146,0.00,0,0.00,0.00,0.00,0.25,0.00,0.00,0,0
105370,ON,6,0,0.00,-27.00,-30.00,-3.12,146,146,0.00,0,0.00,0.00,0.00,0.25,0.00,0.00,0,0
105479,ON,6,0,0.00,-27.00,-30.00,-3.12,146,146,0.00,0,0.00,0.00,0.00,0.25,0.00,0.00,0,0
105587,ON,6,0,0.00,-27.00,-30.00,-3.12,146,146,0.00,0,0.00,0.00,0.00,0.25,0.00,0.00,0,0
105696,ON,6,0,0.00,-27.00,-30.00,-3.12,146,146,0.00,0,0.00,0.00,0.00,0.25,0.00,0.00,0,0
105807,ON,6,0,0.00,-27.00,-30.00,-3.12,146,146,0.00,0,0.00,0.00,0.00,0.25,0.00,0.00,0,0
105916,ON,6,0,0.00,-27.00,-30.00,-3.12,146,146,0.00,0,0.00,0.00,0.00,0.25,0.00,0.00,0,0
106024,ON,6,0,0.00,-27.00,-30.00,-3.12,146,146,0.00,0,0.00,0.00,0.00,0.25,0.00,0.00,0,0
106133,ON,6,0,0.00,-27.00,-30.00,-3.12,146,146,0.00,0,0.00,0.00,0.00,0.25,0.00,0.00,0,0
106242,ON,6,0,0.00,-27.00,-30.00,-3.12,146,146,0.00,0,0.00,0.00,0.00,0.25,0.00,0.00,0,0
106350,ON,6,0,0.00,-27.00,-30.00,-3.12,146,146,0.00,0,0.00,0.00,0.00,0.25,0.00,0.00,0,0
106462,ON,6,0,0.00,-27.00,-30.00,-3.12,146,146,0.00,0,0.00,0.00,0.00,0.25,0.00,0.00,0,0
106570,ON,6,0,0.00,-27.00,-30.00,-3.12,146,146,0.00,0,0.00,0.00,0.00,0.25,0.00,0.00,0,0
106679,ON,6,0,0.00,-27.00,-30.00,-3.12,146,146,0.00,0,0.00,0.00,0.00,0.25,0.00,0.00,0,0
106787,ON,6,0,0.00,-27.00,-30.00,-3.12,146,146,0.00,0,0.00,0.00,0.00,0.25,0.00,0.00,0,0
106896,ON,6,0,0.00,-27.00,-30.00,-3.12,146,146,0.00,0,0.00,0.00,0.00,0.25,0.00,0.00,0,0
107004,ON,6,0,0.00,-27.00,-30.00,-3.12,146,146,0.00,0,0.00,0.00,0.00,0.25,0.00,0.00,0,0
107116,ON,6,0,0.00,-27.00,-30.00,-3.12,146,146,0.00,0,0.00,0.00,0.00,0.25,0.00,0.00,0,0
107225,ON,6,0,0.00,-27.00,-30.00,-3.12,146,146,0.00,0,0.00,0.00,0.00,0.25,0.00,0.00,0,0
107333,ON,6,0,0.00,-27.00,-30.00,-3.12,146,146,0.00,0,0.00,0.00,0.00,0.25,0.00,0.00,0,0
107442,ON,6,0,0.00,-27.00,-30.00,-3.12,146,146,0.00,0,0.00,0.00,0.00,0.25,0.00,0.00,0,0
107550,ON,6,0,0.00,-27.00,-30.00,-3.12,146,146,0.00,0,0.00,0.00,0.00,0.25,0.00,0.00,0,0
107659,ON,6,0,0.00,-27.00,-30.00,-3.12,146,146,0.00,0,0.00,0.00,0.00,0.25,0.00,0.00,0,0
107770,ON,6,0,0.00,-27.00,-30.00,-3.12,146,146,0.00,0,0.00,0.00,0.00,0.25,0.00,0.00,0,0
107879,ON,6,0,0.00,-27.00,-30.00,-3.12,146,146,0.00,0,0.00,0.00,0.00,0.25,0.00,0.00,0,0
107988,ON,6,0,0.00,-27.00,-30.00,-3.12,146,146,0.00,0,0.00,0.00,0.00,0.25,0.00,0.00,0,0
108096,ON,6,0,0.00,-27.00,-30.00,-3.12,146,146,0.00,0,0.00,0.00,0.00,0.25,0.00,0.00,0,0
108205,ON,6,0,0.00,-27.00,-30.00,-3.12,146,146,0.00,0,0.00,0.00,0.00,0.25,0.00,0.00,0,0
108313,ON,6,0,0.00,-27.00,-30.00,-3.12,146,146,0.00,0,0.00,0.00,0.00,0.25,0.00,0.00,0,0
108425,ON,6,0,0.00,-27.00,-30.00,-3.12,146,146,0.00,0,0.00,0.00,0.00,0.25,0.00,0.00,0,0
108533,ON,6,0,0.00,-27.00,-30.00,-3.12,146,146,0.00,0,0.00,0.00,0.00,0.25,0.00,0.00,0,0
108642,ON,6,0,0.00,-27.00,-30.00,-3.12,146,146,0.00,0,0.00,0.00,0.00,0.25,0.00,0.00,0,0
108750,ON,6,0,0.00,-27.00,-30.00,-3.12,146,146,0.00,0,0.00,0.00,0.00,0.25,0.00,0.00,0,0
108859,ON,6,0,0.00,-27.00,-30.00,-3.12,146,146,0.00,0,0.00,0.00,0.00,0.25,0.00,0.00,0,0
108968,ON,6,0,0.00,-27.00,-30.00,-3.12,146,146,0.00,0,0.00,0.00,0.00,0.25,0.00,0.00,0,0
109079,ON,6,0,0.00,-27.00,-30.00,-3.12,146,146,0.00,0,0.00,0.00,0.00,0.25,0.00,0.00,0,0
109187,ON,6,0,0.00,-27.00,-30.00,-3.12,146,146,0.00,0,0.00,0.00,0.00,0.25,0.00,0.00,0,0
109296,ON,6,0,0.00,-27.00,-30.00,-3.12,146,146,0.00,0,0.00,0.00,0.00,0.25,0.00,0.00,0,0
109405,ON,6,0,0.00,-27.00,-30.00,-3.12,146,146,0.00,0,0.00,0.00,0.00,0.25,0.00,0.00,0,0
109513,ON,6,0,0.00,-27.00,-30.00,-3.12,146,146,0.00,0,0.00,0.00,0.00,0.25,0.00,0.00,0,0
109622,ON,6,0,0.00,-27.00,-30.00,-3.12,146,146,0.00,0,0.00,0.00,0.00,0.25,0.00,0.00,0,0
109734,ON,6,0,0.00,-27.00,-30.00,-3.12,146,146,0.00,0,0.00,0.00,0.00,0.25,0.00,0.00,0,0
109842,ON,6,0,0.00,-27.00,-30.00,-3.12,146,146,0.00,0,0.00,0.00,0.00,0.25,0.00,0.00,0,0
109951,ON,6,0,0.00,-27.00,-30.00,-3.12,146,146,0.00,0,0.00,0.00,0.00,0.25,0.00,0.00,0,0
110059,ON,6,0,0.00,-27.00,-30.00,-3.12,146,146,0.00,0,0.00,0.00,0.00,0.25,0.00,0.00,0,0
110168,ON,6,0,0.00,-27.00,-30.00,-3.12,146,146,0.00,0,0.00,0.00,0.00,0.25,0.00,0.00,0,0
110276,ON,6,0,0.00,-27.00,-30.00,-3.12,146,146,0.00,0,0.00,0.00,0.00,0.25,0.00,0.00,0,0
110388,ON,6,0,0.00,-27.00,-30.00,-3.12,146,146,0.00,0,0.00,0.00,0.00,0.25,0.00,0.00,0,0
110496,ON,6,0,0.00,-27.00,-30.00,-3.12,146,146,0.00,0,0.00,0.00,0.00,0.25,0.00,0.00,0,0
110605,ON,6,0,0.00,-27.00,-30.00,-3.12,146,146,0.00,0,0.00,0.00,0.00,0.25,0.00,0.00,0,0
110713,ON,6,0,0.00,-27.00,-30.00,-3.12,146,146,0.00,0,0.00,0.00,0.00,0.25,0.00,0.00,0,0
110822,ON,6,0,0.00,-27.00,-30.00,-3.12,146,146,0.00,0,0.00,0.00,0.00,0.25,0.00,0.00,0,0
110931,ON,6,0,0.00,-27.00,-30.00,-3.12,146,146,0.00,0,0.00,0.00,0.00,0.25,0.00,0.00,0,0
111042,ON,6,0,0.00,-27.00,-30.00,-3.12,146,146,0.00,0,0.00,0.00,0.00,0.25,0.00,0.00,0,0
111150,ON,6,0,0.00,-27.00,-30.00,-3.12,146,146,0.00,0,0.00,0.00,0.00,0.25,0.00,0.00,0,0
111259,ON,6,0,0.00,-27.00,-30.00,-3.12,146,146,0.00,0,0.00,0.00,0.00,0.25,0.00,0.00,0,0
111368,ON,6,0,0.00,-27.00,-30.00,-3.12,146,146,0.00,0,0.00,0.00,0.00,0.25,0.00,0.00,0,0
111476,ON,6,0,0.00,-27.00,-30.00,-3.12,146,146,0.00,0,0.00,0.00,0.00,0.25,0.00,0.00,0,0
111585,ON,6,0,0.00,-27.00,-30.00,-3.12,146,146,0.00,0,0.00,0.00,0.00,0.25,0.00,0.00,0,0
111696,ON,6,0,0.00,-27.00,-30.00,-3.12,146,146,0.00,0,0.00,0.00,0.00,0.25,0.00,0.00,0,0
111805,ON,6,0,0.00,-27.00,-30.00,-3.12,146,146,0.00,0,0.00,0.00,0.00,0.25,0.00,0.00,0,0
111913,ON,6,0,0.00,-27.00,-30.00,-3.12,146,146,0.00,0,0.00,0.00,0.00,0.25,0.00,0.00,0,0
112022,ON,6,0,0.00,-27.00,-30.00,-3.12,146,146,0.00,0,0.00,0.00,0.00,0.25,0.00,0.00,0,0
112130,ON,6,0,0.00,-27.00,-30.00,-3.12,146,146,0.00,0,0.00,0.00,0.00,0.25,0.00,0.00,0,0
112239,ON,6,0,0.00,-27.00,-30.00,-3.12,146,146,0.00,0,0.00,0.00,0.00,0.25,0.00,0.00,0,0
112351,ON,6,0,0.00,-27.00,-30.00,-3.12,146,146,0.00,0,0.00,0.00,0.00,0.25,0.00,0.00,0,0
112459,ON,6,0,0.00,-27.00,-30.00,-3.12,146,146,0.00,0,0.00,0.00,0.00,0.25,0.00,0.00,0,0
112568,ON,6,0,0.00,-27.00,-30.00,-3.12,146,146,0.00,0,0.00,0.00,0.00,0.25,0.00,0.00,0,0
112677,ON,6,0,0.00,-27.00,-30.00,-3.12,146,146,0.00,0,0.00,0.00,0.00,0.25,0.00,0.00,0,0
112785,ON,6,0,0.00,-27.00,-30.00,-3.12,146,146,0.00,0,0.00,0.00,0.00,0.25,0.00,0.00,0,0
112894,ON,6,0,0.00,-27.00,-30.00,-3.12,146,146,0.00,0,0.00,0.00,0.00,0.25,0.00,0.00,0,0
113005,ON,6,0,0.00,-27.00,-30.00,-3.12,146,146,0.00,0,0.00,0.00,0.00,0.25,0.00,0.00,0,0
113114,ON,6,0,0.00,-27.00,-30.00,-3.12,146,146,0.00,0,0.00,0.00,0.00,0.25,0.00,0.00,0,0
113222,ON,6,0,0.00,-27.00,-30.00,-3.12,146,146,0.00,0,0.00,0.00,0.00,0.25,0.00,0.00,0,0
113331,ON,6,0,0.00,-27.00,-30.00,-3.12,146,146,0.00,0,0.00,0.00,0.00,0.25,0.00,0.00,0,0
113439,ON,6,0,0.00,-27.00,-30.00,-3.12,146,146,0.00,0,0.00,0.00,0.00,0.25,0.00,0.00,0,0
113548,ON,6,0,0.00,-27.00,-30.00,-3.12,146,146,0.00,0,0.00,0.00,0.00,0.25,0.00,0.00,0,0
113659,ON,6,0,0.00,-27.00,-30.00,-3.12,146,146,0.00,0,0.00,0.00,0.00,0.25,0.00,0.00,0,0
113768,ON,6,0,0.00,-27.00,-30.00,-3.12,146,146,0.00,0,0.00,0.00,0.00,0.25,0.00,0.00,0,0
113876,ON,6,0,0.00,-27.00,-30.00,-3.12,146,146,0.00,0,0.00,0.00,0.00,0.25,0.00,0.00,0,0
113985,ON,6,0,0.00,-27.00,-30.00,-3.12,146,146,0.00,0,0.00,0.00,0.00,0.25,0.00,0.00,0,0
114094,ON,6,0,0.00,-27.00,-30.00,-3.12,146,146,0.00,0,0.00,0.00,0.00,0.25,0.00,0.00,0,0
114202,ON,6,0,0.00,-27.00,-30.00,-3.12,146,146,0.00,0,0.00,0.00,0.00,0.25,0.00,0.00,0,0
114313,ON,6,0,0.00,-27.00,-30.00,-3.12,146,146,0.00,0,0.00,0.00,0.00,0.25,0.00,0.00,0,0
114422,ON,6,0,0.00,-27.00,-30.00,-3.12,146,146,0.00,0,0.00,0.00,0.00,0.25,0.00,0.00,0,0
114530,ON,6,0,0.00,-27.00,-30.00,-3.12,146,146,0.00,0,0.00,0.00,0.00,0.25,0.00,0.00,0,0
114639,ON,6,0,0.00,-27.00,-30.00,-3.12,146,146,0.00,0,0.00,0.00,0.00,0.25,0.00,0.00,0,0
114747,ON,6,0,0.00,-27.00,-30.00,-3.12,146,146,0.00,0,0.00,0.00,0.00,0.25,0.00,0.00,0,0
114856,ON,6,0,0.00,-27.00,-30.00,-3.12,146,146,0.00,0,0.00,0.00,0.00,0.25,0.00,0.00,0,0
114968,ON,6,0,0.00,-27.00,-30.00,-3.12,146,146,0.00,0,0.00,0.00,0.00,0.25,0.00,0.00,0,0
115076,ON,6,0,0.00,-27.00,-30.00,-3.12,146,146,0.00,0,0.00,0.00,0.00,0.25,0.00,0.00,0,0
115185,ON,6,0,0.00,-27.00,-30.00,-3.12,146,146,0.00,0,0.00,0.00,0.00,0.25,0.00,0.00,0,0
115293,ON,6,0,0.00,-27.00,-30.00,-3.12,146,146,0.00,0,0.00,0.00,0.00,0.25,0.00,0.00,0,0
115402,ON,6,0,0.00,-27.00,-30.00,-3.12,146,146,0.00,0,0.00,0.00,0.00,0.25,0.00,0.00,0,0
115510,ON,6,0,0.00,-27.00,-30.00,-3.12,146,146,0.00,0,0.00,0.00,0.00,0.25,0.00,0.00,0,0
115622,ON,6,0,0.00,-27.00,-30.00,-3.12,146,146,0.00,0,0.00,0.00,0.00,0.25,0.00,0.00,0,0
115730,ON,6,0,0.00,-27.00,-30.00,-3.12,146,146,0.00,0,0.00,0.00,0.00,0.25,0.00,0.00,0,0
115839,ON,6,0,0.00,-27.00,-30.00,-3.12,146,146,0.00,0,0.00,0.00,0.00,0.25,0.00,0.00,0,0
115947,ON,6,0,0.00,-27.00,-30.00,-3.12,146,146,0.00,0,0.00,0.00,0.00,0.25,0.00,0.00,0,0
116056,ON,6,0,0.00,-27.00,-30.00,-3.12,146,146,0.00,0,0.00,0.00,0.00,0.25,0.00,0.00,0,0
116165,ON,6,0,0.00,-27.00,-30.00,-3.12,146,146,0.00,0,0.00,0.00,0.00,0.25,0.00,0.00,0,0
116276,ON,6,0,0.00,-27.00,-30.00,-3.12,146,146,0.00,0,0.00,0.00,0.00,0.25,0.00,0.00,0,0
116384,ON,6,0,0.00,-27.00,-30.00,-3.12,146,146,0.00,0,0.00,0.00,0.00,0.25,0.00,0.00,0,0
116493,ON,6,0,0.00,-27.00,-30.00,-3.12,146,146,0.00,0,0.00,0.00,0.00,0.25,0.00,0.00,0,0
116602,ON,6,0,0.00,-27.00,-30.00,-3.12,146,146,0.00,0,0.00,0.00,0.00,0.25,0.00,0.00,0,0
116710,ON,6,0,0.00,-27.00,-30.00,-3.12,146,146,0.00,0,0.00,0.00,0.00,0.25,0.00,0.00,0,0
116819,ON,6,0,0.00,-27.00,-30.00,-3.12,146,146,0.00,0,0.00,0.00,0.00,0.25,0.00,0.00,0,0
116930,ON,6,0,0.00,-27.00,-30.00,-3.12,146,146,0.00,0,0.00,0.00,0.00,0.25,0.00,0.00,0,0
117039,ON,6,0,0.00,-27.00,-30.00,-3.12,146,146,0.00,0,0.00,0.00,0.00,0.25,0.00,0.00,0,0
117147,ON,6,0,0.00,-27.00,-30.00,-3.12,146,146,0.00,0,0.00,0.00,0.00,0.25,0.00,0.00,0,0
117256,ON,6,0,0.00,-27.00,-30.00,-3.12,146,146,0.00,0,0.00,0.00,0.00,0.25,0.00,0.00,0,0
117364,ON,6,0,0.00,-27.00,-30.00,-3.12,146,146,0.00,0,0.00,0.00,0.00,0.25,0.00,0.00,0,0
117473,ON,6,0,0.00,-27.00,-30.00,-3.12,146,146,0.00,0,0.00,0.00,0.00,0.25,0.00,0.00,0,0
117585,ON,6,0,0.00,-27.00,-30.00,-3.12,146,146,0.00,0,0.00,0.00,0.00,0.25,0.00,0.00,0,0
117693,ON,6,0,0.00,-27.00,-30.00,-3.12,146,146,0.00,0,0.00,0.00,0.00,0.25,0.00,0.00,0,0
117802,ON,6,0,0.00,-27.00,-30.00,-3.12,146,146,0.00,0,0.00,0.00,0.00,0.25,0.00,0.00,0,0
117910,ON,6,0,0.00,-27.00,-30.00,-3.12,146,146,0.00,0,0.00,0.00,0.00,0.25,0.00,0.00,0,0
118019,ON,6,0,0.00,-27.00,-30.00,-3.12,146,146,0.00,0,0.00,0.00,0.00,0.25,0.00,0.00,0,0
118127,ON,6,0,0.00,-27.00,-30.00,-3.12,146,146,0.00,0,0.00,0.00,0.00,0.25,0.00,0.00,0,0
118239,ON,6,0,0.00,-27.00,-30.00,-3.12,146,146,0.00,0,0.00,0.00,0.00,0.25,0.00,0.00,0,0
118347,ON,6,0,0.00,-27.00,-30.00,-3.12,146,146,0.00,0,0.00,0.00,0.00,0.25,0.00,0.00,0,0
118456,ON,6,0,0.00,-27.00,-30.00,-3.12,146,146,0.00,0,0.00,0.00,0.00,0.25,0.00,0.00,0,0
118565,ON,6,0,0.00,-27.00,-30.00,-3.12,146,146,0.00,0,0.00,0.00,0.00,0.25,0.00,0.00,0,0
118673,ON,6,0,0.00,-27.00,-30.00,-3.12,146,146,0.00,0,0.00,0.00,0.00,0.25,0.00,0.00,0,0
118782,ON,6,0,0.00,-27.00,-30.00,-3.12,146,146,0.00,0,0.00,0.00,0.00,0.25,0.00,0.00,0,0
118893,ON,6,0,0.00,-27.00,-30.00,-3.12,146,146,0.00,0,0.00,0.00,0.00,0.25,0.00,0.00,0,0
119002,ON,6,0,0.00,-27.00,-30.00,-3.12,146,146,0.00,0,0.00,0.00,0.00,0.25,0.00,0.00,0,0
119110,ON,6,0,0.00,-27.00,-30.00,-3.12,146,146,0.00,0,0.00,0.00,0.00,0.25,0.00,0.00,0,0
119219,ON,6,0,0.00,-27.00,-30.00,-3.12,146,146,0.00,0,0.00,0.00,0.00,0.25,0.00,0.00,0,0
119328,ON,6,0,0.00,-27.00,-30.00,-3.12,146,146,0.00,0,0.00,0.00,0.00,0.25,0.00,0.00,0,0
119436,ON,6,0,0.00,-27.00,-30.00,-3.12,146,146,0.00,0,0.00,0.00,0.00,0.25,0.00,0.00,0,0
119547,ON,6,0,0.00,-27.00,-30.00,-3.12,146,146,0.00,0,0.00,0.00,0.00,0.25,0.00,0.00,0,0
119656,ON,6,0,0.00,-27.00,-30.00,-3.12,146,146,0.00,0,0.00,0.00,0.00,0.25,0.00,0.00,0,0
119765,ON,6,0,0.00,-27.00,-30.00,-3.12,146,146,0.00,0,0.00,0.00,0.00,0.25,0.00,0.00,0,0
119873,ON,6,0,0.00,-27.00,-30.00,-3.12,146,146,0.00,0,0.00,0.00,0.00,0.25,0.00,0.00,0,0
119982,ON,6,0,0.00,-27.00,-30.00,-3.12,146,146,0.00,0,0.00,0.00,0.00,0.25,0.00,0.00,0,0
120090,ON,6,0,0.00,-27.00,-30.00,-3.12,146,146,0.00,0,0.00,0.00,0.00,0.25,0.00,0.00,0,0
120207,ON,6,0,0.00,-27.00,-30.00,-3.12,146,146,0.00,0,0.00,0.00,0.00,0.25,0.00,0.00,0,0
120316,ON,6,0,0.00,-27.00,-30.00,-3.12,146,146,0.00,0,0.00,0.00,0.00,0.25,0.00,0.00,0,0
120424,ON,6,0,0.00,-27.00,-30.00,-3.12,146,146,0.00,0,0.00,0.00,0.00,0.25,0.00,0.00,0,0
120533,ON,6,0,0.00,-27.00,-30.00,-3.12,146,146,0.00,0,0.00,0.00,0.00,0.25,0.00,0.00,0,0
120642,ON,6,0,0.00,-27.00,-30.00,-3.12,146,146,0.00,0,0.00,0.00,0.00,0.25,0.00,0.00,0,0
120750,ON,6,0,0.00,-27.00,-30.00,-3.12,146,146,0.00,0,0.00,0.00,0.00,0.25,0.00,0.00,0,0
120861,ON,6,0,0.00,-27.00,-30.00,-3.12,146,146,0.00,0,0.00,0.00,0.00,0.25,0.00,0.00,0,0
120970,ON,6,0,0.00,-27.00,-30.00,-3.12,146,146,0.00,0,0.00,0.00,0.00,0.25,0.00,0.00,0,0
121078,ON,6,0,0.00,-27.00,-30.00,-3.12,146,146,0.00,0,0.00,0.00,0.00,0.25,0.00,0.00,0,0
121187,ON,6,0,0.00,-27.00,-30.00,-3.12,146,146,0.00,0,0.00,0.00,0.00,0.25,0.00,0.00,0,0
121296,ON,6,0,0.00,-27.00,-30.00,-3.12,146,146,0.00,0,0.00,0.00,0.00,0.25,0.00,0.00,0,0
121404,ON,6,0,0.00,-27.00,-30.00,-3.12,146,146,0.00,0,0.00,0.00,0.00,0.25,0.00,0.00,0,0
121516,ON,6,0,0.00,-27.00,-30.00,-3.12,146,146,0.00,0,0.00,0.00,0.00,0.25,0.00,0.00,0,0
121624,ON,6,0,0.00,-27.00,-30.00,-3.12,146,146,0.00,0,0.00,0.00,0.00,0.25,0.00,0.00,0,0
121733,ON,6,0,0.00,-27.00,-30.00,-3.12,146,146,0.00,0,0.00,0.00,0.00,0.25,0.00,0.00,0,0
121841,ON,6,0,0.00,-27.00,-30.00,-3.12,146,146,0.00,0,0.00,0.00,0.00,0.25,0.00,0.00,0,0
121950,ON,6,0,0.00,-27.00,-30.00,-3.12,146,146,0.00,0,0.00,0.00,0.00,0.25,0.00,0.00,0,0
122058,ON,6,0,0.00,-27.00,-30.00,-3.12,146,146,0.00,0,0.00,0.00,0.00,0.25,0.00,0.00,0,0
122170,ON,6,0,0.00,-27.00,-30.00,-3.12,146,146,0.00,0,0.00,0.00,0.00,0.25,0.00,0.00,0,0
122278,ON,6,0,0.00,-27.00,-30.00,-3.12,146,146,0.00,0,0.00,0.00,0.00,0.25,0.00,0.00,0,0
122387,ON,6,0,0.00,-27.00,-30.00,-3.12,146,146,0.00,0,0.00,0.00,0.00,0.25,0.00,0.00,0,0
122495,ON,6,0,0.00,-27.00,-30.00,-3.12,146,146,0.00,0,0.00,0.00,0.00,0.25,0.00,0.00,0,0
122604,ON,6,0,0.00,-27.00,-30.00,-3.12,146,146,0.00,0,0.00,0.00,0.00,0.25,0.00,0.00,0,0
122713,ON,6,0,0.00,-27.00,-30.00,-3.12,146,146,0.00,0,0.00,0.00,0.00,0.25,0.00,0.00,0,0
122824,ON,6,0,0.00,-27.00,-30.00,-3.12,146,146,0.00,0,0.00,0.00,0.00,0.25,0.00,0.00,0,0
122933,ON,6,0,0.00,-27.00,-30.00,-3.12,146,146,0.00,0,0.00,0.00,0.00,0.25,0.00,0.00,0,0
123041,ON,6,0,0.00,-27.00,-30.00,-3.12,146,146,0.00,0,0.00,0.00,0.00,0.25,0.00,0.00,0,0
123150,ON,6,0,0.00,-27.00,-30.00,-3.12,146,146,0.00,0,0.00,0.00,0.00,0.25,0.00,0.00,0,0
123259,ON,6,0,0.00,-27.00,-30.00,-3.12,146,146,0.00,0,0.00,0.00,0.00,0.25,0.00,0.00,0,0
123367,ON,6,0,0.00,-27.00,-30.00,-3.12,146,146,0.00,0,0.00,0.00,0.00,0.25,0.00,0.00,0,0
123478,ON,6,0,0.00,-27.00,-30.00,-3.12,146,146,0.00,0,0.00,0.00,0.00,0.25,0.00,0.00,0,0
123587,ON,6,0,0.00,-27.00,-30.00,-3.12,146,146,0.00,0,0.00,0.00,0.00,0.25,0.00,0.00,0,0
123695,ON,6,0,0.00,-27.00,-30.00,-3.12,146,146,0.00,0,0.00,0.00,0.00,0.25,0.00,0.00,0,0
123804,ON,6,0,0.00,-27.00,-30.00,-3.12,146,146,0.00,0,0.00,0.00,0.00,0.25,0.00,0.00,0,0
123913,ON,6,0,0.00,-27.00,-30.00,-3.12,146,146,0.00,0,0.00,0.00,0.00,0.25,0.00,0.00,0,0
124021,ON,6,0,0.00,-27.00,-30.00,-3.12,146,146,0.00,0,0.00,0.00,0.00,0.25,0.00,0.00,0,0
