681,OFF,0,0,0.00,-40.00,-40.00,-100.00,0,0,0.00,0,-64.00,0.00,0.00,0.00,-100.00,0.00,0,0
792,ON,7,0,0.00,-27.00,-40.00,-3.12,146,0,0.00,0,-64.00,0.00,0.00,0.00,-100.00,0.00,0,0
899,ON,7,0,0.00,-27.00,43.00,-3.12,146,0,0.00,0,0.00,0.00,0.00,0.25,0.00,0.00,0,0
1007,ON,7,0,0.00,-27.00,43.00,-3.12,146,146,0.00,0,0.00,0.00,0.00,0.25,0.00,0.00,0,0
1115,ON,7,0,0.00,-27.00,43.00,-3.12,146,146,0.00,0,0.00,0.00,0.00,0.25,0.00,0.00,0,0
1223,ON,7,0,0.00,-27.00,43.00,-3.12,146,146,0.00,0,0.00,0.00,0.00,0.25,0.00,0.00,0,0
1331,ON,7,0,0.00,-27.00,43.00,-3.12,146,146,0.00,0,0.00,0.00,0.00,0.25,0.00,0.00,0,0
1442,ON,7,0,0.00,-27.00,43.00,-3.12,146,146,0.00,0,0.00,0.00,0.00,0.25,0.00,0.00,0,0
1550,ON,7,0,0.00,-27.00,43.00,-3.12,146,146,0.00,0,0.00,0.00,0.00,0.25,0.00,0.00,0,0
1658,ON,7,0,0.00,-27.00,43.00,-3.12,146,146,0.00,0,0.00,0.00,0.00,0.25,0.00,0.00,0,0
1766,ON,7,0,0.00,-27.00,43.00,-3.12,146,146,0.00,0,0.00,0.00,0.00,0.25,0.00,0.00,0,0
1874,ON,7,0,0.00,-27.00,43.00,-3.12,146,146,0.00,0,0.00,0.00,0.00,0.25,0.00,0.00,0,0
1982,ON,7,0,0.00,-27.00,43.00,-3.12,146,146,0.00,0,0.00,0.00,0.00,0.25,0.00,0.00,0,0
2093,ON,7,0,0.00,-27.00,43.00,-3.12,146,146,0.00,0,0.00,0.00,0.00,0.25,0.00,0.00,0,0
2201,ON,7,0,0.00,-27.00,43.00,-3.12,146,146,0.00,0,0.00,0.00,0.00,0.25,0.00,0.00,0,0
2309,ON,7,0,0.00,-27.00,43.00,-3.12,146,146,0.00,0,0.00,0.00,0.00,0.25,0.00,0.00,0,0
2417,ON,7,0,0.00,-27.00,43.00,-3.12,146,146,0.00,0,0.00,0.00,0.00,0.25,0.00,0.00,0,0
2525,ON,7,0,0.00,-27.00,43.00,-3.12,146,146,0.00,0,0.00,0.00,0.00,0.25,0.00,0.00,0,0
2633,ON,7,0,0.00,-27.00,43.00,-3.12,146,146,0.00,0,0.00,0.00,0.00,0.25,0.00,0.00,0,0
2744,ON,7,0,0.00,-27.00,43.00,-3.12,146,146,0.00,0,0.00,0.00,0.00,0.25,0.00,0.00,0,0
2852,ON,7,0,0.00,-27.00,43.00,-3.12,146,146,0.00,0,0.00,0.00,0.00,0.25,0.00,0.00,0,0
2960,ON,7,0,0.00,-27.00,43.00,-3.12,146,146,0.00,0,0.00,0.00,0.00,0.25,0.00,0.00,0,0
3068,ON,7,0,0.00,-27.00,43.00,-3.12,146,146,0.00,0,0.00,0.00,0.00,0.25,0.00,0.00,0,0
3176,ON,7,0,0.00,-27.00,43.00,-3.12,146,146,0.00,0,0.00,0.00,0.00,0.25,0.00,0.00,0,0
3284,ON,7,0,0.00,-27.00,43.00,-3.12,146,146,0.00,0,0.00,0.00,0.00,0.25,0.00,0.00,0,0
3395,ON,7,0,0.00,-27.00,43.00,-3.12,146,146,0.00,0,0.00,0.00,0.00,0.25,0.00,0.00,0,0
3503,ON,7,0,0.00,-27.00,43.00,-3.12,146,146,0.00,0,0.00,0.00,0.00,0.25,0.00,0.00,0,0
3611,ON,7,0,0.00,-27.00,43.00,-3.12,146,146,0.00,0,0.00,0.00,0.00,0.25,0.00,0.00,0,0
3719,ON,7,0,0.00,-27.00,43.00,-3.12,146,146,0.00,0,0.00,0.00,0.00,0.25,0.00,0.00,0,0
3827,ON,7,0,0.00,-27.00,43.00,-3.12,146,146,0.00,0,0.00,0.00,0.00,0.25,0.00,0.00,0,0
3935,ON,7,0,0.00,-27.00,43.00,-3.12,146,146,0.00,0,0.00,0.00,0.00,0.25,0.00,0.00,0,0
4046,ON,7,0,0.00,-27.00,43.00,-3.12,146,146,0.00,0,0.00,0.00,0.00,0.25,0.00,0.00,0,0
4153,ON,7,0,0.00,-27.00,43.00,-3.12,146,146,0.00,0,0.00,0.00,0.00,0.25,0.00,0.00,0,0
4262,ON,7,0,0.00,-27.00,43.00,-3.12,146,146,0.00,0,0.00,0.00,0.00,0.25,0.00,0.00,0,0
4369,ON,7,0,0.00,-27.00,43.00,-3.12,146,146,0.00,0,0.00,0.00,0.00,0.25,0.00,0.00,0,0
4478,ON,7,0,0.00,-27.00,43.00,-3.12,146,146,0.00,0,0.00,0.00,0.00,0.25,0.00,0.00,0,0
4585,ON,7,0,0.00,-27.00,43.00,-3.12,146,146,0.00,0,0.00,0.00,0.00,0.25,0.00,0.00,0,0
4696,ON,7,0,0.00,-27.00,43.00,-3.12,146,146,0.00,0,0.00,0.00,0.00,0.25,0.00,0.00,0,0
4804,ON,7,0,0.00,-27.00,43.00,-3.12,146,146,0.00,0,0.00,0.00,0.00,0.25,0.00,0.00,0,0
4912,ON,7,0,0.00,-27.00,43.00,-3.12,146,146,0.00,0,0.00,0.00,0.00,0.25,0.00,0.00,0,0
5020,ON,7,0,0.00,-27.00,43.00,-3.12,146,146,0.00,0,0.00,0.00,0.00,0.25,0.00,0.00,0,0
5128,ON,7,0,0.00,-27.00,43.00,-3.12,146,146,0.00,0,0.00,0.00,0.00,0.25,0.00,0.00,0,0
5236,ON,7,0,0.00,-27.00,43.00,-3.12,146,146,0.00,0,0.00,0.00,0.00,0.25,0.00,0.00,0,0
5347,ON,7,0,0.00,-27.00,43.00,-3.12,146,146,0.00,0,0.00,0.00,0.00,0.25,0.00,0.00,0,0
5456,ON,7,0,0.00,-27.00,43.00,-3.12,146,146,0.00,0,0.00,0.00,0.00,0.25,0.00,0.00,0,0
5563,ON,7,0,0.00,-27.00,43.00,-3.12,146,146,0.00,0,0.00,0.00,0.00,0.25,0.00,0.00,0,0
5672,ON,7,0,0.00,-27.00,43.00,-3.12,146,146,0.00,0,0.00,0.00,0.00,0.25,0.00,0.00,0,0
5779,ON,7,0,0.00,-27.00,43.00,-3.12,146,146,0.00,0,0.00,0.00,0.00,0.25,0.00,0.00,0,0
5887,ON,7,0,0.00,-27.00,43.00,-3.12,146,146,0.00,0,0.00,0.00,0.00,0.25,0.00,0.00,0,0
5998,ON,7,0,0.00,-27.00,43.00,-3.12,146,146,0.00,0,0.00,0.00,0.00,0.25,0.00,0.00,0,0
6106,ON,7,0,0.00,-27.00,43.00,-3.12,146,146,0.00,0,0.00,0.00,0.00,0.25,0.00,0.00,0,0
6214,ON,7,0,0.00,-27.00,43.00,-3.12,146,146,0.00,0,0.00,0.00,0.00,0.25,0.00,0.00,0,0
6322,ON,7,0,0.00,-27.00,43.00,-3.12,146,146,0.00,0,0.00,0.00,0.00,0.25,0.00,0.00,0,0
6430,ON,7,0,0.00,-27.00,43.00,-3.12,146,146,0.00,0,0.00,0.00,0.00,0.25,0.00,0.00,0,0
6538,ON,7,0,0.00,-27.00,43.00,-3.12,146,146,0.00,0,0.00,0.00,0.00,0.25,0.00,0.00,0,0
6649,ON,7,0,0.00,-27.00,43.00,-3.12,146,146,0.00,0,0.00,0.00,0.00,0.25,0.00,0.00,0,0
6757,ON,7,0,0.00,-27.00,43.00,-3.12,146,146,0.00,0,0.00,0.00,0.00,0.25,0.00,0.00,0,0
6865,ON,7,0,0.00,-27.00,43.00,-3.12,146,146,0.00,0,0.00,0.00,0.00,0.25,0.00,0.00,0,0
6973,ON,7,0,0.00,-27.00,43.00,-3.12,146,146,0.00,0,0.00,0.00,0.00,0.25,0.00,0.00,0,0
7081,ON,7,0,0.00,-27.00,43.00,-3.12,146,146,0.00,0,0.00,0.00,0.00,0.25,0.00,0.00,0,0
7189,ON,7,0,0.00,-27.00,43.00,-3.12,146,146,0.00,0,0.00,0.00,0.00,0.25,0.00,0.00,0,0
7300,ON,7,0,0.00,-27.00,43.00,-3.12,146,146,0.00,0,0.00,0.00,0.00,0.25,0.00,0.00,0,0
7408,ON,7,0,0.00,-27.00,43.00,-3.12,146,146,0.00,0,0.00,0.00,0.00,0.25,0.00,0.00,0,0
7516,ON,7,0,0.00,-27.00,43.00,-3.12,146,146,0.00,0,0.00,0.00,0.00,0.25,0.00,0.00,0,0
7624,ON,7,0,0.00,-27.00,43.00,-3.12,146,146,0.00,0,0.00,0.00,0.00,0.25,0.00,0.00,0,0
7732,ON,7,0,0.00,-27.00,43.00,-3.12,146,146,0.00,0,0.00,0.00,0.00,0.25,0.00,0.00,0,0
7840,ON,7,0,0.00,-27.00,43.00,-3.12,146,146,0.00,0,0.00,0.00,0.00,0.25,0.00,0.00,0,0
7951,ON,7,0,0.00,-27.00,43.00,-3.12,146,146,0.00,0,0.00,0.00,0.00,0.25,0.00,0.00,0,0
8059,ON,7,0,0.00,-27.00,43.00,-3.12,146,146,0.00,0,0.00,0.00,0.00,0.25,0.00,0.00,0,0
8167,ON,7,0,0.00,-27.00,43.00,-3.12,146,146,0.00,0,0.00,0.00,0.00,0.25,0.00,0.00,0,0
8275,ON,7,0,0.00,-27.00,43.00,-3.12,146,146,0.00,0,0.00,0.00,0.00,0.25,0.00,0.00,0,0
8383,ON,7,0,0.00,-27.00,43.00,-3.12,146,146,0.00,0,0.00,0.00,0.00,0.25,0.00,0.00,0,0
8491,ON,7,0,0.00,-27.00,43.00,-3.12,146,146,0.00,0,0.00,0.00,0.00,0.25,0.00,0.00,0,0
8602,ON,7,0,0.00,-27.00,43.00,-3.12,146,146,0.00,0,0.00,0.00,0.00,0.25,0.00,0.00,0,0
8710,ON,7,0,0.00,-27.00,43.00,-3.12,146,146,0.00,0,0.00,0.00,0.00,0.25,0.00,0.00,0,0
8818,ON,7,0,0.00,-27.00,43.00,-3.12,146,146,0.00,0,0.00,0.00,0.00,0.25,0.00,0.00,0,0
8926,ON,7,0,0.00,-27.00,43.00,-3.12,146,146,0.00,0,0.00,0.00,0.00,0.25,0.00,0.00,0,0
9034,ON,7,0,0.00,-27.00,43.00,-3.12,146,146,0.00,0,0.00,0.00,0.00,0.25,0.00,0.00,0,0
9142,ON,7,0,0.00,-27.00,43.00,-3.12,146,146,0.00,0,0.00,0.00,0.00,0.25,0.00,0.00,0,0
9252,ON,7,0,0.00,-27.00,43.00,-3.12,146,146,0.00,0,0.00,0.00,0.00,0.25,0.00,0.00,0,0
9361,ON,7,0,0.00,-27.00,43.00,-3.12,146,146,0.00,0,0.00,0.00,0.00,0.25,0.00,0.00,0,0
9469,ON,7,0,0.00,-27.00,43.00,-3.12,146,146,0.00,0,0.00,0.00,0.00,0.25,0.00,0.00,0,0
9577,ON,7,0,0.00,-27.00,43.00,-3.12,146,146,0.00,0,0.00,0.00,0.00,0.25,0.00,0.00,0,0
9684,ON,7,0,0.00,-27.00,43.00,-3.12,146,146,0.00,0,0.00,0.00,0.00,0.25,0.00,0.00,0,0
9793,ON,7,0,0.00,-27.00,43.00,-3.12,146,146,0.00,0,0.00,0.00,0.00,0.25,0.00,0.00,0,0
9903,ON,7,0,0.00,-27.00,43.00,-3.12,146,146,0.00,0,0.00,0.00,0.00,0.25,0.00,0.00,0,0
10011,ON,7,0,0.00,-27.00,43.00,-3.12,146,146,0.00,0,0.00,0.00,0.00,0.25,0.00,0.00,0,0
10119,ON,7,0,0.00,-27.00,43.00,-3.12,146,146,0.00,0,0.00,0.00,0.00,0.25,0.00,0.00,0,0
10227,ON,7,0,0.00,-27.00,43.00,-3.12,146,146,0.00,0,0.00,0.00,0.00,0.25,0.00,0.00,0,0
10335,ON,7,0,0.00,-27.00,43.00,-3.12,146,146,0.00,0,0.00,0.00,0.00,0.25,0.00,0.00,0,0
10443,ON,7,0,0.00,-27.00,43.00,-3.12,146,146,0.00,0,0.00,0.00,0.00,0.25,0.00,0.00,0,0
10554,ON,7,0,0.00,-27.00,43.00,-3.12,146,146,0.00,0,0.00,0.00,0.00,0.25,0.00,0.00,0,0
10662,ON,7,0,0.00,-27.00,43.00,-3.12,146,146,0.00,0,0.00,0.00,0.00,0.25,0.00,0.00,0,0
10770,ON,7,0,0.00,-27.00,43.00,-3.12,146,146,0.00,0,0.00,0.00,0.00,0.25,0.00,0.00,0,0
10878,ON,7,0,0.00,-27.00,43.00,-3.12,146,146,0.00,0,0.00,0.00,0.00,0.25,0.00,0.00,0,0
10986,ON,7,0,0.00,-27.00,43.00,-3.12,146,146,0.00,0,0.00,0.00,0.00,0.25,0.00,0.00,0,0
11094,ON,7,0,0.00,-27.00,43.00,-3.12,146,146,0.00,0,0.00,0.00,0.00,0.25,0.00,0.00,0,0
11205,ON,7,0,0.00,-27.00,43.00,-3.12,146,146,0.00,0,0.00,0.00,0.00,0.25,0.00,0.00,0,0
11314,ON,7,0,0.00,-27.00,43.00,-3.12,146,146,0.00,0,0.00,0.00,0.00,0.25,0.00,0.00,0,0
11422,ON,7,0,0.00,-27.00,43.00,-3.12,146,146,0.00,0,0.00,0.00,0.00,0.25,0.00,0.00,0,0
11530,ON,7,0,0.00,-27.00,43.00,-3.12,146,146,0.00,0,0.00,0.00,0.00,0.25,0.00,0.00,0,0
11638,ON,7,0,0.00,-27.00,43.00,-3.12,146,146,0.00,0,0.00,0.00,0.00,0.25,0.00,0.00,0,0
11746,ON,7,0,0.00,-27.00,43.00,-3.12,146,146,0.00,0,0.00,0.00,0.00,0.25,0.00,0.00,0,0
11857,ON,7,0,0.00,-27.00,43.00,-3.12,146,146,0.00,0,0.00,0.00,0.00,0.25,0.00,0.00,0,0
11965,ON,7,0,0.00,-27.00,43.00,-3.12,146,146,0.00,0,0.00,0.00,0.00,0.25,0.00,0.00,0,0
12073,ON,7,0,0.00,-27.00,43.00,-3.12,146,146,0.00,0,0.00,0.00,0.00,0.25,0.00,0.00,0,0
12181,ON,7,0,0.00,-27.00,43.00,-3.12,146,146,0.00,0,0.00,0.00,0.00,0.25,0.00,0.00,0,0
12289,ON,7,0,0.00,-27.00,43.00,-3.12,146,146,0.00,0,0.00,0.00,0.00,0.25,0.00,0.00,0,0
12397,ON,7,0,0.00,-27.00,43.00,-3.12,146,146,0.00,0,0.00,0.00,0.00,0.25,0.00,0.00,0,0
12507,ON,7,0,0.00,-27.00,43.00,-3.12,146,146,0.00,0,0.00,0.00,0.00,0.25,0.00,0.00,0,0
12615,ON,7,0,0.00,-27.00,43.00,-3.12,146,146,0.00,0,0.00,0.00,0.00,0.25,0.00,0.00,0,0
12723,ON,7,0,0.00,-27.00,43.00,-3.12,146,146,0.00,0,0.00,0.00,0.00,0.25,0.00,0.00,0,0
12831,ON,7,0,0.00,-27.00,43.00,-3.12,146,146,0.00,0,0.00,0.00,0.00,0.25,0.00,0.00,0,0
12939,ON,7,0,0.00,-27.00,43.00,-3.12,146,146,0.00,0,0.00,0.00,0.00,0.25,0.00,0.00,0,0
13048,ON,7,0,0.00,-27.00,43.00,-3.12,146,146,0.00,0,0.00,0.00,0.00,0.25,0.00,0.00,0,0
13159,ON,7,0,0.00,-27.00,43.00,-3.12,146,146,0.00,0,0.00,0.00,0.00,0.25,0.00,0.00,0,0
13267,ON,7,0,0.00,-27.00,43.00,-3.12,146,146,0.00,0,0.00,0.00,0.00,0.25,0.00,0.00,0,0
13375,ON,7,0,0.00,-27.00,43.00,-3.12,146,146,0.00,0,0.00,0.00,0.00,0.25,0.00,0.00,0,0
13483,ON,7,0,0.00,-27.00,43.00,-3.12,146,146,0.00,0,0.00,0.00,0.00,0.25,0.00,0.00,0,0
13591,ON,7,0,0.00,-27.00,43.00,-3.12,146,146,0.00,0,0.00,0.00,0.00,0.25,0.00,0.00,0,0
13699,ON,7,0,0.00,-27.00,43.00,-3.12,146,146,0.00,0,0.00,0.00,0.00,0.25,0.00,0.00,0,0
13810,ON,7,0,0.00,-27.00,43.00,-3.12,146,146,0.00,0,0.00,0.00,0.00,0.25,0.00,0.00,0,0
13918,ON,7,0,0.00,-27.00,43.00,-3.12,146,146,0.00,0,0.00,0.00,0.00,0.25,0.00,0.00,0,0
14026,ON,7,0,0.00,-27.00,43.00,-3.12,146,146,0.00,0,0.00,0.00,0.00,0.25,0.00,0.00,0,0
14134,ON,7,0,0.00,-27.00,43.00,-3.12,146,146,0.00,0,0.00,0.00,0.00,0.25,0.00,0.00,0,0
14242,ON,7,0,0.00,-27.00,43.00,-3.12,146,146,0.00,0,0.00,0.00,0.00,0.25,0.00,0.00,0,0
14350,ON,7,0,0.00,-27.00,43.00,-3.12,146,146,0.00,0,0.00,0.00,0.00,0.25,0.00,0.00,0,0
14461,ON,7,0,0.00,-27.00,43.00,-3.12,146,146,0.00,0,0.00,0.00,0.00,0.25,0.00,0.00,0,0
14569,ON,7,0,0.00,-27.00,43.00,-3.12,146,146,0.00,0,0.00,0.00,0.00,0.25,0.00,0.00,0,0
14677,ON,7,0,0.00,-27.00,43.00,-3.12,146,146,0.00,0,0.00,0.00,0.00,0.25,0.00,0.00,0,0
14785,ON,7,0,0.00,-27.00,43.00,-3.12,146,146,0.00,0,0.00,0.00,0.00,0.25,0.00,0.00,0,0
14892,ON,7,0,0.00,-27.00,43.00,-3.12,146,146,0.00,0,0.00,0.00,0.00,0.25,0.00,0.00,0,0
15000,ON,7,0,0.00,-27.00,43.00,-3.12,146,146,0.00,0,0.00,0.00,0.00,0.25,0.00,0.00,0,0
15111,ON,7,0,0.00,-27.00,43.00,-3.12,146,146,0.00,0,0.00,0.00,0.00,0.25,0.00,0.00,0,0
15219,ON,7,0,0.00,-27.00,43.00,-3.12,146,146,0.00,0,0.00,0.00,0.00,0.25,0.00,0.00,0,0
15327,ON,7,0,0.00,-27.00,43.00,-3.12,146,146,0.00,0,0.00,0.00,0.00,0.25,0.00,0.00,0,0
15435,ON,7,0,0.00,-27.00,43.00,-3.12,146,146,0.00,0,0.00,0.00,0.00,0.25,0.00,0.00,0,0
15543,ON,7,0,0.00,-27.00,43.00,-3.12,146,146,0.00,0,0.00,0.00,0.00,0.25,0.00,0.00,0,0
15651,ON,7,0,0.00,-27.00,43.00,-3.12,146,146,0.00,0,0.00,0.00,0.00,0.25,0.00,0.00,0,0
15762,ON,7,0,0.00,-27.00,43.00,-3.12,146,146,0.00,0,0.00,0.00,0.00,0.25,0.00,0.00,0,0
15870,ON,7,0,0.00,-27.00,43.00,-3.12,146,146,0.00,0,0.00,0.00,0.00,0.25,0.00,0.00,0,0
15978,ON,7,0,0.00,-27.00,43.00,-3.12,146,146,0.00,0,0.00,0.00,0.00,0.25,0.00,0.00,0,0
16086,ON,7,0,0.00,-27.00,43.00,-3.12,146,146,0.00,0,0.00,0.00,0.00,0.25,0.00,0.00,0,0
16194,ON,7,0,0.00,-27.00,43.00,-3.12,146,146,0.00,0,0.00,0.00,0.00,0.25,0.00,0.00,0,0
16302,ON,7,0,0.00,-27.00,43.00,-3.12,146,146,0.00,0,0.00,0.00,0.00,0.25,0.00,0.00,0,0
16413,ON,7,0,0.00,-27.00,43.00,-3.12,146,146,0.00,0,0.00,0.00,0.00,0.25,0.00,0.00,0,0
16521,ON,7,0,0.00,-27.00,43.00,-3.12,146,146,0.00,0,0.00,0.00,0.00,0.25,0.00,0.00,0,0
16629,ON,7,0,0.00,-27.00,43.00,-3.12,146,146,0.00,0,0.00,0.00,0.00,0.25,0.00,0.00,0,0
16737,ON,7,0,0.00,-27.00,43.00,-3.12,146,146,0.00,0,0.00,0.00,0.00,0.25,0.00,0.00,0,0
16845,ON,7,0,0.00,-27.00,43.00,-3.12,146,146,0.00,0,0.00,0.00,0.00,0.25,0.00,0.00,0,0
16953,ON,7,0,0.00,-27.00,43.00,-3.12,146,146,0.00,0,0.00,0.00,0.00,0.25,0.00,0.00,0,0
17069,ON,7,0,0.00,-27.00,43.00,-3.12,146,146,0.00,0,0.00,0.00,0.00,0.25,0.00,0.00,0,0
17177,ON,7,0,0.00,-27.00,43.00,-3.12,146,146,0.00,0,0.00,0.00,0.00,0.25,0.00,0.00,0,0
17285,ON,7,0,0.00,-27.00,43.00,-3.12,146,146,0.00,0,0.00,0.00,0.00,0.25,0.00,0.00,0,0
17393,ON,7,0,0.00,-27.00,43.00,-3.12,146,146,0.00,0,0.00,0.00,0.00,0.25,0.00,0.00,0,0
17501,ON,7,0,0.00,-27.00,43.00,-3.12,146,146,0.00,0,0.00,0.00,0.00,0.25,0.00,0.00,0,0
17609,ON,7,0,0.00,-27.00,43.00,-3.12,146,146,0.00,0,0.00,0.00,0.00,0.25,0.00,0.00,0,0
17720,ON,7,0,0.00,-27.00,43.00,-3.12,146,146,0.00,0,0.00,0.00,0.00,0.25,0.00,0.00,0,0
17828,ON,7,0,0.00,-27.00,43.00,-3.12,146,146,0.00,0,0.00,0.00,0.00,0.25,0.00,0.00,0,0
17936,ON,7,0,0.00,-27.00,43.00,-3.12,146,146,0.00,0,0.00,0.00,0.00,0.25,0.00,0.00,0,0
18044,ON,7,0,0.00,-27.00,43.00,-3.12,146,146,0.00,0,0.00,0.00,0.00,0.25,0.00,0.00,0,0
18152,ON,7,0,0.00,-27.00,43.00,-3.12,146,146,0.00,0,0.00,0.00,0.00,0.25,0.00,0.00,0,0
18260,ON,7,0,0.00,-27.00,43.00,-3.12,146,146,0.00,0,0.00,0.00,0.00,0.25,0.00,0.00,0,0
18371,ON,7,0,0.00,-27.00,43.00,-3.12,146,146,0.00,0,0.00,0.00,0.00,0.25,0.00,0.00,0,0
18479,ON,7,0,0.00,-27.00,43.00,-3.12,146,146,0.00,0,0.00,0.00,0.00,0.25,0.00,0.00,0,0
18587,ON,7,0,0.00,-27.00,43.00,-3.12,146,146,0.00,0,0.00,0.00,0.00,0.25,0.00,0.00,0,0
18695,ON,7,0,0.00,-27.00,43.00,-3.12,146,146,0.00,0,0.00,0.00,0.00,0.25,0.00,0.00,0,0
18803,ON,7,0,0.00,-27.00,43.00,-3.12,146,146,0.00,0,0.00,0.00,0.00,0.25,0.00,0.00,0,0
18911,ON,7,0,0.00,-27.00,43.00,-3.12,146,146,0.00,0,0.00,0.00,0.00,0.25,0.00,0.00,0,0
19022,ON,7,0,0.00,-27.00,43.00,-3.12,146,146,0.00,0,0.00,0.00,0.00,0.25,0.00,0.00,0,0
19130,ON,7,0,0.00,-27.00,43.00,-3.12,146,146,0.00,0,0.00,0.00,0.00,0.25,0.00,0.00,0,0
19238,ON,7,0,0.00,-27.00,43.00,-3.12,146,146,0.00,0,0.00,0.00,0.00,0.25,0.00,0.00,0,0
19346,ON,7,0,0.00,-27.00,43.00,-3.12,146,146,0.00,0,0.00,0.00,0.00,0.25,0.00,0.00,0,0
19454,ON,7,0,0.00,-27.00,43.00,-3.12,146,146,0.00,0,0.00,0.00,0.00,0.25,0.00,0.00,0,0
19562,ON,7,0,0.00,-27.00,43.00,-3.12,146,146,0.00,0,0.00,0.00,0.00,0.25,0.00,0.00,0,0
19672,ON,7,0,0.00,-27.00,43.00,-3.12,146,146,0.00,0,0.00,0.00,0.00,0.25,0.00,0.00,0,0
19780,ON,7,0,0.00,-27.00,43.00,-3.12,146,146,0.00,0,0.00,0.00,0.00,0.25,0.00,0.00,0,0
19888,ON,7,0,0.00,-27.00,43.00,-3.12,146,146,0.00,0,0.00,0.00,0.00,0.25,0.00,0.00,0,0
19996,ON,7,0,0.00,-27.00,43.00,-3.12,146,146,0.00,0,0.00,0.00,0.00,0.25,0.00,0.00,0,0
20104,ON,7,0,0.00,-27.00,43.00,-3.12,146,146,0.00,0,0.00,0.00,0.00,0.25,0.00,0.00,0,0
20212,ON,7,0,0.00,-27.00,43.00,-3.12,146,146,0.00,0,0.00,0.00,0.00,0.25,0.00,0.00,0,0
20323,ON,7,0,0.00,-27.00,43.00,-3.12,146,146,0.00,0,0.00,0.00,0.00,0.25,0.00,0.00,0,0
20431,ON,7,0,0.00,-27.00,43.00,-3.12,146,146,0.00,0,0.00,0.00,0.00,0.25,0.00,0.00,0,0
20539,ON,7,0,0.00,-27.00,43.00,-3.12,146,146,0.00,0,0.00,0.00,0.00,0.25,0.00,0.00,0,0
20647,ON,7,0,0.00,-27.00,43.00,-3.12,146,146,0.00,0,0.00,0.00,0.00,0.25,0.00,0.00,0,0
20755,ON,7,0,0.00,-27.00,43.00,-3.12,146,146,0.00,0,0.00,0.00,0.00,0.25,0.00,0.00,0,0
20863,ON,7,0,0.00,-27.00,43.00,-3.12,146,146,0.00,0,0.00,0.00,0.00,0.25,0.00,0.00,0,0
20974,ON,7,0,0.00,-27.00,43.00,-3.12,146,146,0.00,0,0.00,0.00,0.00,0.25,0.00,0.00,0,0
21082,ON,7,0,0.00,-27.00,43.00,-3.12,146,146,0.00,0,0.00,0.00,0.00,0.25,0.00,0.00,0,0
21190,ON,7,0,0.00,-27.00,43.00,-3.12,146,146,0.00,0,0.00,0.00,0.00,0.25,0.00,0.00,0,0
21298,ON,7,0,0.00,-27.00,43.00,-3.12,146,146,0.00,0,0.00,0.00,0.00,0.25,0.00,0.00,0,0
21406,ON,7,0,0.00,-27.00,43.00,-3.12,146,146,0.00,0,0.00,0.00,0.00,0.25,0.00,0.00,0,0
21514,ON,7,0,0.00,-27.00,43.00,-3.12,146,146,0.00,0,0.00,0.00,0.00,0.25,0.00,0.00,0,0
21624,ON,7,0,0.00,-27.00,43.00,-3.12,146,146,0.00,0,0.00,0.00,0.00,0.25,0.00,0.00,0,0
21732,ON,7,0,0.00,-27.00,43.00,-3.12,146,146,0.00,0,0.00,0.00,0.00,0.25,0.00,0.00,0,0
21840,ON,7,0,0.00,-27.00,43.00,-3.12,146,146,0.00,0,0.00,0.00,0.00,0.25,0.00,0.00,0,0
21948,ON,7,0,0.00,-27.00,43.00,-3.12,146,146,0.00,0,0.00,0.00,0.00,0.25,0.00,0.00,0,0
22056,ON,7,0,0.00,-27.00,43.00,-3.12,146,146,0.00,0,0.00,0.00,0.00,0.25,0.00,0.00,0,0
22164,ON,7,0,0.00,-27.00,43.00,-3.12,146,146,0.00,0,0.00,0.00,0.00,0.25,0.00,0.00,0,0
22275,ON,7,0,0.00,-27.00,43.00,-3.12,146,146,0.00,0,0.00,0.00,0.00,0.25,0.00,0.00,0,0
22383,ON,7,0,0.00,-27.00,43.00,-3.12,146,146,0.00,0,0.00,0.00,0.00,0.25,0.00,0.00,0,0
22491,ON,7,0,0.00,-27.00,43.00,-3.12,146,146,0.00,0,0.00,0.00,0.00,0.25,0.00,0.00,0,0
22599,ON,7,0,0.00,-27.00,43.00,-3.12,146,146,0.00,0,0.00,0.00,0.00,0.25,0.00,0.00,0,0
22707,ON,7,0,0.00,-27.00,43.00,-3.12,146,146,0.00,0,0.00,0.00,0.00,0.25,0.00,0.00,0,0
22815,ON,7,0,0.00,-27.00,43.00,-3.12,146,146,0.00,0,0.00,0.00,0.00,0.25,0.00,0.00,0,0
22926,ON,7,0,0.00,-27.00,43.00,-3.12,146,146,0.00,0,0.00,0.00,0.00,0.25,0.00,0.00,0,0
23034,ON,7,0,0.00,-27.00,43.00,-3.12,146,146,0.00,0,0.00,0.00,0.00,0.25,0.00,0.00,0,0
23142,ON,7,0,0.00,-27.00,43.00,-3.12,146,146,0.00,0,0.00,0.00,0.00,0.25,0.00,0.00,0,0
23250,ON,7,0,0.00,-27.00,43.00,-3.12,146,146,0.00,0,0.00,0.00,0.00,0.25,0.00,0.00,0,0
23358,ON,7,0,0.00,-27.00,43.00,-3.12,146,146,0.00,0,0.00,0.00,0.00,0.25,0.00,0.00,0,0
23466,ON,7,0,0.00,-27.00,43.00,-3.12,146,146,0.00,0,0.00,0.00,0.00,0.25,0.00,0.00,0,0
23577,ON,7,0,0.00,-27.00,43.00,-3.12,146,146,0.00,0,0.00,0.00,0.00,0.25,0.00,0.00,0,0
23685,ON,7,0,0.00,-27.00,43.00,-3.12,146,146,0.00,0,0.00,0.00,0.00,0.25,0.00,0.00,0,0
23793,ON,7,0,0.00,-27.00,43.00,-3.12,146,146,0.00,0,0.00,0.00,0.00,0.25,0.00,0.00,0,0
23901,ON,7,0,0.00,-27.00,43.00,-3.12,146,146,0.00,0,0.00,0.00,0.00,0.25,0.00,0.00,0,0
24009,ON,7,0,0.00,-27.00,43.00,-3.12,146,146,0.00,0,0.00,0.00,0.00,0.25,0.00,0.00,0,0
24117,ON,7,0,0.00,-27.00,43.00,-3.12,146,146,0.00,0,0.00,0.00,0.00,0.25,0.00,0.00,0,0
24227,ON,7,0,0.00,-27.00,43.00,-3.12,146,146,0.00,0,0.00,0.00,0.00,0.25,0.00,0.00,0,0
24335,ON,7,0,0.00,-27.00,43.00,-3.12,146,146,0.00,0,0.00,0.00,0.00,0.25,0.00,0.00,0,0
24443,ON,7,0,0.00,-27.00,43.00,-3.12,146,146,0.00,0,0.00,0.00,0.00,0.25,0.00,0.00,0,0
24551,ON,7,0,0.00,-27.00,43.00,-3.12,146,146,0.00,0,0.00,0.00,0.00,0.25,0.00,0.00,0,0
24659,ON,7,0,0.00,-27.00,43.00,-3.12,146,146,0.00,0,0.00,0.00,0.00,0.25,0.00,0.00,0,0
24767,ON,7,0,0.00,-27.00,43.00,-3.12,146,146,0.00,0,0.00,0.00,0.00,0.25,0.00,0.00,0,0
24878,ON,7,0,0.00,-27.00,43.00,-3.12,146,146,0.00,0,0.00,0.00,0.00,0.25,0.00,0.00,0,0
24986,ON,7,0,0.00,-27.00,43.00,-3.12,146,146,0.00,0,0.00,0.00,0.00,0.25,0.00,0.00,0,0
25094,ON,7,0,0.00,-27.00,43.00,-3.12,146,146,0.00,0,0.00,0.00,0.00,0.25,0.00,0.00,0,0
25202,ON,7,0,0.00,-27.00,43.00,-3.12,146,146,0.00,0,0.00,0.00,0.00,0.25,0.00,0.00,0,0
25310,ON,7,0,0.00,-27.00,43.00,-3.12,146,146,0.00,0,0.00,0.00,0.00,0.25,0.00,0.00,0,0
25418,ON,7,0,0.00,-27.00,43.00,-3.12,146,146,0.00,0,0.00,0.00,0.00,0.25,0.00,0.00,0,0
25528,ON,7,0,0.00,-27.00,43.00,-3.12,146,146,0.00,0,0.00,0.00,0.00,0.25,0.00,0.00,0,0
25636,ON,7,0,0.00,-27.00,43.00,-3.12,146,146,0.00,0,0.00,0.00,0.00,0.25,0.00,0.00,0,0
25744,ON,7,0,0.00,-27.00,43.00,-3.12,146,146,0.00,0,0.00,0.00,0.00,0.25,0.00,0.00,0,0
25852,ON,7,0,0.00,-27.00,43.00,-3.12,146,146,0.00,0,0.00,0.00,0.00,0.25,0.00,0.00,0,0
25960,ON,7,0,0.00,-27.00,43.00,-3.12,146,146,0.00,0,0.00,0.00,0.00,0.25,0.00,0.00,0,0
26068,ON,7,0,0.00,-27.00,43.00,-3.12,146,146,0.00,0,0.00,0.00,0.00,0.25,0.00,0.00,0,0
26179,ON,7,0,0.00,-27.00,43.00,-3.12,146,146,0.00,0,0.00,0.00,0.00,0.25,0.00,0.00,0,0
26287,ON,7,0,0.00,-27.00,43.00,-3.12,146,146,0.00,0,0.00,0.00,0.00,0.25,0.00,0.00,0,0
26395,ON,7,0,0.00,-27.00,43.00,-3.12,146,146,0.00,0,0.00,0.00,0.00,0.25,0.00,0.00,0,0
26503,ON,7,0,0.00,-27.00,43.00,-3.12,146,146,0.00,0,0.00,0.00,0.00,0.25,0.00,0.00,0,0
26611,ON,7,0,0.00,-27.00,43.00,-3.12,146,146,0.00,0,0.00,0.00,0.00,0.25,0.00,0.00,0,0
26719,ON,7,0,0.00,-27.00,43.00,-3.12,146,146,0.00,0,0.00,0.00,0.00,0.25,0.00,0.00,0,0
26830,ON,7,0,0.00,-27.00,43.00,-3.12,146,146,0.00,0,0.00,0.00,0.00,0.25,0.00,0.00,0,0
26938,ON,7,0,0.00,-27.00,43.00,-3.12,146,146,0.00,0,0.00,0.00,0.00,0.25,0.00,0.00,0,0
27046,ON,7,0,0.00,-27.00,43.00,-3.12,146,146,0.00,0,0.00,0.00,0.00,0.25,0.00,0.00,0,0
27154,ON,7,0,0.00,-27.00,43.00,-3.12,146,146,0.00,0,0.00,0.00,0.00,0.25,0.00,0.00,0,0
27262,ON,7,0,0.00,-27.00,43.00,-3.12,146,146,0.00,0,0.00,0.00,0.00,0.25,0.00,0.00,0,0
27370,ON,7,0,0.00,-27.00,43.00,-3.12,146,146,0.00,0,0.00,0.00,0.00,0.25,0.00,0.00,0,0
27481,ON,7,0,0.00,-27.00,43.00,-3.12,146,146,0.00,0,0.00,0.00,0.00,0.25,0.00,0.00,0,0
27589,ON,7,0,0.00,-27.00,43.00,-3.12,146,146,0.00,0,0.00,0.00,0.00,0.25,0.00,0.00,0,0
27697,ON,7,0,0.00,-27.00,43.00,-3.12,146,146,0.00,0,0.00,0.00,0.00,0.25,0.00,0.00,0,0
27805,ON,7,0,0.00,-27.00,43.00,-3.12,146,146,0.00,0,0.00,0.00,0.00,0.25,0.00,0.00,0,0
27913,ON,7,0,0.00,-27.00,43.00,-3.12,146,146,0.00,0,0.00,0.00,0.00,0.25,0.00,0.00,0,0
28021,ON,7,0,0.00,-27.00,43.00,-3.12,146,146,0.00,0,0.00,0.00,0.00,0.25,0.00,0.00,0,0
28135,ON,7,0,0.00,-27.00,43.00,-3.12,146,146,0.00,0,0.00,0.00,0.00,0.25,0.00,0.00,0,0
28252,ON,7,0,0.00,-27.00,43.00,-3.12,146,146,0.00,0,0.00,0.00,0.00,0.25,0.00,0.00,0,0
28360,ON,7,0,0.00,-27.00,43.00,-3.12,146,146,0.00,0,0.00,0.00,0.00,0.25,0.00,0.00,0,0
28468,ON,7,0,0.00,-27.00,43.00,-3.12,146,146,0.00,0,0.00,0.00,0.00,0.25,0.00,0.00,0,0
28576,ON,7,0,0.00,-27.00,43.00,-3.12,146,146,0.00,0,0.00,0.00,0.00,0.25,0.00,0.00,0,0
28684,ON,7,0,0.00,-27.00,43.00,-3.12,146,146,0.00,0,0.00,0.00,0.00,0.25,0.00,0.00,0,0
28795,ON,7,0,0.00,-27.00,43.00,-3.12,146,146,0.00,0,0.00,0.00,0.00,0.25,0.00,0.00,0,0
28903,ON,7,0,0.00,-27.00,43.00,-3.12,146,146,0.00,0,0.00,0.00,0.00,0.25,0.00,0.00,0,0
29011,ON,7,0,0.00,-27.00,43.00,-3.12,146,146,0.00,0,0.00,0.00,0.00,0.25,0.00,0.00,0,0
29119,ON,7,0,0.00,-27.00,43.00,-3.12,146,146,0.00,0,0.00,0.00,0.00,0.25,0.00,0.00,0,0
29227,ON,7,0,0.00,-27.00,43.00,-3.12,146,146,0.00,0,0.00,0.00,0.00,0.25,0.00,0.00,0,0
29335,ON,7,0,0.00,-27.00,43.00,-3.12,146,146,0.00,0,0.00,0.00,0.00,0.25,0.00,0.00,0,0
29446,ON,7,0,0.00,-27.00,43.00,-3.12,146,146,0.00,0,0.00,0.00,0.00,0.25,0.00,0.00,0,0
29554,ON,7,0,0.00,-27.00,43.00,-3.12,146,146,0.00,0,0.00,0.00,0.00,0.25,0.00,0.00,0,0
29662,ON,7,0,0.00,-27.00,43.00,-3.12,146,146,0.00,0,0.00,0.00,0.00,0.25,0.00,0.00,0,0
29770,ON,7,0,0.00,-27.00,43.00,-3.12,146,146,0.00,0,0.00,0.00,0.00,0.25,0.00,0.00,0,0
29878,ON,7,0,0.00,-27.00,43.00,-3.12,146,146,0.00,0,0.00,0.00,0.00,0.25,0.00,0.00,0,0
29986,ON,7,0,0.00,-27.00,43.00,-3.12,146,146,0.00,0,0.00,0.00,0.00,0.25,0.00,0.00,0,0
30096,ON,7,0,0.00,-27.00,43.00,-3.12,146,146,0.00,0,0.00,0.00,0.00,0.25,0.00,0.00,0,0
30204,ON,7,0,0.00,-27.00,43.00,-3.12,146,146,0.00,0,0.00,0.00,0.00,0.25,0.00,0.00,0,0
30312,ON,7,0,0.00,-27.00,43.00,-3.12,146,146,0.00,0,0.00,0.00,0.00,0.25,0.00,0.00,0,0
30420,ON,7,0,0.00,-27.00,43.00,-3.12,146,146,0.00,0,0.00,0.00,0.00,0.25,0.00,0.00,0,0
30528,ON,7,0,0.00,-27.00,43.00,-3.12,146,146,0.00,0,0.00,0.00,0.00,0.25,0.00,0.00,0,0
30636,ON,7,0,0.00,-27.00,43.00,-3.12,146,146,0.00,0,0.00,0.00,0.00,0.25,0.00,0.00,0,0
30747,ON,7,0,0.00,-27.00,43.00,-3.12,146,146,0.00,0,0.00,0.00,0.00,0.25,0.00,0.00,0,0
30855,ON,7,0,0.00,-27.00,43.00,-3.12,146,146,0.00,0,0.00,0.00,0.00,0.25,0.00,0.00,0,0
30963,ON,7,0,0.00,-27.00,43.00,-3.12,146,146,0.00,0,0.00,0.00,0.00,0.25,0.00,0.00,0,0
31071,ON,7,0,0.00,-27.00,43.00,-3.12,146,146,0.00,0,0.00,0.00,0.00,0.25,0.00,0.00,0,0
31179,ON,7,0,0.00,-27.00,43.00,-3.12,146,146,0.00,0,0.00,0.00,0.00,0.25,0.00,0.00,0,0
31287,ON,7,0,0.00,-27.00,43.00,-3.12,146,146,0.00,0,0.00,0.00,0.00,0.25,0.00,0.00,0,0
31398,ON,7,0,0.00,-27.00,43.00,-3.12,146,146,0.00,0,0.00,0.00,0.00,0.25,0.00,0.00,0,0
31506,ON,7,0,0.00,-27.00,43.00,-3.12,146,146,0.00,0,0.00,0.00,0.00,0.25,0.00,0.00,0,0
31614,ON,7,0,0.00,-27.00,43.00,-3.12,146,146,0.00,0,0.00,0.00,0.00,0.25,0.00,0.00,0,0
31722,ON,7,0,0.00,-27.00,43.00,-3.12,146,146,0.00,0,0.00,0.00,0.00,0.25,0.00,0.00,0,0
31830,ON,7,0,0.00,-27.00,43.00,-3.12,146,146,0.00,0,0.00,0.00,0.00,0.25,0.00,0.00,0,0
31938,ON,7,0,0.00,-27.00,43.00,-3.12,146,146,0.00,0,0.00,0.00,0.00,0.25,0.00,0.00,0,0
32049,ON,7,0,0.00,-27.00,43.00,-3.12,146,146,0.00,0,0.00,0.00,0.00,0.25,0.00,0.00,0,0
32157,ON,7,0,0.00,-27.00,43.00,-3.12,146,146,0.00,0,0.00,0.00,0.00,0.25,0.00,0.00,0,0
32264,ON,7,0,0.00,-27.00,43.00,-3.12,146,146,0.00,0,0.00,0.00,0.00,0.25,0.00,0.00,0,0
32372,ON,7,0,0.00,-27.00,43.00,-3.12,146,146,0.00,0,0.00,0.00,0.00,0.25,0.00,0.00,0,0
32480,ON,7,0,0.00,-27.00,43.00,-3.12,146,146,0.00,0,0.00,0.00,0.00,0.25,0.00,0.00,0,0
32588,ON,7,0,0.00,-27.00,43.00,-3.12,146,146,0.00,0,0.00,0.00,0.00,0.25,0.00,0.00,0,0
32699,ON,7,0,0.00,-27.00,43.00,-3.12,146,146,0.00,0,0.00,0.00,0.00,0.25,0.00,0.00,0,0
32807,ON,7,0,0.00,-27.00,43.00,-3.12,146,146,0.00,0,0.00,0.00,0.00,0.25,0.00,0.00,0,0
32915,ON,7,0,0.00,-27.00,43.00,-3.12,146,146,0.00,0,0.00,0.00,0.00,0.25,0.00,0.00,0,0
33023,ON,7,0,0.00,-27.00,43.00,-3.12,146,146,0.00,0,0.00,0.00,0.00,0.25,0.00,0.00,0,0
33131,ON,7,0,0.00,-27.00,43.00,-3.12,146,146,0.00,0,0.00,0.00,0.00,0.25,0.00,0.00,0,0
33239,ON,7,0,0.00,-27.00,43.00,-3.12,146,146,0.00,0,0.00,0.00,0.00,0.25,0.00,0.00,0,0
33350,ON,7,0,0.00,-27.00,43.00,-3.12,146,146,0.00,0,0.00,0.00,0.00,0.25,0.00,0.00,0,0
33458,ON,7,0,0.00,-27.00,43.00,-3.12,146,146,0.00,0,0.00,0.00,0.00,0.25,0.00,0.00,0,0
33566,ON,7,0,0.00,-27.00,43.00,-3.12,146,146,0.00,0,0.00,0.00,0.00,0.25,0.00,0.00,0,0
33674,ON,7,0,0.00,-27.00,43.00,-3.12,146,146,0.00,0,0.00,0.00,0.00,0.25,0.00,0.00,0,0
33782,ON,7,0,0.00,-27.00,43.00,-3.12,146,146,0.00,0,0.00,0.00,0.00,0.25,0.00,0.00,0,0
33890,ON,7,0,0.00,-27.00,43.00,-3.12,146,146,0.00,0,0.00,0.00,0.00,0.25,0.00,0.00,0,0
34001,ON,7,0,0.00,-27.00,43.00,-3.12,146,146,0.00,0,0.00,0.00,0.00,0.25,0.00,0.00,0,0
34109,ON,7,0,0.00,-27.00,43.00,-3.12,146,146,0.00,0,0.00,0.00,0.00,0.25,0.00,0.00,0,0
34217,ON,7,0,0.00,-27.00,43.00,-3.12,146,146,0.00,0,0.00,0.00,0.00,0.25,0.00,0.00,0,0
34325,ON,7,0,0.00,-27.00,43.00,-3.12,146,146,0.00,0,0.00,0.00,0.00,0.25,0.00,0.00,0,0
34433,ON,7,0,0.00,-27.00,43.00,-3.12,146,146,0.00,0,0.00,0.00,0.00,0.25,0.00,0.00,0,0
34541,ON,7,0,0.00,-27.00,43.00,-3.12,146,146,0.00,0,0.00,0.00,0.00,0.25,0.00,0.00,0,0
34651,ON,7,0,0.00,-27.00,43.00,-3.12,146,146,0.00,0,0.00,0.00,0.00,0.25,0.00,0.00,0,0
34759,ON,7,0,0.00,-27.00,43.00,-3.12,146,146,0.00,0,0.00,0.00,0.00,0.25,0.00,0.00,0,0
34867,ON,7,0,0.00,-27.00,43.00,-3.12,146,146,0.00,0,0.00,0.00,0.00,0.25,0.00,0.00,0,0
34975,ON,7,0,0.00,-27.00,43.00,-3.12,146,146,0.00,0,0.00,0.00,0.00,0.25,0.00,0.00,0,0
35083,ON,7,0,0.00,-27.00,43.00,-3.12,146,146,0.00,0,0.00,0.00,0.00,0.25,0.00,0.00,0,0
35191,ON,7,0,0.00,-27.00,43.00,-3.12,146,146,0.00,0,0.00,0.00,0.00,0.25,0.00,0.00,0,0
35302,ON,7,0,0.00,-27.00,43.00,-3.12,146,146,0.00,0,0.00,0.00,0.00,0.25,0.00,0.00,0,0
35410,ON,7,0,0.00,-27.00,43.00,-3.12,146,146,0.00,0,0.00,0.00,0.00,0.25,0.00,0.00,0,0
35518,ON,7,0,0.00,-27.00,43.00,-3.12,146,146,0.00,0,0.00,0.00,0.00,0.25,0.00,0.00,0,0
35626,ON,7,0,0.00,-27.00,43.00,-3.12,146,146,0.00,0,0.00,0.00,0.00,0.25,0.00,0.00,0,0
35734,ON,7,0,0.00,-27.00,43.00,-3.12,146,146,0.00,0,0.00,0.00,0.00,0.25,0.00,0.00,0,0
35842,ON,7,0,0.00,-27.00,43.00,-3.12,146,146,0.00,0,0.00,0.00,0.00,0.25,0.00,0.00,0,0
35953,ON,7,0,0.00,-27.00,43.00,-3.12,146,146,0.00,0,0.00,0.00,0.00,0.25,0.00,0.00,0,0
36061,ON,7,0,0.00,-27.00,43.00,-3.12,146,146,0.00,0,0.00,0.00,0.00,0.25,0.00,0.00,0,0
36169,ON,7,0,0.00,-27.00,43.00,-3.12,146,146,0.00,0,0.00,0.00,0.00,0.25,0.00,0.00,0,0
36277,ON,7,0,0.00,-27.00,43.00,-3.12,146,146,0.00,0,0.00,0.00,0.00,0.25,0.00,0.00,0,0
36385,ON,7,0,0.00,-27.00,43.00,-3.12,146,146,0.00,0,0.00,0.00,0.00,0.25,0.00,0.00,0,0
36493,ON,7,0,0.00,-27.00,43.00,-3.12,146,146,0.00,0,0.00,0.00,0.00,0.25,0.00,0.00,0,0
36604,ON,7,0,0.00,-27.00,43.00,-3.12,146,146,0.00,0,0.00,0.00,0.00,0.25,0.00,0.00,0,0
36712,ON,7,0,0.00,-27.00,43.00,-3.12,146,146,0.00,0,0.00,0.00,0.00,0.25,0.00,0.00,0,0
36820,ON,7,0,0.00,-27.00,43.00,-3.12,146,146,0.00,0,0.00,0.00,0.00,0.25,0.00,0.00,0,0
36928,ON,7,0,0.00,-27.00,43.00,-3.12,146,146,0.00,0,0.00,0.00,0.00,0.25,0.00,0.00,0,0
37036,ON,7,0,0.00,-27.00,43.00,-3.12,146,146,0.00,0,0.00,0.00,0.00,0.25,0.00,0.00,0,0
37144,ON,7,0,0.00,-27.00,43.00,-3.12,146,146,0.00,0,0.00,0.00,0.00,0.25,0.00,0.00,0,0
37255,ON,7,0,0.00,-27.00,43.00,-3.12,146,146,0.00,0,0.00,0.00,0.00,0.25,0.00,0.00,0,0
37363,ON,7,0,0.00,-27.00,43.00,-3.12,146,146,0.00,0,0.00,0.00,0.00,0.25,0.00,0.00,0,0
37471,ON,7,0,0.00,-27.00,43.00,-3.12,146,146,0.00,0,0.00,0.00,0.00,0.25,0.00,0.00,0,0
37578,ON,7,0,0.00,-27.00,43.00,-3.12,146,146,0.00,0,0.00,0.00,0.00,0.25,0.00,0.00,0,0
37686,ON,7,0,0.00,-27.00,43.00,-3.12,146,146,0.00,0,0.00,0.00,0.00,0.25,0.00,0.00,0,0
37794,ON,7,0,0.00,-27.00,43.00,-3.12,146,146,0.00,0,0.00,0.00,0.00,0.25,0.00,0.00,0,0
37905,ON,7,0,0.00,-27.00,43.00,-3.12,146,146,0.00,0,0.00,0.00,0.00,0.25,0.00,0.00,0,0
38013,ON,7,0,0.00,-27.00,43.00,-3.12,146,146,0.00,0,0.00,0.00,0.00,0.25,0.00,0.00,0,0
38121,ON,7,0,0.00,-27.00,43.00,-3.12,146,146,0.00,0,0.00,0.00,0.00,0.25,0.00,0.00,0,0
38229,ON,7,0,0.00,-27.00,43.00,-3.12,146,146,0.00,0,0.00,0.00,0.00,0.25,0.00,0.00,0,0
38337,ON,7,0,0.00,-27.00,43.00,-3.12,146,146,0.00,0,0.00,0.00,0.00,0.25,0.00,0.00,0,0
38445,ON,7,0,0.00,-27.00,43.00,-3.12,146,146,0.00,0,0.00,0.00,0.00,0.25,0.00,0.00,0,0
38556,ON,7,0,0.00,-27.00,43.00,-3.12,146,146,0.00,0,0.00,0.00,0.00,0.25,0.00,0.00,0,0
38664,ON,7,0,0.00,-27.00,43.00,-3.12,146,146,0.00,0,0.00,0.00,0.00,0.25,0.00,0.00,0,0
38772,ON,7,0,0.00,-27.00,43.00,-3.12,146,146,0.00,0,0.00,0.00,0.00,0.25,0.00,0.00,0,0
38880,ON,7,0,0.00,-27.00,43.00,-3.12,146,146,0.00,0,0.00,0.00,0.00,0.25,0.00,0.00,0,0
38988,ON,7,0,0.00,-27.00,43.00,-3.12,146,146,0.00,0,0.00,0.00,0.00,0.25,0.00,0.00,0,0
39096,ON,7,0,0.00,-27.00,43.00,-3.12,146,146,0.00,0,0.00,0.00,0.00,0.25,0.00,0.00,0,0
39207,ON,7,0,0.00,-27.00,43.00,-3.12,146,146,0.00,0,0.00,0.00,0.00,0.25,0.00,0.00,0,0
39315,ON,7,0,0.00,-27.00,43.00,-3.12,146,146,0.00,0,0.00,0.00,0.00,0.25,0.00,0.00,0,0
39423,ON,7,0,0.00,-27.00,43.00,-3.12,146,146,0.00,0,0.00,0.00,0.00,0.25,0.00,0.00,0,0
39531,ON,7,0,0.00,-27.00,43.00,-3.12,146,146,0.00,0,0.00,0.00,0.00,0.25,0.00,0.00,0,0
39639,ON,7,0,0.00,-27.00,43.00,-3.12,146,146,0.00,0,0.00,0.00,0.00,0.25,0.00,0.00,0,0
39747,ON,7,0,0.00,-27.00,43.00,-3.12,146,146,0.00,0,0.00,0.00,0.00,0.25,0.00,0.00,0,0
39858,ON,7,0,0.00,-27.00,43.00,-3.12,146,146,0.00,0,0.00,0.00,0.00,0.25,0.00,0.00,0,0
39965,ON,7,0,0.00,-27.00,43.00,-3.12,146,146,0.00,0,0.00,0.00,0.00,0.25,0.00,0.00,0,0
40073,ON,7,0,0.00,-27.00,43.00,-3.12,146,146,0.00,0,0.00,0.00,0.00,0.25,0.00,0.00,0,0
40181,ON,7,0,0.00,-27.00,43.00,-3.12,146,146,0.00,0,0.00,0.00,0.00,0.25,0.00,0.00,0,0
40290,ON,7,0,0.00,-27.00,43.00,-3.12,146,146,0.00,0,0.00,0.00,0.00,0.25,0.00,0.00,0,0
40397,ON,7,0,0.00,-27.00,43.00,-3.12,146,146,0.00,0,0.00,0.00,0.00,0.25,0.00,0.00,0,0
40508,ON,7,0,0.00,-27.00,43.00,-3.12,146,146,0.00,0,0.00,0.00,0.00,0.25,0.00,0.00,0,0
40616,ON,7,0,0.00,-27.00,43.00,-3.12,146,146,0.00,0,0.00,0.00,0.00,0.25,0.00,0.00,0,0
40724,ON,7,0,0.00,-27.00,43.00,-3.12,146,146,0.00,0,0.00,0.00,0.00,0.25,0.00,0.00,0,0
40832,ON,7,0,0.00,-27.00,43.00,-3.12,146,146,0.00,0,0.00,0.00,0.00,0.25,0.00,0.00,0,0
40940,ON,7,0,0.00,-27.00,43.00,-3.12,146,146,0.00,0,0.00,0.00,0.00,0.25,0.00,0.00,0,0
41048,ON,7,0,0.00,-27.00,43.00,-3.12,146,146,0.00,0,0.00,0.00,0.00,0.25,0.00,0.00,0,0
41159,ON,7,0,0.00,-27.00,43.00,-3.12,146,146,0.00,0,0.00,0.00,0.00,0.25,0.00,0.00,0,0
41267,ON,7,0,0.00,-27.00,43.00,-3.12,146,146,0.00,0,0.00,0.00,0.00,0.25,0.00,0.00,0,0
41375,ON,7,0,0.00,-27.00,43.00,-3.12,146,146,0.00,0,0.00,0.00,0.00,0.25,0.00,0.00,0,0
41483,ON,7,0,0.00,-27.00,43.00,-3.12,146,146,0.00,0,0.00,0.00,0.00,0.25,0.00,0.00,0,0
41591,ON,7,0,0.00,-27.00,43.00,-3.12,146,146,0.00,0,0.00,0.00,0.00,0.25,0.00,0.00,0,0
41703,ON,7,0,0.00,-27.00,43.00,-3.12,146,146,0.00,0,0.00,0.00,0.00,0.25,0.00,0.00,0,0
41811,ON,7,0,0.00,-27.00,43.00,-3.12,146,146,0.00,0,0.00,0.00,0.00,0.25,0.00,0.00,0,0
41919,ON,7,0,0.00,-27.00,43.00,-3.12,146,146,0.00,0,0.00,0.00,0.00,0.25,0.00,0.00,0,0
42027,ON,7,0,0.00,-27.00,43.00,-3.12,146,146,0.00,0,0.00,0.00,0.00,0.25,0.00,0.00,0,0
42135,ON,7,0,0.00,-27.00,43.00,-3.12,146,146,0.00,0,0.00,0.00,0.00,0.25,0.00,0.00,0,0
42243,ON,7,0,0.00,-27.00,43.00,-3.12,146,146,0.00,0,0.00,0.00,0.00,0.25,0.00,0.00,0,0
42354,ON,7,0,0.00,-27.00,43.00,-3.12,146,146,0.00,0,0.00,0.00,0.00,0.25,0.00,0.00,0,0
42462,ON,7,0,0.00,-27.00,43.00,-3.12,146,146,0.00,0,0.00,0.00,0.00,0.25,0.00,0.00,0,0
42570,ON,7,0,0.00,-27.00,43.00,-3.12,146,146,0.00,0,0.00,0.00,0.00,0.25,0.00,0.00,0,0
42678,ON,7,0,0.00,-27.00,43.00,-3.12,146,146,0.00,0,0.00,0.00,0.00,0.25,0.00,0.00,0,0
42786,ON,7,0,0.00,-27.00,43.00,-3.12,146,146,0.00,0,0.00,0.00,0.00,0.25,0.00,0.00,0,0
42894,ON,7,0,0.00,-27.00,43.00,-3.12,146,146,0.00,0,0.00,0.00,0.00,0.25,0.00,0.00,0,0
43005,ON,7,0,0.00,-27.00,43.00,-3.12,146,146,0.00,0,0.00,0.00,0.00,0.25,0.00,0.00,0,0
43113,ON,7,0,0.00,-27.00,43.00,-3.12,146,146,0.00,0,0.00,0.00,0.00,0.25,0.00,0.00,0,0
43221,ON,7,0,0.00,-27.00,43.00,-3.12,146,146,0.00,0,0.00,0.00,0.00,0.25,0.00,0.00,0,0
43329,ON,7,0,0.00,-27.00,43.00,-3.12,146,146,0.00,0,0.00,0.00,0.00,0.25,0.00,0.00,0,0
43437,ON,7,0,0.00,-27.00,43.00,-3.12,146,146,0.00,0,0.00,0.00,0.00,0.25,0.00,0.00,0,0
43545,ON,7,0,0.00,-27.00,43.00,-3.12,146,146,0.00,0,0.00,0.00,0.00,0.25,0.00,0.00,0,0
43655,ON,7,0,0.00,-27.00,43.00,-3.12,146,146,0.00,0,0.00,0.00,0.00,0.25,0.00,0.00,0,0
43763,ON,7,0,0.00,-27.00,43.00,-3.12,146,146,0.00,0,0.00,0.00,0.00,0.25,0.00,0.00,0,0
43871,ON,7,0,0.00,-27.00,43.00,-3.12,146,146,0.00,0,0.00,0.00,0.00,0.25,0.00,0.00,0,0
43979,ON,7,0,0.00,-27.00,43.00,-3.12,146,146,0.00,0,0.00,0.00,0.00,0.25,0.00,0.00,0,0
44087,ON,7,0,0.00,-27.00,43.00,-3.12,146,146,0.00,0,0.00,0.00,0.00,0.25,0.00,0.00,0,0
44195,ON,7,0,0.00,-27.00,43.00,-3.12,146,146,0.00,0,0.00,0.00,0.00,0.25,0.00,0.00,0,0
44307,ON,7,0,0.00,-27.00,43.00,-3.12,146,146,0.00,0,0.00,0.00,0.00,0.25,0.00,0.00,0,0
44415,ON,7,0,0.00,-27.00,43.00,-3.12,146,146,0.00,0,0.00,0.00,0.00,0.25,0.00,0.00,0,0
44523,ON,7,0,0.00,-27.00,43.00,-3.12,146,146,0.00,0,0.00,0.00,0.00,0.25,0.00,0.00,0,0
44631,ON,7,0,0.00,-27.00,43.00,-3.12,146,146,0.00,0,0.00,0.00,0.00,0.25,0.00,0.00,0,0
44739,ON,7,0,0.00,-27.00,43.00,-3.12,146,146,0.00,0,0.00,0.00,0.00,0.25,0.00,0.00,0,0
44847,ON,7,0,0.00,-27.00,43.00,-3.12,146,146,0.00,0,0.00,0.00,0.00,0.25,0.00,0.00,0,0
44957,ON,7,0,0.00,-27.00,43.00,-3.12,146,146,0.00,0,0.00,0.00,0.00,0.25,0.00,0.00,0,0
45065,ON,7,0,0.00,-27.00,43.00,-3.12,146,146,0.00,0,0.00,0.00,0.00,0.25,0.00,0.00,0,0
45173,ON,7,0,0.00,-27.00,43.00,-3.12,146,146,0.00,0,0.00,0.00,0.00,0.25,0.00,0.00,0,0
45281,ON,7,0,0.00,-27.00,43.00,-3.12,146,146,0.00,0,0.00,0.00,0.00,0.25,0.00,0.00,0,0
45389,ON,7,0,0.00,-27.00,43.00,-3.12,146,146,0.00,0,0.00,0.00,0.00,0.25,0.00,0.00,0,0
45497,ON,7,0,0.00,-27.00,43.00,-3.12,146,146,0.00,0,0.00,0.00,0.00,0.25,0.00,0.00,0,0
45608,ON,7,0,0.00,-27.00,43.00,-3.12,146,146,0.00,0,0.00,0.00,0.00,0.25,0.00,0.00,0,0
45716,ON,7,0,0.00,-27.00,43.00,-3.12,146,146,0.00,0,0.00,0.00,0.00,0.25,0.00,0.00,0,0
45824,ON,7,0,0.00,-27.00,43.00,-3.12,146,146,0.00,0,0.00,0.00,0.00,0.25,0.00,0.00,0,0
45932,ON,7,0,0.00,-27.00,43.00,-3.12,146,146,0.00,0,0.00,0.00,0.00,0.25,0.00,0.00,0,0
46040,ON,7,0,0.00,-27.00,43.00,-3.12,146,146,0.00,0,0.00,0.00,0.00,0.25,0.00,0.00,0,0
46148,ON,7,0,0.00,-27.00,43.00,-3.12,146,146,0.00,0,0.00,0.00,0.00,0.25,0.00,0.00,0,0
46259,ON,7,0,0.00,-27.00,43.00,-3.12,146,146,0.00,0,0.00,0.00,0.00,0.25,0.00,0.00,0,0
46367,ON,7,0,0.00,-27.00,43.00,-3.12,146,146,0.00,0,0.00,0.00,0.00,0.25,0.00,0.00,0,0
46475,ON,7,0,0.00,-27.00,43.00,-3.12,146,146,0.00,0,0.00,0.00,0.00,0.25,0.00,0.00,0,0
46583,ON,7,0,0.00,-27.00,43.00,-3.12,146,146,0.00,0,0.00,0.00,0.00,0.25,0.00,0.00,0,0
46691,ON,7,0,0.00,-27.00,43.00,-3.12,146,146,0.00,0,0.00,0.00,0.00,0.25,0.00,0.00,0,0
46799,ON,7,0,0.00,-27.00,43.00,-3.12,146,146,0.00,0,0.00,0.00,0.00,0.25,0.00,0.00,0,0
46910,ON,7,0,0.00,-27.00,43.00,-3.12,146,146,0.00,0,0.00,0.00,0.00,0.25,0.00,0.00,0,0
47018,ON,7,0,0.00,-27.00,43.00,-3.12,146,146,0.00,0,0.00,0.00,0.00,0.25,0.00,0.00,0,0
47126,ON,7,0,0.00,-27.00,43.00,-3.12,146,146,0.00,0,0.00,0.00,0.00,0.25,0.00,0.00,0,0
47234,ON,7,0,0.00,-27.00,43.00,-3.12,146,146,0.00,0,0.00,0.00,0.00,0.25,0.00,0.00,0,0
47342,ON,7,0,0.00,-27.00,43.00,-3.12,146,146,0.00,0,0.00,0.00,0.00,0.25,0.00,0.00,0,0
47450,ON,7,0,0.00,-27.00,43.00,-3.12,146,146,0.00,0,0.00,0.00,0.00,0.25,0.00,0.00,0,0
47561,ON,7,0,0.00,-27.00,43.00,-3.12,146,146,0.00,0,0.00,0.00,0.00,0.25,0.00,0.00,0,0
47669,ON,7,0,0.00,-27.00,43.00,-3.12,146,146,0.00,0,0.00,0.00,0.00,0.25,0.00,0.00,0,0
47777,ON,7,0,0.00,-27.00,43.00,-3.12,146,146,0.00,0,0.00,0.00,0.00,0.25,0.00,0.00,0,0
47885,ON,7,0,0.00,-27.00,43.00,-3.12,146,146,0.00,0,0.00,0.00,0.00,0.25,0.00,0.00,0,0
47993,ON,7,0,0.00,-27.00,43.00,-3.12,146,146,0.00,0,0.00,0.00,0.00,0.25,0.00,0.00,0,0
48101,ON,7,0,0.00,-27.00,43.00,-3.12,146,146,0.00,0,0.00,0.00,0.00,0.25,0.00,0.00,0,0
48212,ON,7,0,0.00,-27.00,43.00,-3.12,146,146,0.00,0,0.00,0.00,0.00,0.25,0.00,0.00,0,0
48320,ON,7,0,0.00,-27.00,43.00,-3.12,146,146,0.00,0,0.00,0.00,0.00,0.25,0.00,0.00,0,0
48428,ON,7,0,0.00,-27.00,43.00,-3.12,146,146,0.00,0,0.00,0.00,0.00,0.25,0.00,0.00,0,0
48536,ON,7,0,0.00,-27.00,43.00,-3.12,146,146,0.00,0,0.00,0.00,0.00,0.25,0.00,0.00,0,0
48644,ON,7,0,0.00,-27.00,43.00,-3.12,146,146,0.00,0,0.00,0.00,0.00,0.25,0.00,0.00,0,0
48752,ON,7,0,0.00,-27.00,43.00,-3.12,146,146,0.00,0,0.00,0.00,0.00,0.25,0.00,0.00,0,0
48862,ON,7,0,0.00,-27.00,43.00,-3.12,146,146,0.00,0,0.00,0.00,0.00,0.25,0.00,0.00,0,0
48970,ON,7,0,0.00,-27.00,43.00,-3.12,146,146,0.00,0,0.00,0.00,0.00,0.25,0.00,0.00,0,0
49078,ON,7,0,0.00,-27.00,43.00,-3.12,146,146,0.00,0,0.00,0.00,0.00,0.25,0.00,0.00,0,0
49186,ON,7,0,0.00,-27.00,43.00,-3.12,146,146,0.00,0,0.00,0.00,0.00,0.25,0.00,0.00,0,0
49294,ON,7,0,0.00,-27.00,43.00,-3.12,146,146,0.00,0,0.00,0.00,0.00,0.25,0.00,0.00,0,0
49402,ON,7,0,0.00,-27.00,43.00,-3.12,146,146,0.00,0,0.00,0.00,0.00,0.25,0.00,0.00,0,0
49513,ON,7,0,0.00,-27.00,43.00,-3.12,146,146,0.00,0,0.00,0.00,0.00,0.25,0.00,0.00,0,0
49621,ON,7,0,0.00,-27.00,43.00,-3.12,146,146,0.00,0,0.00,0.00,0.00,0.25,0.00,0.00,0,0
49729,ON,7,0,0.00,-27.00,43.00,-3.12,146,146,0.00,0,0.00,0.00,0.00,0.25,0.00,0.00,0,0
49837,ON,7,0,0.00,-27.00,43.00,-3.12,146,146,0.00,0,0.00,0.00,0.00,0.25,0.00,0.00,0,0
49945,ON,7,0,0.00,-27.00,43.00,-3.12,146,146,0.00,0,0.00,0.00,0.00,0.25,0.00,0.00,0,0
50053,ON,7,0,0.00,-27.00,43.00,-3.12,146,146,0.00,0,0.00,0.00,0.00,0.25,0.00,0.00,0,0
50164,ON,7,0,0.00,-27.00,43.00,-3.12,146,146,0.00,0,0.00,0.00,0.00,0.25,0.00,0.00,0,0
50272,ON,7,0,0.00,-27.00,43.00,-3.12,146,146,0.00,0,0.00,0.00,0.00,0.25,0.00,0.00,0,0
50380,ON,7,0,0.00,-27.00,43.00,-3.12,146,146,0.00,0,0.00,0.00,0.00,0.25,0.00,0.00,0,0
50488,ON,7,0,0.00,-27.00,43.00,-3.12,146,146,0.00,0,0.00,0.00,0.00,0.25,0.00,0.00,0,0
50596,ON,7,0,0.00,-27.00,43.00,-3.12,146,146,0.00,0,0.00,0.00,0.00,0.25,0.00,0.00,0,0
50704,ON,7,0,0.00,-27.00,43.00,-3.12,146,146,0.00,0,0.00,0.00,0.00,0.25,0.00,0.00,0,0
50815,ON,7,0,0.00,-27.00,43.00,-3.12,146,146,0.00,0,0.00,0.00,0.00,0.25,0.00,0.00,0,0
50923,ON,7,0,0.00,-27.00,43.00,-3.12,146,146,0.00,0,0.00,0.00,0.00,0.25,0.00,0.00,0,0
51031,ON,7,0,0.00,-27.00,43.00,-3.12,146,146,0.00,0,0.00,0.00,0.00,0.25,0.00,0.00,0,0
51139,ON,7,0,0.00,-27.00,43.00,-3.12,146,146,0.00,0,0.00,0.00,0.00,0.25,0.00,0.00,0,0
51247,ON,7,0,0.00,-27.00,43.00,-3.12,146,146,0.00,0,0.00,0.00,0.00,0.25,0.00,0.00,0,0
51355,ON,7,0,0.00,-27.00,43.00,-3.12,146,146,0.00,0,0.00,0.00,0.00,0.25,0.00,0.00,0,0
51465,ON,7,0,0.00,-27.00,43.00,-3.12,146,146,0.00,0,0.00,0.00,0.00,0.25,0.00,0.00,0,0
51574,ON,7,0,0.00,-27.00,43.00,-3.12,146,146,0.00,0,0.00,0.00,0.00,0.25,0.00,0.00,0,0
51682,ON,7,0,0.00,-27.00,43.00,-3.12,146,146,0.00,0,0.00,0.00,0.00,0.25,0.00,0.00,0,0
51789,ON,7,0,0.00,-27.00,43.00,-3.12,146,146,0.00,0,0.00,0.00,0.00,0.25,0.00,0.00,0,0
51897,ON,7,0,0.00,-27.00,43.00,-3.12,146,146,0.00,0,0.00,0.00,0.00,0.25,0.00,0.00,0,0
52005,ON,7,0,0.00,-27.00,43.00,-3.12,146,146,0.00,0,0.00,0.00,0.00,0.25,0.00,0.00,0,0
52116,ON,7,0,0.00,-27.00,43.00,-3.12,146,146,0.00,0,0.00,0.00,0.00,0.25,0.00,0.00,0,0
52224,ON,7,0,0.00,-27.00,43.00,-3.12,146,146,0.00,0,0.00,0.00,0.00,0.25,0.00,0.00,0,0
52332,ON,7,0,0.00,-27.00,43.00,-3.12,146,146,0.00,0,0.00,0.00,0.00,0.25,0.00,0.00,0,0
52440,ON,7,0,0.00,-27.00,43.00,-3.12,146,146,0.00,0,0.00,0.00,0.00,0.25,0.00,0.00,0,0
52548,ON,7,0,0.00,-27.00,43.00,-3.12,146,146,0.00,0,0.00,0.00,0.00,0.25,0.00,0.00,0,0
52656,ON,7,0,0.00,-27.00,43.00,-3.12,146,146,0.00,0,0.00,0.00,0.00,0.25,0.00,0.00,0,0
52767,ON,7,0,0.00,-27.00,43.00,-3.12,146,146,0.00,0,0.00,0.00,0.00,0.25,0.00,0.00,0,0
52875,ON,7,0,0.00,-27.00,43.00,-3.12,146,146,0.00,0,0.00,0.00,0.00,0.25,0.00,0.00,0,0
52983,ON,7,0,0.00,-27.00,43.00,-3.12,146,146,0.00,0,0.00,0.00,0.00,0.25,0.00,0.00,0,0
53091,ON,7,0,0.00,-27.00,43.00,-3.12,146,146,0.00,0,0.00,0.00,0.00,0.25,0.00,0.00,0,0
53199,ON,7,0,0.00,-27.00,43.00,-3.12,146,146,0.00,0,0.00,0.00,0.00,0.25,0.00,0.00,0,0
53307,ON,7,0,0.00,-27.00,43.00,-3.12,146,146,0.00,0,0.00,0.00,0.00,0.25,0.00,0.00,0,0
53418,ON,7,0,0.00,-27.00,43.00,-3.12,146,146,0.00,0,0.00,0.00,0.00,0.25,0.00,0.00,0,0
53526,ON,7,0,0.00,-27.00,43.00,-3.12,146,146,0.00,0,0.00,0.00,0.00,0.25,0.00,0.00,0,0
53634,ON,7,0,0.00,-27.00,43.00,-3.12,146,146,0.00,0,0.00,0.00,0.00,0.25,0.00,0.00,0,0
53742,ON,7,0,0.00,-27.00,43.00,-3.12,146,146,0.00,0,0.00,0.00,0.00,0.25,0.00,0.00,0,0
53850,ON,7,0,0.00,-27.00,43.00,-3.12,146,146,0.00,0,0.00,0.00,0.00,0.25,0.00,0.00,0,0
53958,ON,7,0,0.00,-27.00,43.00,-3.12,146,146,0.00,0,0.00,0.00,0.00,0.25,0.00,0.00,0,0
54068,ON,7,0,0.00,-27.00,43.00,-3.12,146,146,0.00,0,0.00,0.00,0.00,0.25,0.00,0.00,0,0
54176,ON,7,0,0.00,-27.00,43.00,-3.12,146,146,0.00,0,0.00,0.00,0.00,0.25,0.00,0.00,0,0
54284,ON,7,0,0.00,-27.00,43.00,-3.12,146,146,0.00,0,0.00,0.00,0.00,0.25,0.00,0.00,0,0
54392,ON,7,0,0.00,-27.00,43.00,-3.12,146,146,0.00,0,0.00,0.00,0.00,0.25,0.00,0.00,0,0
54500,ON,7,0,0.00,-27.00,43.00,-3.12,146,146,0.00,0,0.00,0.00,0.00,0.25,0.00,0.00,0,0
54608,ON,7,0,0.00,-27.00,43.00,-3.12,146,146,0.00,0,0.00,0.00,0.00,0.25,0.00,0.00,0,0
54719,ON,7,0,0.00,-27.00,43.00,-3.12,146,146,0.00,0,0.00,0.00,0.00,0.25,0.00,0.00,0,0
54827,ON,7,0,0.00,-27.00,43.00,-3.12,146,146,0.00,0,0.00,0.00,0.00,0.25,0.00,0.00,0,0
54935,ON,7,0,0.00,-27.00,43.00,-3.12,146,146,0.00,0,0.00,0.00,0.00,0.25,0.00,0.00,0,0
55043,ON,7,0,0.00,-27.00,43.00,-3.12,146,146,0.00,0,0.00,0.00,0.00,0.25,0.00,0.00,0,0
55151,ON,7,0,0.00,-27.00,43.00,-3.12,146,146,0.00,0,0.00,0.00,0.00,0.25,0.00,0.00,0,0
55259,ON,7,0,0.00,-27.00,43.00,-3.12,146,146,0.00,0,0.00,0.00,0.00,0.25,0.00,0.00,0,0
55370,ON,7,0,0.00,-27.00,43.00,-3.12,146,146,0.00,0,0.00,0.00,0.00,0.25,0.00,0.00,0,0
55478,ON,7,0,0.00,-27.00,43.00,-3.12,146,146,0.00,0,0.00,0.00,0.00,0.25,0.00,0.00,0,0
55586,ON,7,0,0.00,-27.00,43.00,-3.12,146,146,0.00,0,0.00,0.00,0.00,0.25,0.00,0.00,0,0
55694,ON,7,0,0.00,-27.00,43.00,-3.12,146,146,0.00,0,0.00,0.00,0.00,0.25,0.00,0.00,0,0
55802,ON,7,0,0.00,-27.00,43.00,-3.12,146,146,0.00,0,0.00,0.00,0.00,0.25,0.00,0.00,0,0
55910,ON,7,0,0.00,-27.00,43.00,-3.12,146,146,0.00,0,0.00,0.00,0.00,0.25,0.00,0.00,0,0
56021,ON,7,0,0.00,-27.00,43.00,-3.12,146,146,0.00,0,0.00,0.00,0.00,0.25,0.00,0.00,0,0
56129,ON,7,0,0.00,-27.00,43.00,-3.12,146,146,0.00,0,0.00,0.00,0.00,0.25,0.00,0.00,0,0
56236,ON,7,0,0.00,-27.00,43.00,-3.12,146,146,0.00,0,0.00,0.00,0.00,0.25,0.00,0.00,0,0
56344,ON,7,0,0.00,-27.00,43.00,-3.12,146,146,0.00,0,0.00,0.00,0.00,0.25,0.00,0.00,0,0
56452,ON,7,0,0.00,-27.00,43.00,-3.12,146,146,0.00,0,0.00,0.00,0.00,0.25,0.00,0.00,0,0
56560,ON,7,0,0.00,-27.00,43.00,-3.12,146,146,0.00,0,0.00,0.00,0.00,0.25,0.00,0.00,0,0
56671,ON,7,0,0.00,-27.00,43.00,-3.12,146,146,0.00,0,0.00,0.00,0.00,0.25,0.00,0.00,0,0
56779,ON,7,0,0.00,-27.00,43.00,-3.12,146,146,0.00,0,0.00,0.00,0.00,0.25,0.00,0.00,0,0
56887,ON,7,0,0.00,-27.00,43.00,-3.12,146,146,0.00,0,0.00,0.00,0.00,0.25,0.00,0.00,0,0
56995,ON,7,0,0.00,-27.00,43.00,-3.12,146,146,0.00,0,0.00,0.00,0.00,0.25,0.00,0.00,0,0
57103,ON,7,0,0.00,-27.00,43.00,-3.12,146,146,0.00,0,0.00,0.00,0.00,0.25,0.00,0.00,0,0
57211,ON,7,0,0.00,-27.00,43.00,-3.12,146,146,0.00,0,0.00,0.00,0.00,0.25,0.00,0.00,0,0
57322,ON,7,0,0.00,-27.00,43.00,-3.12,146,146,0.00,0,0.00,0.00,0.00,0.25,0.00,0.00,0,0
57430,ON,7,0,0.00,-27.00,43.00,-3.12,146,146,0.00,0,0.00,0.00,0.00,0.25,0.00,0.00,0,0
57538,ON,7,0,0.00,-27.00,43.00,-3.12,146,146,0.00,0,0.00,0.00,0.00,0.25,0.00,0.00,0,0
57646,ON,7,0,0.00,-27.00,43.00,-3.12,146,146,0.00,0,0.00,0.00,0.00,0.25,0.00,0.00,0,0
57754,ON,7,0,0.00,-27.00,43.00,-3.12,146,146,0.00,0,0.00,0.00,0.00,0.25,0.00,0.00,0,0
57862,ON,7,0,0.00,-27.00,43.00,-3.12,146,146,0.00,0,0.00,0.00,0.00,0.25,0.00,0.00,0,0
57973,ON,7,0,0.00,-27.00,43.00,-3.12,146,146,0.00,0,0.00,0.00,0.00,0.25,0.00,0.00,0,0
58081,ON,7,0,0.00,-27.00,43.00,-3.12,146,146,0.00,0,0.00,0.00,0.00,0.25,0.00,0.00,0,0
58189,ON,7,0,0.00,-27.00,43.00,-3.12,146,146,0.00,0,0.00,0.00,0.00,0.25,0.00,0.00,0,0
58297,ON,7,0,0.00,-27.00,43.00,-3.12,146,146,0.00,0,0.00,0.00,0.00,0.25,0.00,0.00,0,0
58405,ON,7,0,0.00,-27.00,43.00,-3.12,146,146,0.00,0,0.00,0.00,0.00,0.25,0.00,0.00,0,0
58513,ON,7,0,0.00,-27.00,43.00,-3.12,146,146,0.00,0,0.00,0.00,0.00,0.25,0.00,0.00,0,0
58624,ON,7,0,0.00,-27.00,43.00,-3.12,146,146,0.00,0,0.00,0.00,0.00,0.25,0.00,0.00,0,0
58732,ON,7,0,0.00,-27.00,43.00,-3.12,146,146,0.00,0,0.00,0.00,0.00,0.25,0.00,0.00,0,0
58845,ON,7,0,0.00,-27.00,43.00,-3.12,146,146,0.00,0,0.00,0.00,0.00,0.25,0.00,0.00,0,0
58953,ON,7,0,0.00,-27.00,43.00,-3.12,146,146,0.00,0,0.00,0.00,0.00,0.25,0.00,0.00,0,0
59061,ON,7,0,0.00,-27.00,43.00,-3.12,146,146,0.00,0,0.00,0.00,0.00,0.25,0.00,0.00,0,0
59169,ON,7,0,0.00,-27.00,43.00,-3.12,146,146,0.00,0,0.00,0.00,0.00,0.25,0.00,0.00,0,0
59279,ON,7,0,0.00,-27.00,43.00,-3.12,146,146,0.00,0,0.00,0.00,0.00,0.25,0.00,0.00,0,0
59387,ON,7,0,0.00,-27.00,43.00,-3.12,146,146,0.00,0,0.00,0.00,0.00,0.25,0.00,0.00,0,0
59495,ON,7,0,0.00,-27.00,43.00,-3.12,146,146,0.00,0,0.00,0.00,0.00,0.25,0.00,0.00,0,0
59603,ON,7,0,0.00,-27.00,43.00,-3.12,146,146,0.00,0,0.00,0.00,0.00,0.25,0.00,0.00,0,0
59711,ON,7,0,0.00,-27.00,43.00,-3.12,146,146,0.00,0,0.00,0.00,0.00,0.25,0.00,0.00,0,0
59819,ON,7,0,0.00,-27.00,43.00,-3.12,146,146,0.00,0,0.00,0.00,0.00,0.25,0.00,0.00,0,0
59930,ON,7,0,0.00,-27.00,43.00,-3.12,146,146,0.00,0,0.00,0.00,0.00,0.25,0.00,0.00,0,0
60038,ON,7,0,0.00,-27.00,43.00,-3.12,146,146,0.00,0,0.00,0.00,0.00,0.25,0.00,0.00,0,0
60146,ON,7,0,0.00,-27.00,43.00,-3.12,146,146,0.00,0,0.00,0.00,0.00,0.25,0.00,0.00,0,0
60254,ON,7,0,0.00,-27.00,43.00,-3.12,146,146,0.00,0,0.00,0.00,0.00,0.25,0.00,0.00,0,0
60362,ON,7,0,0.00,-27.00,43.00,-3.12,146,146,0.00,0,0.00,0.00,0.00,0.25,0.00,0.00,0,0
60470,ON,7,0,0.00,-27.00,43.00,-3.12,146,146,0.00,0,0.00,0.00,0.00,0.25,0.00,0.00,0,0
60581,ON,7,0,0.00,-27.00,43.00,-3.12,146,146,0.00,0,0.00,0.00,0.00,0.25,0.00,0.00,0,0
60689,ON,7,0,0.00,-27.00,43.00,-3.12,146,146,0.00,0,0.00,0.00,0.00,0.25,0.00,0.00,0,0
60797,ON,7,0,0.00,-27.00,43.00,-3.12,146,146,0.00,0,0.00,0.00,0.00,0.25,0.00,0.00,0,0
60905,ON,7,0,0.00,-27.00,43.00,-3.12,146,146,0.00,0,0.00,0.00,0.00,0.25,0.00,0.00,0,0
61013,ON,7,0,0.00,-27.00,43.00,-3.12,146,146,0.00,0,0.00,0.00,0.00,0.25,0.00,0.00,0,0
61121,ON,7,0,0.00,-27.00,43.00,-3.12,146,146,0.00,0,0.00,0.00,0.00,0.25,0.00,0.00,0,0
61231,ON,7,0,0.00,-27.00,43.00,-3.12,146,146,0.00,0,0.00,0.00,0.00,0.25,0.00,0.00,0,0
61339,ON,7,0,0.00,-27.00,43.00,-3.12,146,146,0.00,0,0.00,0.00,0.00,0.25,0.00,0.00,0,0
61447,ON,7,0,0.00,-27.00,43.00,-3.12,146,146,0.00,0,0.00,0.00,0.00,0.25,0.00,0.00,0,0
61555,ON,7,0,0.00,-27.00,43.00,-3.12,146,146,0.00,0,0.00,0.00,0.00,0.25,0.00,0.00,0,0
61663,ON,7,0,0.00,-27.00,43.00,-3.12,146,146,0.00,0,0.00,0.00,0.00,0.25,0.00,0.00,0,0
61771,ON,7,0,0.00,-27.00,43.00,-3.12,146,146,0.00,0,0.00,0.00,0.00,0.25,0.00,0.00,0,0
61882,ON,7,0,0.00,-27.00,43.00,-3.12,146,146,0.00,0,0.00,0.00,0.00,0.25,0.00,0.00,0,0
61990,ON,7,0,0.00,-27.00,43.00,-3.12,146,146,0.00,0,0.00,0.00,0.00,0.25,0.00,0.00,0,0
62098,ON,7,0,0.00,-27.00,43.00,-3.12,146,146,0.00,0,0.00,0.00,0.00,0.25,0.00,0.00,0,0
62206,ON,7,0,0.00,-27.00,43.00,-3.12,146,146,0.00,0,0.00,0.00,0.00,0.25,0.00,0.00,0,0
62314,ON,7,0,0.00,-27.00,43.00,-3.12,146,146,0.00,0,0.00,0.00,0.00,0.25,0.00,0.00,0,0
62422,ON,7,0,0.00,-27.00,43.00,-3.12,146,146,0.00,0,0.00,0.00,0.00,0.25,0.00,0.00,0,0
62533,ON,7,0,0.00,-27.00,43.00,-3.12,146,146,0.00,0,0.00,0.00,0.00,0.25,0.00,0.00,0,0
62641,ON,7,0,0.00,-27.00,43.00,-3.12,146,146,0.00,0,0.00,0.00,0.00,0.25,0.00,0.00,0,0
62749,ON,7,0,0.00,-27.00,43.00,-3.12,146,146,0.00,0,0.00,0.00,0.00,0.25,0.00,0.00,0,0
62857,ON,7,0,0.00,-27.00,43.00,-3.12,146,146,0.00,0,0.00,0.00,0.00,0.25,0.00,0.00,0,0
62965,ON,7,0,0.00,-27.00,43.00,-3.12,146,146,0.00,0,0.00,0.00,0.00,0.25,0.00,0.00,0,0
63073,ON,7,0,0.00,-27.00,43.00,-3.12,146,146,0.00,0,0.00,0.00,0.00,0.25,0.00,0.00,0,0
63183,ON,7,0,0.00,-27.00,43.00,-3.12,146,146,0.00,0,0.00,0.00,0.00,0.25,0.00,0.00,0,0
63291,ON,7,0,0.00,-27.00,43.00,-3.12,146,146,0.00,0,0.00,0.00,0.00,0.25,0.00,0.00,0,0
63399,ON,7,0,0.00,-27.00,43.00,-3.12,146,146,0.00,0,0.00,0.00,0.00,0.25,0.00,0.00,0,0
63507,ON,7,0,0.00,-27.00,43.00,-3.12,146,146,0.00,0,0.00,0.00,0.00,0.25,0.00,0.00,0,0
63615,ON,7,0,0.00,-27.00,43.00,-3.12,146,146,0.00,0,0.00,0.00,0.00,0.25,0.00,0.00,0,0
63723,ON,7,0,0.00,-27.00,43.00,-3.12,146,146,0.00,0,0.00,0.00,0.00,0.25,0.00,0.00,0,0
63834,ON,7,0,0.00,-27.00,43.00,-3.12,146,146,0.00,0,0.00,0.00,0.00,0.25,0.00,0.00,0,0
63942,ON,7,0,0.00,-27.00,43.00,-3.12,146,146,0.00,0,0.00,0.00,0.00,0.25,0.00,0.00,0,0
64050,ON,7,0,0.00,-27.00,43.00,-3.12,146,146,0.00,0,0.00,0.00,0.00,0.25,0.00,0.00,0,0
64158,ON,7,0,0.00,-27.00,43.00,-3.12,146,146,0.00,0,0.00,0.00,0.00,0.25,0.00,0.00,0,0
64266,ON,7,0,0.00,-27.00,43.00,-3.12,146,146,0.00,0,0.00,0.00,0.00,0.25,0.00,0.00,0,0
64374,ON,7,0,0.00,-27.00,43.00,-3.12,146,146,0.00,0,0.00,0.00,0.00,0.25,0.00,0.00,0,0
64485,ON,7,0,0.00,-27.00,43.00,-3.12,146,146,0.00,0,0.00,0.00,0.00,0.25,0.00,0.00,0,0
64592,ON,7,0,0.00,-27.00,43.00,-3.12,146,146,0.00,0,0.00,0.00,0.00,0.25,0.00,0.00,0,0
64700,ON,7,0,0.00,-27.00,43.00,-3.12,146,146,0.00,0,0.00,0.00,0.00,0.25,0.00,0.00,0,0
64808,ON,7,0,0.00,-27.00,43.00,-3.12,146,146,0.00,0,0.00,0.00,0.00,0.25,0.00,0.00,0,0
64916,ON,7,0,0.00,-27.00,43.00,-3.12,146,146,0.00,0,0.00,0.00,0.00,0.25,0.00,0.00,0,0
65024,ON,7,0,0.00,-27.00,43.00,-3.12,146,146,0.00,0,0.00,0.00,0.00,0.25,0.00,0.00,0,0
65136,ON,7,0,0.00,-27.00,43.00,-3.12,146,146,0.00,0,0.00,0.00,0.00,0.25,0.00,0.00,0,0
65244,ON,7,0,0.00,-27.00,43.00,-3.12,146,146,0.00,0,0.00,0.00,0.00,0.25,0.00,0.00,0,0
65352,ON,7,0,0.00,-27.00,43.00,-3.12,146,146,0.00,0,0.00,0.00,0.00,0.25,0.00,0.00,0,0
65460,ON,7,0,0.00,-27.00,43.00,-3.12,146,146,0.00,0,0.00,0.00,0.00,0.25,0.00,0.00,0,0
65567,ON,7,0,0.00,-27.00,43.00,-3.12,146,146,0.00,0,0.00,0.00,0.00,0.25,0.00,0.00,0,0
65675,ON,7,0,0.00,-27.00,43.00,-3.12,146,146,0.00,0,0.00,0.00,0.00,0.25,0.00,0.00,0,0
65786,ON,7,0,0.00,-27.00,43.00,-3.12,146,146,0.00,0,0.00,0.00,0.00,0.25,0.00,0.00,0,0
65894,ON,7,0,0.00,-27.00,43.00,-3.12,146,146,0.00,0,0.00,0.00,0.00,0.25,0.00,0.00,0,0
66002,ON,7,0,0.00,-27.00,43.00,-3.12,146,146,0.00,0,0.00,0.00,0.00,0.25,0.00,0.00,0,0
66110,ON,7,0,0.00,-27.00,43.00,-3.12,146,146,0.00,0,0.00,0.00,0.00,0.25,0.00,0.00,0,0
66218,ON,7,0,0.00,-27.00,43.00,-3.12,146,146,0.00,0,0.00,0.00,0.00,0.25,0.00,0.00,0,0
66326,ON,7,0,0.00,-27.00,43.00,-3.12,146,146,0.00,0,0.00,0.00,0.00,0.25,0.00,0.00,0,0
66437,ON,7,0,0.00,-27.00,43.00,-3.12,146,146,0.00,0,0.00,0.00,0.00,0.25,0.00,0.00,0,0
66545,ON,7,0,0.00,-27.00,43.00,-3.12,146,146,0.00,0,0.00,0.00,0.00,0.25,0.00,0.00,0,0
66653,ON,7,0,0.00,-27.00,43.00,-3.12,146,146,0.00,0,0.00,0.00,0.00,0.25,0.00,0.00,0,0
