2325,OFF,0,0,0.00,-40.00,-40.00,-100.00,0,0,0.00,0,-64.00,0.00,0.00,0.00,-100.00,0.00,0,0
2434,ON,5,0,0.00,-27.00,-40.00,-3.12,146,0,0.00,0,-64.00,0.00,0.00,0.00,-100.00,0.00,0,0
2544,ON,5,0,0.00,-27.00,46.00,-3.12,146,0,0.00,0,0.00,0.00,0.00,0.25,0.00,0.00,0,0
2652,ON,5,0,0.00,-27.00,46.00,-3.12,146,146,0.00,0,0.00,0.00,0.00,0.25,0.00,0.00,0,0
2760,ON,5,0,0.00,-27.00,46.00,-3.12,146,146,0.00,0,0.00,0.00,0.00,0.25,0.00,0.00,0,0
2868,ON,5,0,0.00,-27.00,46.00,-3.12,146,146,0.00,0,0.00,0.00,0.00,0.25,0.00,0.00,0,0
2976,ON,5,0,0.00,-27.00,46.00,-3.12,146,146,0.00,0,0.00,0.00,0.00,0.25,0.00,0.00,0,0
3083,ON,5,0,0.00,-27.00,46.00,-3.12,146,146,0.00,0,0.00,0.00,0.00,0.25,0.00,0.00,0,0
3194,ON,5,0,0.00,-27.00,46.00,-3.12,146,146,0.00,0,0.00,0.00,0.00,0.25,0.00,0.00,0,0
3302,ON,5,0,0.00,-27.00,46.00,-3.12,146,146,0.00,0,0.00,0.00,0.00,0.25,0.00,0.00,0,0
3410,ON,5,0,0.00,-27.00,46.00,-3.12,146,146,0.00,0,0.00,0.00,0.00,0.25,0.00,0.00,0,0
3518,ON,5,0,0.00,-27.00,46.00,-3.12,146,146,0.00,0,0.00,0.00,0.00,0.25,0.00,0.00,0,0
3626,ON,5,0,0.00,-27.00,46.00,-3.12,146,146,0.00,0,0.00,0.00,0.00,0.25,0.00,0.00,0,0
3734,ON,5,0,0.00,-27.00,46.00,-3.12,146,146,0.00,0,0.00,0.00,0.00,0.25,0.00,0.00,0,0
3845,ON,5,0,0.00,-27.00,46.00,-3.12,146,146,0.00,0,0.00,0.00,0.00,0.25,0.00,0.00,0,0
3953,ON,5,0,0.00,-27.00,46.00,-3.12,146,146,0.00,0,0.00,0.00,0.00,0.25,0.00,0.00,0,0
4061,ON,5,0,0.00,-27.00,46.00,-3.12,146,146,0.00,0,0.00,0.00,0.00,0.25,0.00,0.00,0,0
4169,ON,5,0,0.00,-27.00,46.00,-3.12,146,146,0.00,0,0.00,0.00,0.00,0.25,0.00,0.00,0,0
4277,ON,5,0,0.00,-27.00,46.00,-3.12,146,146,0.00,0,0.00,0.00,0.00,0.25,0.00,0.00,0,0
4385,ON,5,0,0.00,-27.00,46.00,-3.12,146,146,0.00,0,0.00,0.00,0.00,0.25,0.00,0.00,0,0
4496,ON,5,0,0.00,-27.00,46.00,-3.12,146,146,0.00,0,0.00,0.00,0.00,0.25,0.00,0.00,0,0
4604,ON,5,0,0.00,-27.00,46.00,-3.12,146,146,0.00,0,0.00,0.00,0.00,0.25,0.00,0.00,0,0
4712,ON,5,0,0.00,-27.00,46.00,-3.12,146,146,0.00,0,0.00,0.00,0.00,0.25,0.00,0.00,0,0
4820,ON,5,0,0.00,-27.00,46.00,-3.12,146,146,0.00,0,0.00,0.00,0.00,0.25,0.00,0.00,0,0
4928,ON,5,0,0.00,-27.00,46.00,-3.12,146,146,0.00,0,0.00,0.00,0.00,0.25,0.00,0.00,0,0
5036,ON,5,0,0.00,-27.00,46.00,-3.12,146,146,0.00,0,0.00,0.00,0.00,0.25,0.00,0.00,0,0
5147,ON,5,0,0.00,-27.00,46.00,-3.12,146,146,0.00,0,0.00,0.00,0.00,0.25,0.00,0.00,0,0
5255,ON,5,0,0.00,-27.00,46.00,-3.12,146,146,0.00,0,0.00,0.00,0.00,0.25,0.00,0.00,0,0
5363,ON,5,0,0.00,-27.00,46.00,-3.12,146,146,0.00,0,0.00,0.00,0.00,0.25,0.00,0.00,0,0
5471,ON,5,0,0.00,-27.00,46.00,-3.12,146,146,0.00,0,0.00,0.00,0.00,0.25,0.00,0.00,0,0
5579,ON,5,0,0.00,-27.00,46.00,-3.12,146,146,0.00,0,0.00,0.00,0.00,0.25,0.00,0.00,0,0
5687,ON,5,0,0.00,-27.00,46.00,-3.12,146,146,0.00,0,0.00,0.00,0.00,0.25,0.00,0.00,0,0
5798,ON,5,0,0.00,-27.00,46.00,-3.12,146,146,0.00,0,0.00,0.00,0.00,0.25,0.00,0.00,0,0
5906,ON,5,0,0.00,-27.00,46.00,-3.12,146,146,0.00,0,0.00,0.00,0.00,0.25,0.00,0.00,0,0
6014,ON,5,0,0.00,-27.00,46.00,-3.12,146,146,0.00,0,0.00,0.00,0.00,0.25,0.00,0.00,0,0
6122,ON,5,0,0.00,-27.00,46.00,-3.12,146,146,0.00,0,0.00,0.00,0.00,0.25,0.00,0.00,0,0
6230,ON,5,0,0.00,-27.00,46.00,-3.12,146,146,0.00,0,0.00,0.00,0.00,0.25,0.00,0.00,0,0
6338,ON,5,0,0.00,-27.00,46.00,-3.12,146,146,0.00,0,0.00,0.00,0.00,0.25,0.00,0.00,0,0
6449,ON,5,0,0.00,-27.00,46.00,-3.12,146,146,0.00,0,0.00,0.00,0.00,0.25,0.00,0.00,0,0
6557,ON,5,0,0.00,-27.00,46.00,-3.12,146,146,0.00,0,0.00,0.00,0.00,0.25,0.00,0.00,0,0
6665,ON,5,0,0.00,-27.00,46.00,-3.12,146,146,0.00,0,0.00,0.00,0.00,0.25,0.00,0.00,0,0
6773,ON,5,0,0.00,-27.00,46.00,-3.12,146,146,0.00,0,0.00,0.00,0.00,0.25,0.00,0.00,0,0
6881,ON,5,0,0.00,-27.00,46.00,-3.12,146,146,0.00,0,0.00,0.00,0.00,0.25,0.00,0.00,0,0
6989,ON,5,0,0.00,-27.00,46.00,-3.12,146,146,0.00,0,0.00,0.00,0.00,0.25,0.00,0.00,0,0
7100,ON,5,0,0.00,-27.00,46.00,-3.12,146,146,0.00,0,0.00,0.00,0.00,0.25,0.00,0.00,0,0
7208,ON,5,0,0.00,-27.00,46.00,-3.12,146,146,0.00,0,0.00,0.00,0.00,0.25,0.00,0.00,0,0
7316,ON,5,0,0.00,-27.00,46.00,-3.12,146,146,0.00,0,0.00,0.00,0.00,0.25,0.00,0.00,0,0
7424,ON,5,0,0.00,-27.00,46.00,-3.12,146,146,0.00,0,0.00,0.00,0.00,0.25,0.00,0.00,0,0
7532,ON,5,0,0.00,-27.00,46.00,-3.12,146,146,0.00,0,0.00,0.00,0.00,0.25,0.00,0.00,0,0
7640,ON,5,0,0.00,-27.00,46.00,-3.12,146,146,0.00,0,0.00,0.00,0.00,0.25,0.00,0.00,0,0
7751,ON,5,0,0.00,-27.00,46.00,-3.12,146,146,0.00,0,0.00,0.00,0.00,0.25,0.00,0.00,0,0
7859,ON,5,0,0.00,-27.00,46.00,-3.12,146,146,0.00,0,0.00,0.00,0.00,0.25,0.00,0.00,0,0
7967,ON,5,0,0.00,-27.00,46.00,-3.12,146,146,0.00,0,0.00,0.00,0.00,0.25,0.00,0.00,0,0
8075,ON,5,0,0.00,-27.00,46.00,-3.12,146,146,0.00,0,0.00,0.00,0.00,0.25,0.00,0.00,0,0
8183,ON,5,0,0.00,-27.00,46.00,-3.12,146,146,0.00,0,0.00,0.00,0.00,0.25,0.00,0.00,0,0
8291,ON,5,0,0.00,-27.00,46.00,-3.12,146,146,0.00,0,0.00,0.00,0.00,0.25,0.00,0.00,0,0
8401,ON,5,0,0.00,-27.00,46.00,-3.12,146,146,0.00,0,0.00,0.00,0.00,0.25,0.00,0.00,0,0
8509,ON,5,0,0.00,-27.00,46.00,-3.12,146,146,0.00,0,0.00,0.00,0.00,0.25,0.00,0.00,0,0
8617,ON,5,0,0.00,-27.00,46.00,-3.12,146,146,0.00,0,0.00,0.00,0.00,0.25,0.00,0.00,0,0
8725,ON,5,0,0.00,-27.00,46.00,-3.12,146,146,0.00,0,0.00,0.00,0.00,0.25,0.00,0.00,0,0
8850,ON,5,0,0.00,-27.00,46.00,-3.12,146,146,0.00,0,0.00,0.00,0.00,0.25,0.00,0.00,0,0
8961,ON,5,0,0.00,-27.00,46.00,-3.12,146,146,0.00,0,0.00,0.00,0.00,0.25,0.00,0.00,0,0
9072,ON,5,0,0.00,-27.00,46.00,-3.12,146,146,0.00,0,0.00,0.00,0.00,0.25,0.00,0.00,0,0
9180,ON,5,0,0.00,-27.00,46.00,-3.12,146,146,0.00,0,0.00,0.00,0.00,0.25,0.00,0.00,0,0
9288,ON,5,0,0.00,-27.00,46.00,-3.12,146,146,0.00,0,0.00,0.00,0.00,0.25,0.00,0.00,0,0
9396,ON,5,0,0.00,-27.00,46.00,-3.12,146,146,0.00,0,0.00,0.00,0.00,0.25,0.00,0.00,0,0
9504,ON,5,0,0.00,-27.00,46.00,-3.12,146,146,0.00,0,0.00,0.00,0.00,0.25,0.00,0.00,0,0
9612,ON,5,0,0.00,-27.00,46.00,-3.12,146,146,0.00,0,0.00,0.00,0.00,0.25,0.00,0.00,0,0
9723,ON,5,0,0.00,-27.00,46.00,-3.12,146,146,0.00,0,0.00,0.00,0.00,0.25,0.00,0.00,0,0
9831,ON,5,0,0.00,-27.00,46.00,-3.12,146,146,0.00,0,0.00,0.00,0.00,0.25,0.00,0.00,0,0
9939,ON,5,0,0.00,-27.00,46.00,-3.12,146,146,0.00,0,0.00,0.00,0.00,0.25,0.00,0.00,0,0
10047,ON,5,0,0.00,-27.00,46.00,-3.12,146,146,0.00,0,0.00,0.00,0.00,0.25,0.00,0.00,0,0
10155,ON,5,0,0.00,-27.00,46.00,-3.12,146,146,0.00,0,0.00,0.00,0.00,0.25,0.00,0.00,0,0
10263,ON,5,0,0.00,-27.00,46.00,-3.12,146,146,0.00,0,0.00,0.00,0.00,0.25,0.00,0.00,0,0
10374,ON,5,0,0.00,-27.00,46.00,-3.12,146,146,0.00,0,0.00,0.00,0.00,0.25,0.00,0.00,0,0
10482,ON,5,0,0.00,-27.00,46.00,-3.12,146,146,0.00,0,0.00,0.00,0.00,0.25,0.00,0.00,0,0
10590,ON,5,0,0.00,-27.00,46.00,-3.12,146,146,0.00,0,0.00,0.00,0.00,0.25,0.00,0.00,0,0
10698,ON,5,0,0.00,-27.00,46.00,-3.12,146,146,0.00,0,0.00,0.00,0.00,0.25,0.00,0.00,0,0
10806,ON,5,0,0.00,-27.00,46.00,-3.12,146,146,0.00,0,0.00,0.00,0.00,0.25,0.00,0.00,0,0
10914,ON,5,0,0.00,-27.00,46.00,-3.12,146,146,0.00,0,0.00,0.00,0.00,0.25,0.00,0.00,0,0
11025,ON,5,0,0.00,-27.00,46.00,-3.12,146,146,0.00,0,0.00,0.00,0.00,0.25,0.00,0.00,0,0
11132,ON,5,0,0.00,-27.00,46.00,-3.12,146,146,0.00,0,0.00,0.00,0.00,0.25,0.00,0.00,0,0
11241,ON,5,0,0.00,-27.00,46.00,-3.12,146,146,0.00,0,0.00,0.00,0.00,0.25,0.00,0.00,0,0
11348,ON,5,0,0.00,-27.00,46.00,-3.12,146,146,0.00,0,0.00,0.00,0.00,0.25,0.00,0.00,0,0
11456,ON,5,0,0.00,-27.00,46.00,-3.12,146,146,0.00,0,0.00,0.00,0.00,0.25,0.00,0.00,0,0
11564,ON,5,0,0.00,-27.00,46.00,-3.12,146,146,0.00,0,0.00,0.00,0.00,0.25,0.00,0.00,0,0
11675,ON,5,0,0.00,-27.00,46.00,-3.12,146,146,0.00,0,0.00,0.00,0.00,0.25,0.00,0.00,0,0
11783,ON,5,0,0.00,-27.00,46.00,-3.12,146,146,0.00,0,0.00,0.00,0.00,0.25,0.00,0.00,0,0
11891,ON,5,0,0.00,-27.00,46.00,-3.12,146,146,0.00,0,0.00,0.00,0.00,0.25,0.00,0.00,0,0
11999,ON,5,0,0.00,-27.00,46.00,-3.12,146,146,0.00,0,0.00,0.00,0.00,0.25,0.00,0.00,0,0
12107,ON,5,0,0.00,-27.00,46.00,-3.12,146,146,0.00,0,0.00,0.00,0.00,0.25,0.00,0.00,0,0
12215,ON,5,0,0.00,-27.00,46.00,-3.12,146,146,0.00,0,0.00,0.00,0.00,0.25,0.00,0.00,0,0
12326,ON,5,0,0.00,-27.00,46.00,-3.12,146,146,0.00,0,0.00,0.00,0.00,0.25,0.00,0.00,0,0
12434,ON,5,0,0.00,-27.00,46.00,-3.12,146,146,0.00,0,0.00,0.00,0.00,0.25,0.00,0.00,0,0
12542,ON,5,0,0.00,-27.00,46.00,-3.12,146,146,0.00,0,0.00,0.00,0.00,0.25,0.00,0.00,0,0
12650,ON,5,0,0.00,-27.00,46.00,-3.12,146,146,0.00,0,0.00,0.00,0.00,0.25,0.00,0.00,0,0
12758,ON,5,0,0.00,-27.00,46.00,-3.12,146,146,0.00,0,0.00,0.00,0.00,0.25,0.00,0.00,0,0
12866,ON,5,0,0.00,-27.00,46.00,-3.12,146,146,0.00,0,0.00,0.00,0.00,0.25,0.00,0.00,0,0
12977,ON,5,0,0.00,-27.00,46.00,-3.12,146,146,0.00,0,0.00,0.00,0.00,0.25,0.00,0.00,0,0
13085,ON,5,0,0.00,-27.00,46.00,-3.12,146,146,0.00,0,0.00,0.00,0.00,0.25,0.00,0.00,0,0
13193,ON,5,0,0.00,-27.00,46.00,-3.12,146,146,0.00,0,0.00,0.00,0.00,0.25,0.00,0.00,0,0
13301,ON,5,0,0.00,-27.00,46.00,-3.12,146,146,0.00,0,0.00,0.00,0.00,0.25,0.00,0.00,0,0
13409,ON,5,0,0.00,-27.00,46.00,-3.12,146,146,0.00,0,0.00,0.00,0.00,0.25,0.00,0.00,0,0
13517,ON,5,0,0.00,-27.00,46.00,-3.12,146,146,0.00,0,0.00,0.00,0.00,0.25,0.00,0.00,0,0
13628,ON,5,0,0.00,-27.00,46.00,-3.12,146,146,0.00,0,0.00,0.00,0.00,0.25,0.00,0.00,0,0
13736,ON,5,0,0.00,-27.00,46.00,-3.12,146,146,0.00,0,0.00,0.00,0.00,0.25,0.00,0.00,0,0
13844,ON,5,0,0.00,-27.00,46.00,-3.12,146,146,0.00,0,0.00,0.00,0.00,0.25,0.00,0.00,0,0
13952,ON,5,0,0.00,-27.00,46.00,-3.12,146,146,0.00,0,0.00,0.00,0.00,0.25,0.00,0.00,0,0
14060,ON,5,0,0.00,-27.00,46.00,-3.12,146,146,0.00,0,0.00,0.00,0.00,0.25,0.00,0.00,0,0
14168,ON,5,0,0.00,-27.00,46.00,-3.12,146,146,0.00,0,0.00,0.00,0.00,0.25,0.00,0.00,0,0
14279,ON,5,0,0.00,-27.00,46.00,-3.12,146,146,0.00,0,0.00,0.00,0.00,0.25,0.00,0.00,0,0
14387,ON,5,0,0.00,-27.00,46.00,-3.12,146,146,0.00,0,0.00,0.00,0.00,0.25,0.00,0.00,0,0
14495,ON,5,0,0.00,-27.00,46.00,-3.12,146,146,0.00,0,0.00,0.00,0.00,0.25,0.00,0.00,0,0
14603,ON,5,0,0.00,-27.00,46.00,-3.12,146,146,0.00,0,0.00,0.00,0.00,0.25,0.00,0.00,0,0
14711,ON,5,0,0.00,-27.00,46.00,-3.12,146,146,0.00,0,0.00,0.00,0.00,0.25,0.00,0.00,0,0
14819,ON,5,0,0.00,-27.00,46.00,-3.12,146,146,0.00,0,0.00,0.00,0.00,0.25,0.00,0.00,0,0
14930,ON,5,0,0.00,-27.00,46.00,-3.12,146,146,0.00,0,0.00,0.00,0.00,0.25,0.00,0.00,0,0
15038,ON,5,0,0.00,-27.00,46.00,-3.12,146,146,0.00,0,0.00,0.00,0.00,0.25,0.00,0.00,0,0
15146,ON,5,0,0.00,-27.00,46.00,-3.12,146,146,0.00,0,0.00,0.00,0.00,0.25,0.00,0.00,0,0
15254,ON,5,0,0.00,-27.00,46.00,-3.12,146,146,0.00,0,0.00,0.00,0.00,0.25,0.00,0.00,0,0
15362,ON,5,0,0.00,-27.00,46.00,-3.12,146,146,0.00,0,0.00,0.00,0.00,0.25,0.00,0.00,0,0
15470,ON,5,0,0.00,-27.00,46.00,-3.12,146,146,0.00,0,0.00,0.00,0.00,0.25,0.00,0.00,0,0
15581,ON,5,0,0.00,-27.00,46.00,-3.12,146,146,0.00,0,0.00,0.00,0.00,0.25,0.00,0.00,0,0
15689,ON,5,0,0.00,-27.00,46.00,-3.12,146,146,0.00,0,0.00,0.00,0.00,0.25,0.00,0.00,0,0
15797,ON,5,0,0.00,-27.00,46.00,-3.12,146,146,0.00,0,0.00,0.00,0.00,0.25,0.00,0.00,0,0
15905,ON,5,0,0.00,-27.00,46.00,-3.12,146,146,0.00,0,0.00,0.00,0.00,0.25,0.00,0.00,0,0
16013,ON,5,0,0.00,-27.00,46.00,-3.12,146,146,0.00,0,0.00,0.00,0.00,0.25,0.00,0.00,0,0
16121,ON,5,0,0.00,-27.00,46.00,-3.12,146,146,0.00,0,0.00,0.00,0.00,0.25,0.00,0.00,0,0
16231,ON,5,0,0.00,-27.00,46.00,-3.12,146,146,0.00,0,0.00,0.00,0.00,0.25,0.00,0.00,0,0
16339,ON,5,0,0.00,-27.00,46.00,-3.12,146,146,0.00,0,0.00,0.00,0.00,0.25,0.00,0.00,0,0
16447,ON,5,0,0.00,-27.00,46.00,-3.12,146,146,0.00,0,0.00,0.00,0.00,0.25,0.00,0.00,0,0
16555,ON,5,0,0.00,-27.00,46.00,-3.12,146,146,0.00,0,0.00,0.00,0.00,0.25,0.00,0.00,0,0
16663,ON,5,0,0.00,-27.00,46.00,-3.12,146,146,0.00,0,0.00,0.00,0.00,0.25,0.00,0.00,0,0
16771,ON,5,0,0.00,-27.00,46.00,-3.12,146,146,0.00,0,0.00,0.00,0.00,0.25,0.00,0.00,0,0
16882,ON,5,0,0.00,-27.00,46.00,-3.12,146,146,0.00,0,0.00,0.00,0.00,0.25,0.00,0.00,0,0
16990,ON,5,0,0.00,-27.00,46.00,-3.12,146,146,0.00,0,0.00,0.00,0.00,0.25,0.00,0.00,0,0
17098,ON,5,0,0.00,-27.00,46.00,-3.12,146,146,0.00,0,0.00,0.00,0.00,0.25,0.00,0.00,0,0
17206,ON,5,0,0.00,-27.00,46.00,-3.12,146,146,0.00,0,0.00,0.00,0.00,0.25,0.00,0.00,0,0
17314,ON,5,0,0.00,-27.00,46.00,-3.12,146,146,0.00,0,0.00,0.00,0.00,0.25,0.00,0.00,0,0
17422,ON,5,0,0.00,-27.00,46.00,-3.12,146,146,0.00,0,0.00,0.00,0.00,0.25,0.00,0.00,0,0
17534,ON,5,0,0.00,-27.00,46.00,-3.12,146,146,0.00,0,0.00,0.00,0.00,0.25,0.00,0.00,0,0
17642,ON,5,0,0.00,-27.00,46.00,-3.12,146,146,0.00,0,0.00,0.00,0.00,0.25,0.00,0.00,0,0
17750,ON,5,0,0.00,-27.00,46.00,-3.12,146,146,0.00,0,0.00,0.00,0.00,0.25,0.00,0.00,0,0
17857,ON,5,0,0.00,-27.00,46.00,-3.12,146,146,0.00,0,0.00,0.00,0.00,0.25,0.00,0.00,0,0
17966,ON,5,0,0.00,-27.00,46.00,-3.12,146,146,0.00,0,0.00,0.00,0.00,0.25,0.00,0.00,0,0
18073,ON,5,0,0.00,-27.00,46.00,-3.12,146,146,0.00,0,0.00,0.00,0.00,0.25,0.00,0.00,0,0
18184,ON,5,0,0.00,-27.00,46.00,-3.12,146,146,0.00,0,0.00,0.00,0.00,0.25,0.00,0.00,0,0
18292,ON,5,0,0.00,-27.00,46.00,-3.12,146,146,0.00,0,0.00,0.00,0.00,0.25,0.00,0.00,0,0
18400,ON,5,0,0.00,-27.00,46.00,-3.12,146,146,0.00,0,0.00,0.00,0.00,0.25,0.00,0.00,0,0
18508,ON,5,0,0.00,-27.00,46.00,-3.12,146,146,0.00,0,0.00,0.00,0.00,0.25,0.00,0.00,0,0
18616,ON,5,0,0.00,-27.00,46.00,-3.12,146,146,0.00,0,0.00,0.00,0.00,0.25,0.00,0.00,0,0
18724,ON,5,0,0.00,-27.00,46.00,-3.12,146,146,0.00,0,0.00,0.00,0.00,0.25,0.00,0.00,0,0
18835,ON,5,0,0.00,-27.00,46.00,-3.12,146,146,0.00,0,0.00,0.00,0.00,0.25,0.00,0.00,0,0
18943,ON,5,0,0.00,-27.00,46.00,-3.12,146,146,0.00,0,0.00,0.00,0.00,0.25,0.00,0.00,0,0
19051,ON,5,0,0.00,-27.00,46.00,-3.12,146,146,0.00,0,0.00,0.00,0.00,0.25,0.00,0.00,0,0
19159,ON,5,0,0.00,-27.00,46.00,-3.12,146,146,0.00,0,0.00,0.00,0.00,0.25,0.00,0.00,0,0
19267,ON,5,0,0.00,-27.00,46.00,-3.12,146,146,0.00,0,0.00,0.00,0.00,0.25,0.00,0.00,0,0
19375,ON,5,0,0.00,-27.00,46.00,-3.12,146,146,0.00,0,0.00,0.00,0.00,0.25,0.00,0.00,0,0
19486,ON,5,0,0.00,-27.00,46.00,-3.12,146,146,0.00,0,0.00,0.00,0.00,0.25,0.00,0.00,0,0
19594,ON,5,0,0.00,-27.00,46.00,-3.12,146,146,0.00,0,0.00,0.00,0.00,0.25,0.00,0.00,0,0
19702,ON,5,0,0.00,-27.00,46.00,-3.12,146,146,0.00,0,0.00,0.00,0.00,0.25,0.00,0.00,0,0
19810,ON,5,0,0.00,-27.00,46.00,-3.12,146,146,0.00,0,0.00,0.00,0.00,0.25,0.00,0.00,0,0
19918,ON,5,0,0.00,-27.00,46.00,-3.12,146,146,0.00,0,0.00,0.00,0.00,0.25,0.00,0.00,0,0
20026,ON,5,0,0.00,-27.00,46.00,-3.12,146,146,0.00,0,0.00,0.00,0.00,0.25,0.00,0.00,0,0
20137,ON,5,0,0.00,-27.00,46.00,-3.12,146,146,0.00,0,0.00,0.00,0.00,0.25,0.00,0.00,0,0
20245,ON,5,0,0.00,-27.00,46.00,-3.12,146,146,0.00,0,0.00,0.00,0.00,0.25,0.00,0.00,0,0
20353,ON,5,0,0.00,-27.00,46.00,-3.12,146,146,0.00,0,0.00,0.00,0.00,0.25,0.00,0.00,0,0
20461,ON,5,0,0.00,-27.00,46.00,-3.12,146,146,0.00,0,0.00,0.00,0.00,0.25,0.00,0.00,0,0
20569,ON,5,0,0.00,-27.00,46.00,-3.12,146,146,0.00,0,0.00,0.00,0.00,0.25,0.00,0.00,0,0
20677,ON,5,0,0.00,-27.00,46.00,-3.12,146,146,0.00,0,0.00,0.00,0.00,0.25,0.00,0.00,0,0
20788,ON,5,0,0.00,-27.00,46.00,-3.12,146,146,0.00,0,0.00,0.00,0.00,0.25,0.00,0.00,0,0
20896,ON,5,0,0.00,-27.00,46.00,-3.12,146,146,0.00,0,0.00,0.00,0.00,0.25,0.00,0.00,0,0
21004,ON,5,0,0.00,-27.00,46.00,-3.12,146,146,0.00,0,0.00,0.00,0.00,0.25,0.00,0.00,0,0
21112,ON,5,0,0.00,-27.00,46.00,-3.12,146,146,0.00,0,0.00,0.00,0.00,0.25,0.00,0.00,0,0
21220,ON,5,0,0.00,-27.00,46.00,-3.12,146,146,0.00,0,0.00,0.00,0.00,0.25,0.00,0.00,0,0
21328,ON,5,0,0.00,-27.00,46.00,-3.12,146,146,0.00,0,0.00,0.00,0.00,0.25,0.00,0.00,0,0
21439,ON,5,0,0.00,-27.00,46.00,-3.12,146,146,0.00,0,0.00,0.00,0.00,0.25,0.00,0.00,0,0
21547,ON,5,0,0.00,-27.00,46.00,-3.12,146,146,0.00,0,0.00,0.00,0.00,0.25,0.00,0.00,0,0
21655,ON,5,0,0.00,-27.00,46.00,-3.12,146,146,0.00,0,0.00,0.00,0.00,0.25,0.00,0.00,0,0
21763,ON,5,0,0.00,-27.00,46.00,-3.12,146,146,0.00,0,0.00,0.00,0.00,0.25,0.00,0.00,0,0
21871,ON,5,0,0.00,-27.00,46.00,-3.12,146,146,0.00,0,0.00,0.00,0.00,0.25,0.00,0.00,0,0
21979,ON,5,0,0.00,-27.00,46.00,-3.12,146,146,0.00,0,0.00,0.00,0.00,0.25,0.00,0.00,0,0
22094,ON,5,0,0.00,-27.00,46.00,-3.12,146,146,0.00,0,0.00,0.00,0.00,0.25,0.00,0.00,0,0
22211,ON,5,0,0.00,-27.00,46.00,-3.12,146,146,0.00,0,0.00,0.00,0.00,0.25,0.00,0.00,0,0
22319,ON,5,0,0.00,-27.00,46.00,-3.12,146,146,0.00,0,0.00,0.00,0.00,0.25,0.00,0.00,0,0
22427,ON,5,0,0.00,-27.00,46.00,-3.12,146,146,0.00,0,0.00,0.00,0.00,0.25,0.00,0.00,0,0
22535,ON,5,0,0.00,-27.00,46.00,-3.12,146,146,0.00,0,0.00,0.00,0.00,0.25,0.00,0.00,0,0
22643,ON,5,0,0.00,-27.00,46.00,-3.12,146,146,0.00,0,0.00,0.00,0.00,0.25,0.00,0.00,0,0
22754,ON,5,0,0.00,-27.00,46.00,-3.12,146,146,0.00,0,0.00,0.00,0.00,0.25,0.00,0.00,0,0
22862,ON,5,0,0.00,-27.00,46.00,-3.12,146,146,0.00,0,0.00,0.00,0.00,0.25,0.00,0.00,0,0
22970,ON,5,0,0.00,-27.00,46.00,-3.12,146,146,0.00,0,0.00,0.00,0.00,0.25,0.00,0.00,0,0
23078,ON,5,0,0.00,-27.00,46.00,-3.12,146,146,0.00,0,0.00,0.00,0.00,0.25,0.00,0.00,0,0
23186,ON,5,0,0.00,-27.00,46.00,-3.12,146,146,0.00,0,0.00,0.00,0.00,0.25,0.00,0.00,0,0
23294,ON,5,0,0.00,-27.00,46.00,-3.12,146,146,0.00,0,0.00,0.00,0.00,0.25,0.00,0.00,0,0
23405,ON,5,0,0.00,-27.00,46.00,-3.12,146,146,0.00,0,0.00,0.00,0.00,0.25,0.00,0.00,0,0
23513,ON,5,0,0.00,-27.00,46.00,-3.12,146,146,0.00,0,0.00,0.00,0.00,0.25,0.00,0.00,0,0
23621,ON,5,0,0.00,-27.00,46.00,-3.12,146,146,0.00,0,0.00,0.00,0.00,0.25,0.00,0.00,0,0
23729,ON,5,0,0.00,-27.00,46.00,-3.12,146,146,0.00,0,0.00,0.00,0.00,0.25,0.00,0.00,0,0
23837,ON,5,0,0.00,-27.00,46.00,-3.12,146,146,0.00,0,0.00,0.00,0.00,0.25,0.00,0.00,0,0
23945,ON,5,0,0.00,-27.00,46.00,-3.12,146,146,0.00,0,0.00,0.00,0.00,0.25,0.00,0.00,0,0
24056,ON,5,0,0.00,-27.00,46.00,-3.12,146,146,0.00,0,0.00,0.00,0.00,0.25,0.00,0.00,0,0
24164,ON,5,0,0.00,-27.00,46.00,-3.12,146,146,0.00,0,0.00,0.00,0.00,0.25,0.00,0.00,0,0
24272,ON,5,0,0.00,-27.00,46.00,-3.12,146,146,0.00,0,0.00,0.00,0.00,0.25,0.00,0.00,0,0
24380,ON,5,0,0.00,-27.00,46.00,-3.12,146,146,0.00,0,0.00,0.00,0.00,0.25,0.00,0.00,0,0
24488,ON,5,0,0.00,-27.00,46.00,-3.12,146,146,0.00,0,0.00,0.00,0.00,0.25,0.00,0.00,0,0
24596,ON,5,0,0.00,-27.00,46.00,-3.12,146,146,0.00,0,0.00,0.00,0.00,0.25,0.00,0.00,0,0
24707,ON,5,0,0.00,-27.00,46.00,-3.12,146,146,0.00,0,0.00,0.00,0.00,0.25,0.00,0.00,0,0
24815,ON,5,0,0.00,-27.00,46.00,-3.12,146,146,0.00,0,0.00,0.00,0.00,0.25,0.00,0.00,0,0
24923,ON,5,0,0.00,-27.00,46.00,-3.12,146,146,0.00,0,0.00,0.00,0.00,0.25,0.00,0.00,0,0
25031,ON,5,0,0.00,-27.00,46.00,-3.12,146,146,0.00,0,0.00,0.00,0.00,0.25,0.00,0.00,0,0
25139,ON,5,0,0.00,-27.00,46.00,-3.12,146,146,0.00,0,0.00,0.00,0.00,0.25,0.00,0.00,0,0
25247,ON,5,0,0.00,-27.00,46.00,-3.12,146,146,0.00,0,0.00,0.00,0.00,0.25,0.00,0.00,0,0
25358,ON,5,0,0.00,-27.00,46.00,-3.12,146,146,0.00,0,0.00,0.00,0.00,0.25,0.00,0.00,0,0
25466,ON,5,0,0.00,-27.00,46.00,-3.12,146,146,0.00,0,0.00,0.00,0.00,0.25,0.00,0.00,0,0
25574,ON,5,0,0.00,-27.00,46.00,-3.12,146,146,0.00,0,0.00,0.00,0.00,0.25,0.00,0.00,0,0
25682,ON,5,0,0.00,-27.00,46.00,-3.12,146,146,0.00,0,0.00,0.00,0.00,0.25,0.00,0.00,0,0
25790,ON,5,0,0.00,-27.00,46.00,-3.12,146,146,0.00,0,0.00,0.00,0.00,0.25,0.00,0.00,0,0
25898,ON,5,0,0.00,-27.00,46.00,-3.12,146,146,0.00,0,0.00,0.00,0.00,0.25,0.00,0.00,0,0
26009,ON,5,0,0.00,-27.00,46.00,-3.12,146,146,0.00,0,0.00,0.00,0.00,0.25,0.00,0.00,0,0
26117,ON,5,0,0.00,-27.00,46.00,-3.12,146,146,0.00,0,0.00,0.00,0.00,0.25,0.00,0.00,0,0
26225,ON,5,0,0.00,-27.00,46.00,-3.12,146,146,0.00,0,0.00,0.00,0.00,0.25,0.00,0.00,0,0
26333,ON,5,0,0.00,-27.00,46.00,-3.12,146,146,0.00,0,0.00,0.00,0.00,0.25,0.00,0.00,0,0
26441,ON,5,0,0.00,-27.00,46.00,-3.12,146,146,0.00,0,0.00,0.00,0.00,0.25,0.00,0.00,0,0
26549,ON,5,0,0.00,-27.00,46.00,-3.12,146,146,0.00,0,0.00,0.00,0.00,0.25,0.00,0.00,0,0
26659,ON,5,0,0.00,-27.00,46.00,-3.12,146,146,0.00,0,0.00,0.00,0.00,0.25,0.00,0.00,0,0
26767,ON,5,0,0.00,-27.00,46.00,-3.12,146,146,0.00,0,0.00,0.00,0.00,0.25,0.00,0.00,0,0
26875,ON,5,0,0.00,-27.00,46.00,-3.12,146,146,0.00,0,0.00,0.00,0.00,0.25,0.00,0.00,0,0
26983,ON,5,0,0.00,-27.00,46.00,-3.12,146,146,0.00,0,0.00,0.00,0.00,0.25,0.00,0.00,0,0
27091,ON,5,0,0.00,-27.00,46.00,-3.12,146,146,0.00,0,0.00,0.00,0.00,0.25,0.00,0.00,0,0
27199,ON,5,0,0.00,-27.00,46.00,-3.12,146,146,0.00,0,0.00,0.00,0.00,0.25,0.00,0.00,0,0
27310,ON,5,0,0.00,-27.00,46.00,-3.12,146,146,0.00,0,0.00,0.00,0.00,0.25,0.00,0.00,0,0
27418,ON,5,0,0.00,-27.00,46.00,-3.12,146,146,0.00,0,0.00,0.00,0.00,0.25,0.00,0.00,0,0
27526,ON,5,0,0.00,-27.00,46.00,-3.12,146,146,0.00,0,0.00,0.00,0.00,0.25,0.00,0.00,0,0
27634,ON,5,0,0.00,-27.00,46.00,-3.12,146,146,0.00,0,0.00,0.00,0.00,0.25,0.00,0.00,0,0
27742,ON,5,0,0.00,-27.00,46.00,-3.12,146,146,0.00,0,0.00,0.00,0.00,0.25,0.00,0.00,0,0
27850,ON,5,0,0.00,-27.00,46.00,-3.12,146,146,0.00,0,0.00,0.00,0.00,0.25,0.00,0.00,0,0
27961,ON,5,0,0.00,-27.00,46.00,-3.12,146,146,0.00,0,0.00,0.00,0.00,0.25,0.00,0.00,0,0
28069,ON,5,0,0.00,-27.00,46.00,-3.12,146,146,0.00,0,0.00,0.00,0.00,0.25,0.00,0.00,0,0
28177,ON,5,0,0.00,-27.00,46.00,-3.12,146,146,0.00,0,0.00,0.00,0.00,0.25,0.00,0.00,0,0
28285,ON,5,0,0.00,-27.00,46.00,-3.12,146,146,0.00,0,0.00,0.00,0.00,0.25,0.00,0.00,0,0
28393,ON,5,0,0.00,-27.00,46.00,-3.12,146,146,0.00,0,0.00,0.00,0.00,0.25,0.00,0.00,0,0
28501,ON,5,0,0.00,-27.00,46.00,-3.12,146,146,0.00,0,0.00,0.00,0.00,0.25,0.00,0.00,0,0
28612,ON,5,0,0.00,-27.00,46.00,-3.12,146,146,0.00,0,0.00,0.00,0.00,0.25,0.00,0.00,0,0
28720,ON,5,0,0.00,-27.00,46.00,-3.12,146,146,0.00,0,0.00,0.00,0.00,0.25,0.00,0.00,0,0
28828,ON,5,0,0.00,-27.00,46.00,-3.12,146,146,0.00,0,0.00,0.00,0.00,0.25,0.00,0.00,0,0
28936,ON,5,0,0.00,-27.00,46.00,-3.12,146,146,0.00,0,0.00,0.00,0.00,0.25,0.00,0.00,0,0
29044,ON,5,0,0.00,-27.00,46.00,-3.12,146,146,0.00,0,0.00,0.00,0.00,0.25,0.00,0.00,0,0
29152,ON,5,0,0.00,-27.00,46.00,-3.12,146,146,0.00,0,0.00,0.00,0.00,0.25,0.00,0.00,0,0
29263,ON,5,0,0.00,-27.00,46.00,-3.12,146,146,0.00,0,0.00,0.00,0.00,0.25,0.00,0.00,0,0
29371,ON,5,0,0.00,-27.00,46.00,-3.12,146,146,0.00,0,0.00,0.00,0.00,0.25,0.00,0.00,0,0
29479,ON,5,0,0.00,-27.00,46.00,-3.12,146,146,0.00,0,0.00,0.00,0.00,0.25,0.00,0.00,0,0
29587,ON,5,0,0.00,-27.00,46.00,-3.12,146,146,0.00,0,0.00,0.00,0.00,0.25,0.00,0.00,0,0
29695,ON,5,0,0.00,-27.00,46.00,-3.12,146,146,0.00,0,0.00,0.00,0.00,0.25,0.00,0.00,0,0
29803,ON,5,0,0.00,-27.00,46.00,-3.12,146,146,0.00,0,0.00,0.00,0.00,0.25,0.00,0.00,0,0
29914,ON,5,0,0.00,-27.00,46.00,-3.12,146,146,0.00,0,0.00,0.00,0.00,0.25,0.00,0.00,0,0
30022,ON,5,0,0.00,-27.00,46.00,-3.12,146,146,0.00,0,0.00,0.00,0.00,0.25,0.00,0.00,0,0
30130,ON,5,0,0.00,-27.00,46.00,-3.12,146,146,0.00,0,0.00,0.00,0.00,0.25,0.00,0.00,0,0
30238,ON,5,0,0.00,-27.00,46.00,-3.12,146,146,0.00,0,0.00,0.00,0.00,0.25,0.00,0.00,0,0
30346,ON,5,0,0.00,-27.00,46.00,-3.12,146,146,0.00,0,0.00,0.00,0.00,0.25,0.00,0.00,0,0
30454,ON,5,0,0.00,-27.00,46.00,-3.12,146,146,0.00,0,0.00,0.00,0.00,0.25,0.00,0.00,0,0
30565,ON,5,0,0.00,-27.00,46.00,-3.12,146,146,0.00,0,0.00,0.00,0.00,0.25,0.00,0.00,0,0
30673,ON,5,0,0.00,-27.00,46.00,-3.12,146,146,0.00,0,0.00,0.00,0.00,0.25,0.00,0.00,0,0
30781,ON,5,0,0.00,-27.00,46.00,-3.12,146,146,0.00,0,0.00,0.00,0.00,0.25,0.00,0.00,0,0
30889,ON,5,0,0.00,-27.00,46.00,-3.12,146,146,0.00,0,0.00,0.00,0.00,0.25,0.00,0.00,0,0
30997,ON,5,0,0.00,-27.00,46.00,-3.12,146,146,0.00,0,0.00,0.00,0.00,0.25,0.00,0.00,0,0
31105,ON,5,0,0.00,-27.00,46.00,-3.12,146,146,0.00,0,0.00,0.00,0.00,0.25,0.00,0.00,0,0
31216,ON,5,0,0.00,-27.00,46.00,-3.12,146,146,0.00,0,0.00,0.00,0.00,0.25,0.00,0.00,0,0
31324,ON,5,0,0.00,-27.00,46.00,-3.12,146,146,0.00,0,0.00,0.00,0.00,0.25,0.00,0.00,0,0
31432,ON,5,0,0.00,-27.00,46.00,-3.12,146,146,0.00,0,0.00,0.00,0.00,0.25,0.00,0.00,0,0
31540,ON,5,0,0.00,-27.00,46.00,-3.12,146,146,0.00,0,0.00,0.00,0.00,0.25,0.00,0.00,0,0
31648,ON,5,0,0.00,-27.00,46.00,-3.12,146,146,0.00,0,0.00,0.00,0.00,0.25,0.00,0.00,0,0
31756,ON,5,0,0.00,-27.00,46.00,-3.12,146,146,0.00,0,0.00,0.00,0.00,0.25,0.00,0.00,0,0
31867,ON,5,0,0.00,-27.00,46.00,-3.12,146,146,0.00,0,0.00,0.00,0.00,0.25,0.00,0.00,0,0
31975,ON,5,0,0.00,-27.00,46.00,-3.12,146,146,0.00,0,0.00,0.00,0.00,0.25,0.00,0.00,0,0
32083,ON,5,0,0.00,-27.00,46.00,-3.12,146,146,0.00,0,0.00,0.00,0.00,0.25,0.00,0.00,0,0
32196,ON,5,0,0.00,-27.00,46.00,-3.12,146,146,0.00,0,0.00,0.00,0.00,0.25,0.00,0.00,0,0
32304,ON,5,0,0.00,-27.00,46.00,-3.12,146,146,0.00,0,0.00,0.00,0.00,0.25,0.00,0.00,0,0
32412,ON,5,0,0.00,-27.00,46.00,-3.12,146,146,0.00,0,0.00,0.00,0.00,0.25,0.00,0.00,0,0
32523,ON,5,0,0.00,-27.00,46.00,-3.12,146,146,0.00,0,0.00,0.00,0.00,0.25,0.00,0.00,0,0
32631,ON,5,0,0.00,-27.00,46.00,-3.12,146,146,0.00,0,0.00,0.00,0.00,0.25,0.00,0.00,0,0
32738,ON,5,0,0.00,-27.00,46.00,-3.12,146,146,0.00,0,0.00,0.00,0.00,0.25,0.00,0.00,0,0
32846,ON,5,0,0.00,-27.00,46.00,-3.12,146,146,0.00,0,0.00,0.00,0.00,0.25,0.00,0.00,0,0
32954,ON,5,0,0.00,-27.00,46.00,-3.12,146,146,0.00,0,0.00,0.00,0.00,0.25,0.00,0.00,0,0
33063,ON,5,0,0.00,-27.00,46.00,-3.12,146,146,0.00,0,0.00,0.00,0.00,0.25,0.00,0.00,0,0
33173,ON,5,0,0.00,-27.00,46.00,-3.12,146,146,0.00,0,0.00,0.00,0.00,0.25,0.00,0.00,0,0
33281,ON,5,0,0.00,-27.00,46.00,-3.12,146,146,0.00,0,0.00,0.00,0.00,0.25,0.00,0.00,0,0
33389,ON,5,0,0.00,-27.00,46.00,-3.12,146,146,0.00,0,0.00,0.00,0.00,0.25,0.00,0.00,0,0
33497,ON,5,0,0.00,-27.00,46.00,-3.12,146,146,0.00,0,0.00,0.00,0.00,0.25,0.00,0.00,0,0
33606,ON,5,0,0.00,-27.00,46.00,-3.12,146,146,0.00,0,0.00,0.00,0.00,0.25,0.00,0.00,0,0
33713,ON,5,0,0.00,-27.00,46.00,-3.12,146,146,0.00,0,0.00,0.00,0.00,0.25,0.00,0.00,0,0
33824,ON,5,0,0.00,-27.00,46.00,-3.12,146,146,0.00,0,0.00,0.00,0.00,0.25,0.00,0.00,0,0
33932,ON,5,0,0.00,-27.00,46.00,-3.12,146,146,0.00,0,0.00,0.00,0.00,0.25,0.00,0.00,0,0
34040,ON,5,0,0.00,-27.00,46.00,-3.12,146,146,0.00,0,0.00,0.00,0.00,0.25,0.00,0.00,0,0
34148,ON,5,0,0.00,-27.00,46.00,-3.12,146,146,0.00,0,0.00,0.00,0.00,0.25,0.00,0.00,0,0
34256,ON,5,0,0.00,-27.00,46.00,-3.12,146,146,0.00,0,0.00,0.00,0.00,0.25,0.00,0.00,0,0
34364,ON,5,0,0.00,-27.00,46.00,-3.12,146,146,0.00,0,0.00,0.00,0.00,0.25,0.00,0.00,0,0
34475,ON,5,0,0.00,-27.00,46.00,-3.12,146,146,0.00,0,0.00,0.00,0.00,0.25,0.00,0.00,0,0
34583,ON,5,0,0.00,-27.00,46.00,-3.12,146,146,0.00,0,0.00,0.00,0.00,0.25,0.00,0.00,0,0
34691,ON,5,0,0.00,-27.00,46.00,-3.12,146,146,0.00,0,0.00,0.00,0.00,0.25,0.00,0.00,0,0
34799,ON,5,0,0.00,-27.00,46.00,-3.12,146,146,0.00,0,0.00,0.00,0.00,0.25,0.00,0.00,0,0
34907,ON,5,0,0.00,-27.00,46.00,-3.12,146,146,0.00,0,0.00,0.00,0.00,0.25,0.00,0.00,0,0
35015,ON,5,0,0.00,-27.00,46.00,-3.12,146,146,0.00,0,0.00,0.00,0.00,0.25,0.00,0.00,0,0
35126,ON,5,0,0.00,-27.00,46.00,-3.12,146,146,0.00,0,0.00,0.00,0.00,0.25,0.00,0.00,0,0
35234,ON,5,0,0.00,-27.00,46.00,-3.12,146,146,0.00,0,0.00,0.00,0.00,0.25,0.00,0.00,0,0
35342,ON,5,0,0.00,-27.00,46.00,-3.12,146,146,0.00,0,0.00,0.00,0.00,0.25,0.00,0.00,0,0
35450,ON,5,0,0.00,-27.00,46.00,-3.12,146,146,0.00,0,0.00,0.00,0.00,0.25,0.00,0.00,0,0
35558,ON,5,0,0.00,-27.00,46.00,-3.12,146,146,0.00,0,0.00,0.00,0.00,0.25,0.00,0.00,0,0
