2340,OFF,0,0,0.00,-40.00,-40.00,-100.00,0,0,0.00,0,-64.00,0.00,0.00,0.00,-100.00,0.00,0,0
2519,ON,6,0,0.00,-40.00,-40.00,-100.00,0,0,0.00,0,-64.00,0.00,0.00,0.00,-100.00,0.00,0,0
2641,ON,6,0,0.00,-27.00,-40.00,-3.12,0,0,0.00,0,-64.00,0.00,0.00,0.00,-100.00,0.00,0,0
2763,ON,6,0,0.00,-27.00,-40.00,-3.12,146,0,0.00,0,0.00,0.00,0.00,0.00,-100.00,0.00,0,0
2884,ON,6,0,0.00,-27.00,43.00,-3.12,146,0,0.00,0,0.00,0.00,0.00,0.25,0.00,0.00,0,0
3007,ON,6,0,0.00,-27.00,43.00,-3.12,146,146,0.00,0,0.00,0.00,0.00,0.25,0.00,0.00,0,0
3128,ON,6,0,0.00,-27.00,43.00,-3.12,146,146,0.00,0,0.00,0.00,0.00,0.25,0.00,0.00,0,0
3249,ON,6,0,0.00,-27.00,43.00,-3.12,146,146,0.00,0,0.00,0.00,0.00,0.25,0.00,0.00,0,0
3370,ON,6,0,0.00,-27.00,43.00,-3.12,146,146,0.00,0,0.00,0.00,0.00,0.25,0.00,0.00,0,0
3491,ON,6,0,0.00,-27.00,43.00,-3.12,146,146,0.00,0,0.00,0.00,0.00,0.25,0.00,0.00,0,0
3612,ON,6,0,0.00,-27.00,43.00,-3.12,146,146,0.00,0,0.00,0.00,0.00,0.25,0.00,0.00,0,0
3736,ON,6,0,0.00,-27.00,43.00,-3.12,146,146,0.00,0,0.00,0.00,0.00,0.25,0.00,0.00,0,0
3856,ON,6,0,0.00,-27.00,43.00,-3.12,146,146,0.00,0,0.00,0.00,0.00,0.25,0.00,0.00,0,0
3977,ON,6,0,0.00,-27.00,43.00,-3.12,146,146,0.00,0,0.00,0.00,0.00,0.25,0.00,0.00,0,0
4098,ON,6,0,0.00,-27.00,43.00,-3.12,146,146,0.00,0,0.00,0.00,0.00,0.25,0.00,0.00,0,0
4219,ON,6,0,0.00,-27.00,43.00,-3.12,146,146,0.00,0,0.00,0.00,0.00,0.25,0.00,0.00,0,0
4340,ON,6,0,0.00,-27.00,43.00,-3.12,146,146,0.00,0,0.00,0.00,0.00,0.25,0.00,0.00,0,0
4464,ON,6,0,0.00,-27.00,43.00,-3.12,146,146,0.00,0,0.00,0.00,0.00,0.25,0.00,0.00,0,0
4585,ON,6,0,0.00,-27.00,43.00,-3.12,146,146,0.00,0,0.00,0.00,0.00,0.25,0.00,0.00,0,0
4706,ON,6,0,0.00,-27.00,43.00,-3.12,146,146,0.00,0,0.00,0.00,0.00,0.25,0.00,0.00,0,0
4827,ON,6,0,0.00,-27.00,43.00,-3.12,146,146,0.00,0,0.00,0.00,0.00,0.25,0.00,0.00,0,0
4948,ON,6,0,0.00,-27.00,43.00,-3.12,146,146,0.00,0,0.00,0.00,0.00,0.25,0.00,0.00,0,0
5069,ON,6,0,0.00,-27.00,43.00,-3.12,146,146,0.00,0,0.00,0.00,0.00,0.25,0.00,0.00,0,0
5193,ON,6,0,0.00,-27.00,43.00,-3.12,146,146,0.00,0,0.00,0.00,0.00,0.25,0.00,0.00,0,0
5314,ON,6,0,0.00,-27.00,43.00,-3.12,146,146,0.00,0,0.00,0.00,0.00,0.25,0.00,0.00,0,0
5435,ON,6,0,0.00,-27.00,43.00,-3.12,146,146,0.00,0,0.00,0.00,0.00,0.25,0.00,0.00,0,0
5555,ON,6,0,0.00,-27.00,43.00,-3.12,146,146,0.00,0,0.00,0.00,0.00,0.25,0.00,0.00,0,0
5676,ON,6,0,0.00,-27.00,43.00,-3.12,146,146,0.00,0,0.00,0.00,0.00,0.25,0.00,0.00,0,0
5797,ON,6,0,0.00,-27.00,43.00,-3.12,146,146,0.00,0,0.00,0.00,0.00,0.25,0.00,0.00,0,0
5921,ON,6,0,0.00,-27.00,43.00,-3.12,146,146,0.00,0,0.00,0.00,0.00,0.25,0.00,0.00,0,0
6042,ON,6,0,0.00,-27.00,43.00,-3.12,146,146,0.00,0,0.00,0.00,0.00,0.25,0.00,0.00,0,0
6163,ON,6,0,0.00,-27.00,43.00,-3.12,146,146,0.00,0,0.00,0.00,0.00,0.25,0.00,0.00,0,0
6284,ON,6,0,0.00,-27.00,43.00,-3.12,146,146,0.00,0,0.00,0.00,0.00,0.25,0.00,0.00,0,0
6405,ON,6,0,0.00,-27.00,43.00,-3.12,146,146,0.00,0,0.00,0.00,0.00,0.25,0.00,0.00,0,0
6526,ON,6,0,0.00,-27.00,43.00,-3.12,146,146,0.00,0,0.00,0.00,0.00,0.25,0.00,0.00,0,0
6650,ON,6,0,0.00,-27.00,43.00,-3.12,146,146,0.00,0,0.00,0.00,0.00,0.25,0.00,0.00,0,0
6771,ON,6,0,0.00,-27.00,43.00,-3.12,146,146,0.00,0,0.00,0.00,0.00,0.25,0.00,0.00,0,0
6891,ON,6,0,0.00,-27.00,43.00,-3.12,146,146,0.00,0,0.00,0.00,0.00,0.25,0.00,0.00,0,0
7012,ON,6,0,0.00,-27.00,43.00,-3.12,146,146,0.00,0,0.00,0.00,0.00,0.25,0.00,0.00,0,0
7133,ON,6,0,0.00,-27.00,43.00,-3.12,146,146,0.00,0,0.00,0.00,0.00,0.25,0.00,0.00,0,0
7254,ON,6,0,0.00,-27.00,43.00,-3.12,146,146,0.00,0,0.00,0.00,0.00,0.25,0.00,0.00,0,0
7378,ON,6,0,0.00,-27.00,43.00,-3.12,146,146,0.00,0,0.00,0.00,0.00,0.25,0.00,0.00,0,0
7499,ON,6,0,0.00,-27.00,43.00,-3.12,146,146,0.00,0,0.00,0.00,0.00,0.25,0.00,0.00,0,0
7620,ON,6,0,0.00,-27.00,43.00,-3.12,146,146,0.00,0,0.00,0.00,0.00,0.25,0.00,0.00,0,0
7741,ON,6,0,0.00,-27.00,43.00,-3.12,146,146,0.00,0,0.00,0.00,0.00,0.25,0.00,0.00,0,0
7862,ON,6,0,0.00,-27.00,43.00,-3.12,146,146,0.00,0,0.00,0.00,0.00,0.25,0.00,0.00,0,0
7983,ON,6,0,0.00,-27.00,43.00,-3.12,146,146,0.00,0,0.00,0.00,0.00,0.25,0.00,0.00,0,0
8107,ON,6,0,0.00,-27.00,43.00,-3.12,146,146,0.00,0,0.00,0.00,0.00,0.25,0.00,0.00,0,0
8228,ON,6,0,0.00,-27.00,43.00,-3.12,146,146,0.00,0,0.00,0.00,0.00,0.25,0.00,0.00,0,0
8349,ON,6,0,0.00,-27.00,43.00,-3.12,146,146,0.00,0,0.00,0.00,0.00,0.25,0.00,0.00,0,0
8470,ON,6,0,0.00,-27.00,43.00,-3.12,146,146,0.00,0,0.00,0.00,0.00,0.25,0.00,0.00,0,0
8591,ON,6,0,0.00,-27.00,43.00,-3.12,146,146,0.00,0,0.00,0.00,0.00,0.25,0.00,0.00,0,0
8712,ON,6,0,0.00,-27.00,43.00,-3.12,146,146,0.00,0,0.00,0.00,0.00,0.25,0.00,0.00,0,0
8836,ON,6,0,0.00,-27.00,43.00,-3.12,146,146,0.00,0,0.00,0.00,0.00,0.25,0.00,0.00,0,0
8957,ON,6,0,0.00,-27.00,43.00,-3.12,146,146,0.00,0,0.00,0.00,0.00,0.25,0.00,0.00,0,0
9077,ON,6,0,0.00,-27.00,43.00,-3.12,146,146,0.00,0,0.00,0.00,0.00,0.25,0.00,0.00,0,0
9198,ON,6,0,0.00,-27.00,43.00,-3.12,146,146,0.00,0,0.00,0.00,0.00,0.25,0.00,0.00,0,0
9319,ON,6,0,0.00,-27.00,43.00,-3.12,146,146,0.00,0,0.00,0.00,0.00,0.25,0.00,0.00,0,0
9440,ON,6,0,0.00,-27.00,43.00,-3.12,146,146,0.00,0,0.00,0.00,0.00,0.25,0.00,0.00,0,0
9564,ON,6,0,0.00,-27.00,43.00,-3.12,146,146,0.00,0,0.00,0.00,0.00,0.25,0.00,0.00,0,0
9685,ON,6,0,0.00,-27.00,43.00,-3.12,146,146,0.00,0,0.00,0.00,0.00,0.25,0.00,0.00,0,0
9806,ON,6,0,0.00,-27.00,43.00,-3.12,146,146,0.00,0,0.00,0.00,0.00,0.25,0.00,0.00,0,0
9927,ON,6,0,0.00,-27.00,43.00,-3.12,146,146,0.00,0,0.00,0.00,0.00,0.25,0.00,0.00,0,0
10048,ON,6,0,0.00,-27.00,43.00,-3.12,146,146,0.00,0,0.00,0.00,0.00,0.25,0.00,0.00,0,0
10169,ON,6,0,0.00,-27.00,43.00,-3.12,146,146,0.00,0,0.00,0.00,0.00,0.25,0.00,0.00,0,0
10293,ON,6,0,0.00,-27.00,43.00,-3.12,146,146,0.00,0,0.00,0.00,0.00,0.25,0.00,0.00,0,0
10413,ON,6,0,0.00,-27.00,43.00,-3.12,146,146,0.00,0,0.00,0.00,0.00,0.25,0.00,0.00,0,0
10534,ON,6,0,0.00,-27.00,43.00,-3.12,146,146,0.00,0,0.00,0.00,0.00,0.25,0.00,0.00,0,0
10655,ON,6,0,0.00,-27.00,43.00,-3.12,146,146,0.00,0,0.00,0.00,0.00,0.25,0.00,0.00,0,0
10776,ON,6,0,0.00,-27.00,43.00,-3.12,146,146,0.00,0,0.00,0.00,0.00,0.25,0.00,0.00,0,0
10897,ON,6,0,0.00,-27.00,43.00,-3.12,146,146,0.00,0,0.00,0.00,0.00,0.25,0.00,0.00,0,0
11021,ON,6,0,0.00,-27.00,43.00,-3.12,146,146,0.00,0,0.00,0.00,0.00,0.25,0.00,0.00,0,0
11142,ON,6,0,0.00,-27.00,43.00,-3.12,146,146,0.00,0,0.00,0.00,0.00,0.25,0.00,0.00,0,0
11263,ON,6,0,0.00,-27.00,43.00,-3.12,146,146,0.00,0,0.00,0.00,0.00,0.25,0.00,0.00,0,0
11442,ON,6,0,0.00,-27.00,43.00,-3.12,146,146,0.00,0,0.00,0.00,0.00,0.25,0.00,0.00,0,0
11562,ON,6,0,0.00,-27.00,43.00,-3.12,146,146,0.00,0,0.00,0.00,0.00,0.25,0.00,0.00,0,0
11683,ON,6,0,0.00,-27.00,43.00,-3.12,146,146,0.00,0,0.00,0.00,0.00,0.25,0.00,0.00,0,0
11807,ON,6,0,0.00,-27.00,43.00,-3.12,146,146,0.00,0,0.00,0.00,0.00,0.25,0.00,0.00,0,0
11928,ON,6,0,0.00,-27.00,43.00,-3.12,146,146,0.00,0,0.00,0.00,0.00,0.25,0.00,0.00,0,0
12049,ON,6,0,0.00,-27.00,43.00,-3.12,146,146,0.00,0,0.00,0.00,0.00,0.25,0.00,0.00,0,0
12170,ON,6,0,0.00,-27.00,43.00,-3.12,146,146,0.00,0,0.00,0.00,0.00,0.25,0.00,0.00,0,0
12291,ON,6,0,0.00,-27.00,43.00,-3.12,146,146,0.00,0,0.00,0.00,0.00,0.25,0.00,0.00,0,0
12412,ON,6,0,0.00,-27.00,43.00,-3.12,146,146,0.00,0,0.00,0.00,0.00,0.25,0.00,0.00,0,0
12536,ON,6,0,0.00,-27.00,43.00,-3.12,146,146,0.00,0,0.00,0.00,0.00,0.25,0.00,0.00,0,0
12657,ON,6,0,0.00,-27.00,43.00,-3.12,146,146,0.00,0,0.00,0.00,0.00,0.25,0.00,0.00,0,0
12778,ON,6,0,0.00,-27.00,43.00,-3.12,146,146,0.00,0,0.00,0.00,0.00,0.25,0.00,0.00,0,0
12898,ON,6,0,0.00,-27.00,43.00,-3.12,146,146,0.00,0,0.00,0.00,0.00,0.25,0.00,0.00,0,0
13019,ON,6,0,0.00,-27.00,43.00,-3.12,146,146,0.00,0,0.00,0.00,0.00,0.25,0.00,0.00,0,0
13140,ON,6,0,0.00,-27.00,43.00,-3.12,146,146,0.00,0,0.00,0.00,0.00,0.25,0.00,0.00,0,0
13264,ON,6,0,0.00,-27.00,43.00,-3.12,146,146,0.00,0,0.00,0.00,0.00,0.25,0.00,0.00,0,0
13385,ON,6,0,0.00,-27.00,43.00,-3.12,146,146,0.00,0,0.00,0.00,0.00,0.25,0.00,0.00,0,0
13506,ON,6,0,0.00,-27.00,43.00,-3.12,146,146,0.00,0,0.00,0.00,0.00,0.25,0.00,0.00,0,0
13627,ON,6,0,0.00,-27.00,43.00,-3.12,146,146,0.00,0,0.00,0.00,0.00,0.25,0.00,0.00,0,0
13748,ON,6,0,0.00,-27.00,43.00,-3.12,146,146,0.00,0,0.00,0.00,0.00,0.25,0.00,0.00,0,0
13868,ON,6,0,0.00,-27.00,43.00,-3.12,146,146,0.00,0,0.00,0.00,0.00,0.25,0.00,0.00,0,0
13992,ON,6,0,0.00,-27.00,43.00,-3.12,146,146,0.00,0,0.00,0.00,0.00,0.25,0.00,0.00,0,0
14113,ON,6,0,0.00,-27.00,43.00,-3.12,146,146,0.00,0,0.00,0.00,0.00,0.25,0.00,0.00,0,0
14234,ON,6,0,0.00,-27.00,43.00,-3.12,146,146,0.00,0,0.00,0.00,0.00,0.25,0.00,0.00,0,0
14355,ON,6,0,0.00,-27.00,43.00,-3.12,146,146,0.00,0,0.00,0.00,0.00,0.25,0.00,0.00,0,0
14475,ON,6,0,0.00,-27.00,43.00,-3.12,146,146,0.00,0,0.00,0.00,0.00,0.25,0.00,0.00,0,0
14596,ON,6,0,0.00,-27.00,43.00,-3.12,146,146,0.00,0,0.00,0.00,0.00,0.25,0.00,0.00,0,0
14720,ON,6,0,0.00,-27.00,43.00,-3.12,146,146,0.00,0,0.00,0.00,0.00,0.25,0.00,0.00,0,0
14841,ON,6,0,0.00,-27.00,43.00,-3.12,146,146,0.00,0,0.00,0.00,0.00,0.25,0.00,0.00,0,0
14961,ON,6,0,0.00,-27.00,43.00,-3.12,146,146,0.00,0,0.00,0.00,0.00,0.25,0.00,0.00,0,0
15082,ON,6,0,0.00,-27.00,43.00,-3.12,146,146,0.00,0,0.00,0.00,0.00,0.25,0.00,0.00,0,0
15203,ON,6,0,0.00,-27.00,43.00,-3.12,146,146,0.00,0,0.00,0.00,0.00,0.25,0.00,0.00,0,0
15324,ON,6,0,0.00,-27.00,43.00,-3.12,146,146,0.00,0,0.00,0.00,0.00,0.25,0.00,0.00,0,0
15448,ON,6,0,0.00,-27.00,43.00,-3.12,146,146,0.00,0,0.00,0.00,0.00,0.25,0.00,0.00,0,0
15569,ON,6,0,0.00,-27.00,43.00,-3.12,146,146,0.00,0,0.00,0.00,0.00,0.25,0.00,0.00,0,0
15690,ON,6,0,0.00,-27.00,43.00,-3.12,146,146,0.00,0,0.00,0.00,0.00,0.25,0.00,0.00,0,0
15811,ON,6,0,0.00,-27.00,43.00,-3.12,146,146,0.00,0,0.00,0.00,0.00,0.25,0.00,0.00,0,0
15932,ON,6,0,0.00,-27.00,43.00,-3.12,146,146,0.00,0,0.00,0.00,0.00,0.25,0.00,0.00,0,0
16052,ON,6,0,0.00,-27.00,43.00,-3.12,146,146,0.00,0,0.00,0.00,0.00,0.25,0.00,0.00,0,0
16176,ON,6,0,0.00,-27.00,43.00,-3.12,146,146,0.00,0,0.00,0.00,0.00,0.25,0.00,0.00,0,0
16297,ON,6,0,0.00,-27.00,43.00,-3.12,146,146,0.00,0,0.00,0.00,0.00,0.25,0.00,0.00,0,0
16418,ON,6,0,0.00,-27.00,43.00,-3.12,146,146,0.00,0,0.00,0.00,0.00,0.25,0.00,0.00,0,0
16539,ON,6,0,0.00,-27.00,43.00,-3.12,146,146,0.00,0,0.00,0.00,0.00,0.25,0.00,0.00,0,0
16660,ON,6,0,0.00,-27.00,43.00,-3.12,146,146,0.00,0,0.00,0.00,0.00,0.25,0.00,0.00,0,0
16781,ON,6,0,0.00,-27.00,43.00,-3.12,146,146,0.00,0,0.00,0.00,0.00,0.25,0.00,0.00,0,0
16905,ON,6,0,0.00,-27.00,43.00,-3.12,146,146,0.00,0,0.00,0.00,0.00,0.25,0.00,0.00,0,0
17026,ON,6,0,0.00,-27.00,43.00,-3.12,146,146,0.00,0,0.00,0.00,0.00,0.25,0.00,0.00,0,0
17147,ON,6,0,0.00,-27.00,43.00,-3.12,146,146,0.00,0,0.00,0.00,0.00,0.25,0.00,0.00,0,0
17268,ON,6,0,0.00,-27.00,43.00,-3.12,146,146,0.00,0,0.00,0.00,0.00,0.25,0.00,0.00,0,0
17389,ON,6,0,0.00,-27.00,43.00,-3.12,146,146,0.00,0,0.00,0.00,0.00,0.25,0.00,0.00,0,0
17510,ON,6,0,0.00,-27.00,43.00,-3.12,146,146,0.00,0,0.00,0.00,0.00,0.25,0.00,0.00,0,0
17634,ON,6,0,0.00,-27.00,43.00,-3.12,146,146,0.00,0,0.00,0.00,0.00,0.25,0.00,0.00,0,0
17755,ON,6,0,0.00,-27.00,43.00,-3.12,146,146,0.00,0,0.00,0.00,0.00,0.25,0.00,0.00,0,0
17876,ON,6,0,0.00,-27.00,43.00,-3.12,146,146,0.00,0,0.00,0.00,0.00,0.25,0.00,0.00,0,0
17996,ON,6,0,0.00,-27.00,43.00,-3.12,146,146,0.00,0,0.00,0.00,0.00,0.25,0.00,0.00,0,0
18117,ON,6,0,0.00,-27.00,43.00,-3.12,146,146,0.00,0,0.00,0.00,0.00,0.25,0.00,0.00,0,0
18238,ON,6,0,0.00,-27.00,43.00,-3.12,146,146,0.00,0,0.00,0.00,0.00,0.25,0.00,0.00,0,0
18362,ON,6,0,0.00,-27.00,43.00,-3.12,146,146,0.00,0,0.00,0.00,0.00,0.25,0.00,0.00,0,0
18483,ON,6,0,0.00,-27.00,43.00,-3.12,146,146,0.00,0,0.00,0.00,0.00,0.25,0.00,0.00,0,0
18604,ON,6,0,0.00,-27.00,43.00,-3.12,146,146,0.00,0,0.00,0.00,0.00,0.25,0.00,0.00,0,0
18725,ON,6,0,0.00,-27.00,43.00,-3.12,146,146,0.00,0,0.00,0.00,0.00,0.25,0.00,0.00,0,0
18846,ON,6,0,0.00,-27.00,43.00,-3.12,146,146,0.00,0,0.00,0.00,0.00,0.25,0.00,0.00,0,0
18967,ON,6,0,0.00,-27.00,43.00,-3.12,146,146,0.00,0,0.00,0.00,0.00,0.25,0.00,0.00,0,0
19091,ON,6,0,0.00,-27.00,43.00,-3.12,146,146,0.00,0,0.00,0.00,0.00,0.25,0.00,0.00,0,0
19211,ON,6,0,0.00,-27.00,43.00,-3.12,146,146,0.00,0,0.00,0.00,0.00,0.25,0.00,0.00,0,0
19332,ON,6,0,0.00,-27.00,43.00,-3.12,146,146,0.00,0,0.00,0.00,0.00,0.25,0.00,0.00,0,0
19453,ON,6,0,0.00,-27.00,43.00,-3.12,146,146,0.00,0,0.00,0.00,0.00,0.25,0.00,0.00,0,0
19574,ON,6,0,0.00,-27.00,43.00,-3.12,146,146,0.00,0,0.00,0.00,0.00,0.25,0.00,0.00,0,0
19695,ON,6,0,0.00,-27.00,43.00,-3.12,146,146,0.00,0,0.00,0.00,0.00,0.25,0.00,0.00,0,0
19819,ON,6,0,0.00,-27.00,43.00,-3.12,146,146,0.00,0,0.00,0.00,0.00,0.25,0.00,0.00,0,0
19940,ON,6,0,0.00,-27.00,43.00,-3.12,146,146,0.00,0,0.00,0.00,0.00,0.25,0.00,0.00,0,0
20061,ON,6,0,0.00,-27.00,43.00,-3.12,146,146,0.00,0,0.00,0.00,0.00,0.25,0.00,0.00,0,0
20182,ON,6,0,0.00,-27.00,43.00,-3.12,146,146,0.00,0,0.00,0.00,0.00,0.25,0.00,0.00,0,0
20303,ON,6,0,0.00,-27.00,43.00,-3.12,146,146,0.00,0,0.00,0.00,0.00,0.25,0.00,0.00,0,0
20424,ON,6,0,0.00,-27.00,43.00,-3.12,146,146,0.00,0,0.00,0.00,0.00,0.25,0.00,0.00,0,0
20548,ON,6,0,0.00,-27.00,43.00,-3.12,146,146,0.00,0,0.00,0.00,0.00,0.25,0.00,0.00,0,0
20669,ON,6,0,0.00,-27.00,43.00,-3.12,146,146,0.00,0,0.00,0.00,0.00,0.25,0.00,0.00,0,0
20790,ON,6,0,0.00,-27.00,43.00,-3.12,146,146,0.00,0,0.00,0.00,0.00,0.25,0.00,0.00,0,0
20911,ON,6,0,0.00,-27.00,43.00,-3.12,146,146,0.00,0,0.00,0.00,0.00,0.25,0.00,0.00,0,0
21031,ON,6,0,0.00,-27.00,43.00,-3.12,146,146,0.00,0,0.00,0.00,0.00,0.25,0.00,0.00,0,0
21152,ON,6,0,0.00,-27.00,43.00,-3.12,146,146,0.00,0,0.00,0.00,0.00,0.25,0.00,0.00,0,0
21276,ON,6,0,0.00,-27.00,43.00,-3.12,146,146,0.00,0,0.00,0.00,0.00,0.25,0.00,0.00,0,0
21397,ON,6,0,0.00,-27.00,43.00,-3.12,146,146,0.00,0,0.00,0.00,0.00,0.25,0.00,0.00,0,0
21518,ON,6,0,0.00,-27.00,43.00,-3.12,146,146,0.00,0,0.00,0.00,0.00,0.25,0.00,0.00,0,0
21639,ON,6,0,0.00,-27.00,43.00,-3.12,146,146,0.00,0,0.00,0.00,0.00,0.25,0.00,0.00,0,0
21760,ON,6,0,0.00,-27.00,43.00,-3.12,146,146,0.00,0,0.00,0.00,0.00,0.25,0.00,0.00,0,0
21881,ON,6,0,0.00,-27.00,43.00,-3.12,146,146,0.00,0,0.00,0.00,0.00,0.25,0.00,0.00,0,0
22005,ON,6,0,0.00,-27.00,43.00,-3.12,146,146,0.00,0,0.00,0.00,0.00,0.25,0.00,0.00,0,0
22126,ON,6,0,0.00,-27.00,43.00,-3.12,146,146,0.00,0,0.00,0.00,0.00,0.25,0.00,0.00,0,0
22247,ON,6,0,0.00,-27.00,43.00,-3.12,146,146,0.00,0,0.00,0.00,0.00,0.25,0.00,0.00,0,0
22368,ON,6,0,0.00,-27.00,43.00,-3.12,146,146,0.00,0,0.00,0.00,0.00,0.25,0.00,0.00,0,0
22489,ON,6,0,0.00,-27.00,43.00,-3.12,146,146,0.00,0,0.00,0.00,0.00,0.25,0.00,0.00,0,0
22610,ON,6,0,0.00,-27.00,43.00,-3.12,146,146,0.00,0,0.00,0.00,0.00,0.25,0.00,0.00,0,0
22734,ON,6,0,0.00,-27.00,43.00,-3.12,146,146,0.00,0,0.00,0.00,0.00,0.25,0.00,0.00,0,0
22855,ON,6,0,0.00,-27.00,43.00,-3.12,146,146,0.00,0,0.00,0.00,0.00,0.25,0.00,0.00,0,0
22976,ON,6,0,0.00,-27.00,43.00,-3.12,146,146,0.00,0,0.00,0.00,0.00,0.25,0.00,0.00,0,0
23097,ON,6,0,0.00,-27.00,43.00,-3.12,146,146,0.00,0,0.00,0.00,0.00,0.25,0.00,0.00,0,0
23218,ON,6,0,0.00,-27.00,43.00,-3.12,146,146,0.00,0,0.00,0.00,0.00,0.25,0.00,0.00,0,0
23339,ON,6,0,0.00,-27.00,43.00,-3.12,146,146,0.00,0,0.00,0.00,0.00,0.25,0.00,0.00,0,0
23463,ON,6,0,0.00,-27.00,43.00,-3.12,146,146,0.00,0,0.00,0.00,0.00,0.25,0.00,0.00,0,0
23584,ON,6,0,0.00,-27.00,43.00,-3.12,146,146,0.00,0,0.00,0.00,0.00,0.25,0.00,0.00,0,0
23705,ON,6,0,0.00,-27.00,43.00,-3.12,146,146,0.00,0,0.00,0.00,0.00,0.25,0.00,0.00,0,0
23826,ON,6,0,0.00,-27.00,43.00,-3.12,146,146,0.00,0,0.00,0.00,0.00,0.25,0.00,0.00,0,0
23947,ON,6,0,0.00,-27.00,43.00,-3.12,146,146,0.00,0,0.00,0.00,0.00,0.25,0.00,0.00,0,0
24068,ON,6,0,0.00,-27.00,43.00,-3.12,146,146,0.00,0,0.00,0.00,0.00,0.25,0.00,0.00,0,0
24192,ON,6,0,0.00,-27.00,43.00,-3.12,146,146,0.00,0,0.00,0.00,0.00,0.25,0.00,0.00,0,0
24313,ON,6,0,0.00,-27.00,43.00,-3.12,146,146,0.00,0,0.00,0.00,0.00,0.25,0.00,0.00,0,0
24434,ON,6,0,0.00,-27.00,43.00,-3.12,146,146,0.00,0,0.00,0.00,0.00,0.25,0.00,0.00,0,0
24555,ON,6,0,0.00,-27.00,43.00,-3.12,146,146,0.00,0,0.00,0.00,0.00,0.25,0.00,0.00,0,0
24676,ON,6,0,0.00,-27.00,43.00,-3.12,146,146,0.00,0,0.00,0.00,0.00,0.25,0.00,0.00,0,0
24796,ON,6,0,0.00,-27.00,43.00,-3.12,146,146,0.00,0,0.00,0.00,0.00,0.25,0.00,0.00,0,0
24920,ON,6,0,0.00,-27.00,43.00,-3.12,146,146,0.00,0,0.00,0.00,0.00,0.25,0.00,0.00,0,0
25041,ON,6,0,0.00,-27.00,43.00,-3.12,146,146,0.00,0,0.00,0.00,0.00,0.25,0.00,0.00,0,0
25162,ON,6,0,0.00,-27.00,43.00,-3.12,146,146,0.00,0,0.00,0.00,0.00,0.25,0.00,0.00,0,0
25283,ON,6,0,0.00,-27.00,43.00,-3.12,146,146,0.00,0,0.00,0.00,0.00,0.25,0.00,0.00,0,0
25403,ON,6,0,0.00,-27.00,43.00,-3.12,146,146,0.00,0,0.00,0.00,0.00,0.25,0.00,0.00,0,0
25524,ON,6,0,0.00,-27.00,43.00,-3.12,146,146,0.00,0,0.00,0.00,0.00,0.25,0.00,0.00,0,0
25648,ON,6,0,0.00,-27.00,43.00,-3.12,146,146,0.00,0,0.00,0.00,0.00,0.25,0.00,0.00,0,0
25769,ON,6,0,0.00,-27.00,43.00,-3.12,146,146,0.00,0,0.00,0.00,0.00,0.25,0.00,0.00,0,0
25890,ON,6,0,0.00,-27.00,43.00,-3.12,146,146,0.00,0,0.00,0.00,0.00,0.25,0.00,0.00,0,0
26010,ON,6,0,0.00,-27.00,43.00,-3.12,146,146,0.00,0,0.00,0.00,0.00,0.25,0.00,0.00,0,0
26131,ON,6,0,0.00,-27.00,43.00,-3.12,146,146,0.00,0,0.00,0.00,0.00,0.25,0.00,0.00,0,0
26252,ON,6,0,0.00,-27.00,43.00,-3.12,146,146,0.00,0,0.00,0.00,0.00,0.25,0.00,0.00,0,0
26376,ON,6,0,0.00,-27.00,43.00,-3.12,146,146,0.00,0,0.00,0.00,0.00,0.25,0.00,0.00,0,0
26497,ON,6,0,0.00,-27.00,43.00,-3.12,146,146,0.00,0,0.00,0.00,0.00,0.25,0.00,0.00,0,0
26618,ON,6,0,0.00,-27.00,43.00,-3.12,146,146,0.00,0,0.00,0.00,0.00,0.25,0.00,0.00,0,0
26739,ON,6,0,0.00,-27.00,43.00,-3.12,146,146,0.00,0,0.00,0.00,0.00,0.25,0.00,0.00,0,0
26859,ON,6,0,0.00,-27.00,43.00,-3.12,146,146,0.00,0,0.00,0.00,0.00,0.25,0.00,0.00,0,0
26980,ON,6,0,0.00,-27.00,43.00,-3.12,146,146,0.00,0,0.00,0.00,0.00,0.25,0.00,0.00,0,0
27104,ON,6,0,0.00,-27.00,43.00,-3.12,146,146,0.00,0,0.00,0.00,0.00,0.25,0.00,0.00,0,0
27225,ON,6,0,0.00,-27.00,43.00,-3.12,146,146,0.00,0,0.00,0.00,0.00,0.25,0.00,0.00,0,0
27346,ON,6,0,0.00,-27.00,43.00,-3.12,146,146,0.00,0,0.00,0.00,0.00,0.25,0.00,0.00,0,0
27467,ON,6,0,0.00,-27.00,43.00,-3.12,146,146,0.00,0,0.00,0.00,0.00,0.25,0.00,0.00,0,0
27588,ON,6,0,0.00,-27.00,43.00,-3.12,146,146,0.00,0,0.00,0.00,0.00,0.25,0.00,0.00,0,0
27709,ON,6,0,0.00,-27.00,43.00,-3.12,146,146,0.00,0,0.00,0.00,0.00,0.25,0.00,0.00,0,0
27833,ON,6,0,0.00,-27.00,43.00,-3.12,146,146,0.00,0,0.00,0.00,0.00,0.25,0.00,0.00,0,0
27954,ON,6,0,0.00,-27.00,43.00,-3.12,146,146,0.00,0,0.00,0.00,0.00,0.25,0.00,0.00,0,0
28075,ON,6,0,0.00,-27.00,43.00,-3.12,146,146,0.00,0,0.00,0.00,0.00,0.25,0.00,0.00,0,0
28196,ON,6,0,0.00,-27.00,43.00,-3.12,146,146,0.00,0,0.00,0.00,0.00,0.25,0.00,0.00,0,0
28317,ON,6,0,0.00,-27.00,43.00,-3.12,146,146,0.00,0,0.00,0.00,0.00,0.25,0.00,0.00,0,0
28438,ON,6,0,0.00,-27.00,43.00,-3.12,146,146,0.00,0,0.00,0.00,0.00,0.25,0.00,0.00,0,0
28563,ON,6,0,0.00,-27.00,43.00,-3.12,146,146,0.00,0,0.00,0.00,0.00,0.25,0.00,0.00,0,0
28683,ON,6,0,0.00,-27.00,43.00,-3.12,146,146,0.00,0,0.00,0.00,0.00,0.25,0.00,0.00,0,0
28804,ON,6,0,0.00,-27.00,43.00,-3.12,146,146,0.00,0,0.00,0.00,0.00,0.25,0.00,0.00,0,0
28925,ON,6,0,0.00,-27.00,43.00,-3.12,146,146,0.00,0,0.00,0.00,0.00,0.25,0.00,0.00,0,0
29046,ON,6,0,0.00,-27.00,43.00,-3.12,146,146,0.00,0,0.00,0.00,0.00,0.25,0.00,0.00,0,0
29167,ON,6,0,0.00,-27.00,43.00,-3.12,146,146,0.00,0,0.00,0.00,0.00,0.25,0.00,0.00,0,0
29291,ON,6,0,0.00,-27.00,43.00,-3.12,146,146,0.00,0,0.00,0.00,0.00,0.25,0.00,0.00,0,0
29412,ON,6,0,0.00,-27.00,43.00,-3.12,146,146,0.00,0,0.00,0.00,0.00,0.25,0.00,0.00,0,0
29533,ON,6,0,0.00,-27.00,43.00,-3.12,146,146,0.00,0,0.00,0.00,0.00,0.25,0.00,0.00,0,0
29654,ON,6,0,0.00,-27.00,43.00,-3.12,146,146,0.00,0,0.00,0.00,0.00,0.25,0.00,0.00,0,0
29774,ON,6,0,0.00,-27.00,43.00,-3.12,146,146,0.00,0,0.00,0.00,0.00,0.25,0.00,0.00,0,0
29895,ON,6,0,0.00,-27.00,43.00,-3.12,146,146,0.00,0,0.00,0.00,0.00,0.25,0.00,0.00,0,0
30019,ON,6,0,0.00,-27.00,43.00,-3.12,146,146,0.00,0,0.00,0.00,0.00,0.25,0.00,0.00,0,0
30140,ON,6,0,0.00,-27.00,43.00,-3.12,146,146,0.00,0,0.00,0.00,0.00,0.25,0.00,0.00,0,0
30261,ON,6,0,0.00,-27.00,43.00,-3.12,146,146,0.00,0,0.00,0.00,0.00,0.25,0.00,0.00,0,0
30382,ON,6,0,0.00,-27.00,43.00,-3.12,146,146,0.00,0,0.00,0.00,0.00,0.25,0.00,0.00,0,0
30503,ON,6,0,0.00,-27.00,43.00,-3.12,146,146,0.00,0,0.00,0.00,0.00,0.25,0.00,0.00,0,0
30624,ON,6,0,0.00,-27.00,43.00,-3.12,146,146,0.00,0,0.00,0.00,0.00,0.25,0.00,0.00,0,0
30748,ON,6,0,0.00,-27.00,43.00,-3.12,146,146,0.00,0,0.00,0.00,0.00,0.25,0.00,0.00,0,0
