2340,OFF,0,0,0.00,-40.00,-40.00,-100.00,0,0,0.00,0,-64.00,0.00,0.00,0.00,-100.00,0.00,0,0
2465,ON,6,0,0.00,-40.00,-40.00,-100.00,0,0,0.00,0,-64.00,0.00,0.00,0.00,-100.00,0.00,0,0
2590,ON,6,0,0.00,-27.00,-40.00,-3.12,146,0,0.00,0,-64.00,0.00,0.00,0.00,-100.00,0.00,0,0
2717,ON,6,0,0.00,-27.00,43.00,-3.12,146,0,0.00,0,0.00,0.00,0.00,0.00,-100.00,0.00,0,0
2840,ON,6,0,0.00,-27.00,43.00,-3.12,146,146,0.00,0,0.00,0.00,0.00,0.25,0.00,0.00,0,0
2963,ON,6,0,0.00,-27.00,43.00,-3.12,146,146,0.00,0,0.00,0.00,0.00,0.25,0.00,0.00,0,0
3086,ON,6,0,0.00,-27.00,43.00,-3.12,146,146,0.00,0,0.00,0.00,0.00,0.25,0.00,0.00,0,0
3210,ON,6,0,0.00,-27.00,43.00,-3.12,146,146,0.00,0,0.00,0.00,0.00,0.25,0.00,0.00,0,0
3333,ON,6,0,0.00,-27.00,43.00,-3.12,146,146,0.00,0,0.00,0.00,0.00,0.25,0.00,0.00,0,0
3459,ON,6,0,0.00,-27.00,43.00,-3.12,146,146,0.00,0,0.00,0.00,0.00,0.25,0.00,0.00,0,0
3583,ON,6,0,0.00,-27.00,43.00,-3.12,146,146,0.00,0,0.00,0.00,0.00,0.25,0.00,0.00,0,0
3706,ON,6,0,0.00,-27.00,43.00,-3.12,146,146,0.00,0,0.00,0.00,0.00,0.25,0.00,0.00,0,0
3829,ON,6,0,0.00,-27.00,43.00,-3.12,146,146,0.00,0,0.00,0.00,0.00,0.25,0.00,0.00,0,0
3953,ON,6,0,0.00,-27.00,43.00,-3.12,146,146,0.00,0,0.00,0.00,0.00,0.25,0.00,0.00,0,0
4076,ON,6,0,0.00,-27.00,43.00,-3.12,146,146,0.00,0,0.00,0.00,0.00,0.25,0.00,0.00,0,0
4202,ON,6,0,0.00,-27.00,43.00,-3.12,146,146,0.00,0,0.00,0.00,0.00,0.25,0.00,0.00,0,0
4326,ON,6,0,0.00,-27.00,43.00,-3.12,146,146,0.00,0,0.00,0.00,0.00,0.25,0.00,0.00,0,0
4449,ON,6,0,0.00,-27.00,43.00,-3.12,146,146,0.00,0,0.00,0.00,0.00,0.25,0.00,0.00,0,0
4573,ON,6,0,0.00,-27.00,43.00,-3.12,146,146,0.00,0,0.00,0.00,0.00,0.25,0.00,0.00,0,0
4696,ON,6,0,0.00,-27.00,43.00,-3.12,146,146,0.00,0,0.00,0.00,0.00,0.25,0.00,0.00,0,0
4819,ON,6,0,0.00,-27.00,43.00,-3.12,146,146,0.00,0,0.00,0.00,0.00,0.25,0.00,0.00,0,0
4946,ON,6,0,0.00,-27.00,43.00,-3.12,146,146,0.00,0,0.00,0.00,0.00,0.25,0.00,0.00,0,0
5070,ON,6,0,0.00,-27.00,43.00,-3.12,146,146,0.00,0,0.00,0.00,0.00,0.25,0.00,0.00,0,0
5193,ON,6,0,0.00,-27.00,43.00,-3.12,146,146,0.00,0,0.00,0.00,0.00,0.25,0.00,0.00,0,0
5316,ON,6,0,0.00,-27.00,43.00,-3.12,146,146,0.00,0,0.00,0.00,0.00,0.25,0.00,0.00,0,0
5440,ON,6,0,0.00,-27.00,43.00,-3.12,146,146,0.00,0,0.00,0.00,0.00,0.25,0.00,0.00,0,0
5563,ON,6,0,0.00,-27.00,43.00,-3.12,146,146,0.00,0,0.00,0.00,0.00,0.25,0.00,0.00,0,0
5689,ON,6,0,0.00,-27.00,43.00,-3.12,146,146,0.00,0,0.00,0.00,0.00,0.25,0.00,0.00,0,0
5813,ON,6,0,0.00,-27.00,43.00,-3.12,146,146,0.00,0,0.00,0.00,0.00,0.25,0.00,0.00,0,0
5936,ON,6,0,0.00,-27.00,43.00,-3.12,146,146,0.00,0,0.00,0.00,0.00,0.25,0.00,0.00,0,0
6059,ON,6,0,0.00,-27.00,43.00,-3.12,146,146,0.00,0,0.00,0.00,0.00,0.25,0.00,0.00,0,0
6183,ON,6,0,0.00,-27.00,43.00,-3.12,146,146,0.00,0,0.00,0.00,0.00,0.25,0.00,0.00,0,0
6306,ON,6,0,0.00,-27.00,43.00,-3.12,146,146,0.00,0,0.00,0.00,0.00,0.25,0.00,0.00,0,0
6432,ON,6,0,0.00,-27.00,43.00,-3.12,146,146,0.00,0,0.00,0.00,0.00,0.25,0.00,0.00,0,0
6556,ON,6,0,0.00,-27.00,43.00,-3.12,146,146,0.00,0,0.00,0.00,0.00,0.25,0.00,0.00,0,0
6679,ON,6,0,0.00,-27.00,43.00,-3.12,146,146,0.00,0,0.00,0.00,0.00,0.25,0.00,0.00,0,0
6803,ON,6,0,0.00,-27.00,43.00,-3.12,146,146,0.00,0,0.00,0.00,0.00,0.25,0.00,0.00,0,0
6926,ON,6,0,0.00,-27.00,43.00,-3.12,146,146,0.00,0,0.00,0.00,0.00,0.25,0.00,0.00,0,0
7049,ON,6,0,0.00,-27.00,43.00,-3.12,146,146,0.00,0,0.00,0.00,0.00,0.25,0.00,0.00,0,0
7176,ON,6,0,0.00,-27.00,43.00,-3.12,146,146,0.00,0,0.00,0.00,0.00,0.25,0.00,0.00,0,0
7299,ON,6,0,0.00,-27.00,43.00,-3.12,146,146,0.00,0,0.00,0.00,0.00,0.25,0.00,0.00,0,0
7423,ON,6,0,0.00,-27.00,43.00,-3.12,146,146,0.00,0,0.00,0.00,0.00,0.25,0.00,0.00,0,0
7546,ON,6,0,0.00,-27.00,43.00,-3.12,146,146,0.00,0,0.00,0.00,0.00,0.25,0.00,0.00,0,0
7669,ON,6,0,0.00,-27.00,43.00,-3.12,146,146,0.00,0,0.00,0.00,0.00,0.25,0.00,0.00,0,0
7793,ON,6,0,0.00,-27.00,43.00,-3.12,146,146,0.00,0,0.00,0.00,0.00,0.25,0.00,0.00,0,0
7919,ON,6,0,0.00,-27.00,43.00,-3.12,146,146,0.00,0,0.00,0.00,0.00,0.25,0.00,0.00,0,0
8043,ON,6,0,0.00,-27.00,43.00,-3.12,146,146,0.00,0,0.00,0.00,0.00,0.25,0.00,0.00,0,0
8166,ON,6,0,0.00,-27.00,43.00,-3.12,146,146,0.00,0,0.00,0.00,0.00,0.25,0.00,0.00,0,0
8290,ON,6,0,0.00,-27.00,43.00,-3.12,146,146,0.00,0,0.00,0.00,0.00,0.25,0.00,0.00,0,0
8413,ON,6,0,0.00,-27.00,43.00,-3.12,146,146,0.00,0,0.00,0.00,0.00,0.25,0.00,0.00,0,0
8536,ON,6,0,0.00,-27.00,43.00,-3.12,146,146,0.00,0,0.00,0.00,0.00,0.25,0.00,0.00,0,0
8663,ON,6,0,0.00,-27.00,43.00,-3.12,146,146,0.00,0,0.00,0.00,0.00,0.25,0.00,0.00,0,0
8786,ON,6,0,0.00,-27.00,43.00,-3.12,146,146,0.00,0,0.00,0.00,0.00,0.25,0.00,0.00,0,0
8910,ON,6,0,0.00,-27.00,43.00,-3.12,146,146,0.00,0,0.00,0.00,0.00,0.25,0.00,0.00,0,0
9033,ON,6,0,0.00,-27.00,43.00,-3.12,146,146,0.00,0,0.00,0.00,0.00,0.25,0.00,0.00,0,0
9156,ON,6,0,0.00,-27.00,43.00,-3.12,146,146,0.00,0,0.00,0.00,0.00,0.25,0.00,0.00,0,0
9280,ON,6,0,0.00,-27.00,43.00,-3.12,146,146,0.00,0,0.00,0.00,0.00,0.25,0.00,0.00,0,0
9407,ON,6,0,0.00,-27.00,43.00,-3.12,146,146,0.00,0,0.00,0.00,0.00,0.25,0.00,0.00,0,0
9679,ON,6,0,0.00,-27.00,43.00,-3.12,146,146,0.00,0,0.00,0.00,0.00,0.25,0.00,0.00,0,0
9802,ON,6,0,0.00,-27.00,43.00,-3.12,146,146,0.00,0,0.00,0.00,0.00,0.25,0.00,0.00,0,0
9925,ON,6,0,0.00,-27.00,43.00,-3.12,146,146,0.00,0,0.00,0.00,0.00,0.25,0.00,0.00,0,0
10049,ON,6,0,0.00,-27.00,43.00,-3.12,146,146,0.00,0,0.00,0.00,0.00,0.25,0.00,0.00,0,0
10172,ON,6,0,0.00,-27.00,43.00,-3.12,146,146,0.00,0,0.00,0.00,0.00,0.25,0.00,0.00,0,0
10298,ON,6,0,0.00,-27.00,43.00,-3.12,146,146,0.00,0,0.00,0.00,0.00,0.25,0.00,0.00,0,0
10422,ON,6,0,0.00,-27.00,43.00,-3.12,146,146,0.00,0,0.00,0.00,0.00,0.25,0.00,0.00,0,0
10545,ON,6,0,0.00,-27.00,43.00,-3.12,146,146,0.00,0,0.00,0.00,0.00,0.25,0.00,0.00,0,0
10668,ON,6,0,0.00,-27.00,43.00,-3.12,146,146,0.00,0,0.00,0.00,0.00,0.25,0.00,0.00,0,0
10792,ON,6,0,0.00,-27.00,43.00,-3.12,146,146,0.00,0,0.00,0.00,0.00,0.25,0.00,0.00,0,0
10915,ON,6,0,0.00,-27.00,43.00,-3.12,146,146,0.00,0,0.00,0.00,0.00,0.25,0.00,0.00,0,0
11042,ON,6,0,0.00,-27.00,43.00,-3.12,146,146,0.00,0,0.00,0.00,0.00,0.25,0.00,0.00,0,0
11165,ON,6,0,0.00,-27.00,43.00,-3.12,146,146,0.00,0,0.00,0.00,0.00,0.25,0.00,0.00,0,0
11289,ON,6,0,0.00,-27.00,43.00,-3.12,146,146,0.00,0,0.00,0.00,0.00,0.25,0.00,0.00,0,0
11412,ON,6,0,0.00,-27.00,43.00,-3.12,146,146,0.00,0,0.00,0.00,0.00,0.25,0.00,0.00,0,0
11535,ON,6,0,0.00,-27.00,43.00,-3.12,146,146,0.00,0,0.00,0.00,0.00,0.25,0.00,0.00,0,0
11659,ON,6,0,0.00,-27.00,43.00,-3.12,146,146,0.00,0,0.00,0.00,0.00,0.25,0.00,0.00,0,0
11785,ON,6,0,0.00,-27.00,43.00,-3.12,146,146,0.00,0,0.00,0.00,0.00,0.25,0.00,0.00,0,0
11909,ON,6,0,0.00,-27.00,43.00,-3.12,146,146,0.00,0,0.00,0.00,0.00,0.25,0.00,0.00,0,0
12032,ON,6,0,0.00,-27.00,43.00,-3.12,146,146,0.00,0,0.00,0.00,0.00,0.25,0.00,0.00,0,0
12156,ON,6,0,0.00,-27.00,43.00,-3.12,146,146,0.00,0,0.00,0.00,0.00,0.25,0.00,0.00,0,0
12279,ON,6,0,0.00,-27.00,43.00,-3.12,146,146,0.00,0,0.00,0.00,0.00,0.25,0.00,0.00,0,0
12402,ON,6,0,0.00,-27.00,43.00,-3.12,146,146,0.00,0,0.00,0.00,0.00,0.25,0.00,0.00,0,0
12529,ON,6,0,0.00,-27.00,43.00,-3.12,146,146,0.00,0,0.00,0.00,0.00,0.25,0.00,0.00,0,0
12652,ON,6,0,0.00,-27.00,43.00,-3.12,146,146,0.00,0,0.00,0.00,0.00,0.25,0.00,0.00,0,0
12775,ON,6,0,0.00,-27.00,43.00,-3.12,146,146,0.00,0,0.00,0.00,0.00,0.25,0.00,0.00,0,0
12899,ON,6,0,0.00,-27.00,43.00,-3.12,146,146,0.00,0,0.00,0.00,0.00,0.25,0.00,0.00,0,0
13022,ON,6,0,0.00,-27.00,43.00,-3.12,146,146,0.00,0,0.00,0.00,0.00,0.25,0.00,0.00,0,0
13145,ON,6,0,0.00,-27.00,43.00,-3.12,146,146,0.00,0,0.00,0.00,0.00,0.25,0.00,0.00,0,0
13272,ON,6,0,0.00,-27.00,43.00,-3.12,146,146,0.00,0,0.00,0.00,0.00,0.25,0.00,0.00,0,0
13395,ON,6,0,0.00,-27.00,43.00,-3.12,146,146,0.00,0,0.00,0.00,0.00,0.25,0.00,0.00,0,0
13518,ON,6,0,0.00,-27.00,43.00,-3.12,146,146,0.00,0,0.00,0.00,0.00,0.25,0.00,0.00,0,0
13641,ON,6,0,0.00,-27.00,43.00,-3.12,146,146,0.00,0,0.00,0.00,0.00,0.25,0.00,0.00,0,0
13765,ON,6,0,0.00,-27.00,43.00,-3.12,146,146,0.00,0,0.00,0.00,0.00,0.25,0.00,0.00,0,0
13888,ON,6,0,0.00,-27.00,43.00,-3.12,146,146,0.00,0,0.00,0.00,0.00,0.25,0.00,0.00,0,0
14015,ON,6,0,0.00,-27.00,43.00,-3.12,146,146,0.00,0,0.00,0.00,0.00,0.25,0.00,0.00,0,0
14138,ON,6,0,0.00,-27.00,43.00,-3.12,146,146,0.00,0,0.00,0.00,0.00,0.25,0.00,0.00,0,0
14261,ON,6,0,0.00,-27.00,43.00,-3.12,146,146,0.00,0,0.00,0.00,0.00,0.25,0.00,0.00,0,0
14384,ON,6,0,0.00,-27.00,43.00,-3.12,146,146,0.00,0,0.00,0.00,0.00,0.25,0.00,0.00,0,0
14507,ON,6,0,0.00,-27.00,43.00,-3.12,146,146,0.00,0,0.00,0.00,0.00,0.25,0.00,0.00,0,0
14631,ON,6,0,0.00,-27.00,43.00,-3.12,146,146,0.00,0,0.00,0.00,0.00,0.25,0.00,0.00,0,0
14757,ON,6,0,0.00,-27.00,43.00,-3.12,146,146,0.00,0,0.00,0.00,0.00,0.25,0.00,0.00,0,0
14880,ON,6,0,0.00,-27.00,43.00,-3.12,146,146,0.00,0,0.00,0.00,0.00,0.25,0.00,0.00,0,0
15003,ON,6,0,0.00,-27.00,43.00,-3.12,146,146,0.00,0,0.00,0.00,0.00,0.25,0.00,0.00,0,0
15127,ON,6,0,0.00,-27.00,43.00,-3.12,146,146,0.00,0,0.00,0.00,0.00,0.25,0.00,0.00,0,0
15250,ON,6,0,0.00,-27.00,43.00,-3.12,146,146,0.00,0,0.00,0.00,0.00,0.25,0.00,0.00,0,0
15374,ON,6,0,0.00,-27.00,43.00,-3.12,146,146,0.00,0,0.00,0.00,0.00,0.25,0.00,0.00,0,0
15500,ON,6,0,0.00,-27.00,43.00,-3.12,146,146,0.00,0,0.00,0.00,0.00,0.25,0.00,0.00,0,0
15624,ON,6,0,0.00,-27.00,43.00,-3.12,146,146,0.00,0,0.00,0.00,0.00,0.25,0.00,0.00,0,0
15747,ON,6,0,0.00,-27.00,43.00,-3.12,146,146,0.00,0,0.00,0.00,0.00,0.25,0.00,0.00,0,0
15876,ON,6,0,0.00,-27.00,43.00,-3.12,146,146,0.00,0,0.00,0.00,0.00,0.25,0.00,0.00,0,0
15999,ON,6,0,0.00,-27.00,43.00,-3.12,146,146,0.00,0,0.00,0.00,0.00,0.25,0.00,0.00,0,0
16122,ON,6,0,0.00,-27.00,43.00,-3.12,146,146,0.00,0,0.00,0.00,0.00,0.25,0.00,0.00,0,0
16249,ON,6,0,0.00,-27.00,43.00,-3.12,146,146,0.00,0,0.00,0.00,0.00,0.25,0.00,0.00,0,0
16372,ON,6,0,0.00,-27.00,43.00,-3.12,146,146,0.00,0,0.00,0.00,0.00,0.25,0.00,0.00,0,0
16496,ON,6,0,0.00,-27.00,43.00,-3.12,146,146,0.00,0,0.00,0.00,0.00,0.25,0.00,0.00,0,0
16619,ON,6,0,0.00,-27.00,43.00,-3.12,146,146,0.00,0,0.00,0.00,0.00,0.25,0.00,0.00,0,0
16742,ON,6,0,0.00,-27.00,43.00,-3.12,146,146,0.00,0,0.00,0.00,0.00,0.25,0.00,0.00,0,0
16865,ON,6,0,0.00,-27.00,43.00,-3.12,146,146,0.00,0,0.00,0.00,0.00,0.25,0.00,0.00,0,0
16992,ON,6,0,0.00,-27.00,43.00,-3.12,146,146,0.00,0,0.00,0.00,0.00,0.25,0.00,0.00,0,0
17115,ON,6,0,0.00,-27.00,43.00,-3.12,146,146,0.00,0,0.00,0.00,0.00,0.25,0.00,0.00,0,0
17239,ON,6,0,0.00,-27.00,43.00,-3.12,146,146,0.00,0,0.00,0.00,0.00,0.25,0.00,0.00,0,0
17362,ON,6,0,0.00,-27.00,43.00,-3.12,146,146,0.00,0,0.00,0.00,0.00,0.25,0.00,0.00,0,0
17486,ON,6,0,0.00,-27.00,43.00,-3.12,146,146,0.00,0,0.00,0.00,0.00,0.25,0.00,0.00,0,0
17609,ON,6,0,0.00,-27.00,43.00,-3.12,146,146,0.00,0,0.00,0.00,0.00,0.25,0.00,0.00,0,0
17735,ON,6,0,0.00,-27.00,43.00,-3.12,146,146,0.00,0,0.00,0.00,0.00,0.25,0.00,0.00,0,0
17859,ON,6,0,0.00,-27.00,43.00,-3.12,146,146,0.00,0,0.00,0.00,0.00,0.25,0.00,0.00,0,0
17982,ON,6,0,0.00,-27.00,43.00,-3.12,146,146,0.00,0,0.00,0.00,0.00,0.25,0.00,0.00,0,0
18105,ON,6,0,0.00,-27.00,43.00,-3.12,146,146,0.00,0,0.00,0.00,0.00,0.25,0.00,0.00,0,0
18229,ON,6,0,0.00,-27.00,43.00,-3.12,146,146,0.00,0,0.00,0.00,0.00,0.25,0.00,0.00,0,0
18352,ON,6,0,0.00,-27.00,43.00,-3.12,146,146,0.00,0,0.00,0.00,0.00,0.25,0.00,0.00,0,0
18478,ON,6,0,0.00,-27.00,43.00,-3.12,146,146,0.00,0,0.00,0.00,0.00,0.25,0.00,0.00,0,0
18602,ON,6,0,0.00,-27.00,43.00,-3.12,146,146,0.00,0,0.00,0.00,0.00,0.25,0.00,0.00,0,0
18725,ON,6,0,0.00,-27.00,43.00,-3.12,146,146,0.00,0,0.00,0.00,0.00,0.25,0.00,0.00,0,0
18848,ON,6,0,0.00,-27.00,43.00,-3.12,146,146,0.00,0,0.00,0.00,0.00,0.25,0.00,0.00,0,0
18971,ON,6,0,0.00,-27.00,43.00,-3.12,146,146,0.00,0,0.00,0.00,0.00,0.25,0.00,0.00,0,0
19095,ON,6,0,0.00,-27.00,43.00,-3.12,146,146,0.00,0,0.00,0.00,0.00,0.25,0.00,0.00,0,0
19221,ON,6,0,0.00,-27.00,43.00,-3.12,146,146,0.00,0,0.00,0.00,0.00,0.25,0.00,0.00,0,0
19345,ON,6,0,0.00,-27.00,43.00,-3.12,146,146,0.00,0,0.00,0.00,0.00,0.25,0.00,0.00,0,0
19468,ON,6,0,0.00,-27.00,43.00,-3.12,146,146,0.00,0,0.00,0.00,0.00,0.25,0.00,0.00,0,0
19591,ON,6,0,0.00,-27.00,43.00,-3.12,146,146,0.00,0,0.00,0.00,0.00,0.25,0.00,0.00,0,0
19714,ON,6,0,0.00,-27.00,43.00,-3.12,146,146,0.00,0,0.00,0.00,0.00,0.25,0.00,0.00,0,0
19838,ON,6,0,0.00,-27.00,43.00,-3.12,146,146,0.00,0,0.00,0.00,0.00,0.25,0.00,0.00,0,0
19964,ON,6,0,0.00,-27.00,43.00,-3.12,146,146,0.00,0,0.00,0.00,0.00,0.25,0.00,0.00,0,0
20088,ON,6,0,0.00,-27.00,43.00,-3.12,146,146,0.00,0,0.00,0.00,0.00,0.25,0.00,0.00,0,0
20211,ON,6,0,0.00,-27.00,43.00,-3.12,146,146,0.00,0,0.00,0.00,0.00,0.25,0.00,0.00,0,0
20334,ON,6,0,0.00,-27.00,43.00,-3.12,146,146,0.00,0,0.00,0.00,0.00,0.25,0.00,0.00,0,0
20458,ON,6,0,0.00,-27.00,43.00,-3.12,146,146,0.00,0,0.00,0.00,0.00,0.25,0.00,0.00,0,0
20581,ON,6,0,0.00,-27.00,43.00,-3.12,146,146,0.00,0,0.00,0.00,0.00,0.25,0.00,0.00,0,0
20707,ON,6,0,0.00,-27.00,43.00,-3.12,146,146,0.00,0,0.00,0.00,0.00,0.25,0.00,0.00,0,0
20831,ON,6,0,0.00,-27.00,43.00,-3.12,146,146,0.00,0,0.00,0.00,0.00,0.25,0.00,0.00,0,0
20954,ON,6,0,0.00,-27.00,43.00,-3.12,146,146,0.00,0,0.00,0.00,0.00,0.25,0.00,0.00,0,0
21077,ON,6,0,0.00,-27.00,43.00,-3.12,146,146,0.00,0,0.00,0.00,0.00,0.25,0.00,0.00,0,0
21201,ON,6,0,0.00,-27.00,43.00,-3.12,146,146,0.00,0,0.00,0.00,0.00,0.25,0.00,0.00,0,0
21324,ON,6,0,0.00,-27.00,43.00,-3.12,146,146,0.00,0,0.00,0.00,0.00,0.25,0.00,0.00,0,0
21451,ON,6,0,0.00,-27.00,43.00,-3.12,146,146,0.00,0,0.00,0.00,0.00,0.25,0.00,0.00,0,0
21574,ON,6,0,0.00,-27.00,43.00,-3.12,146,146,0.00,0,0.00,0.00,0.00,0.25,0.00,0.00,0,0
21697,ON,6,0,0.00,-27.00,43.00,-3.12,146,146,0.00,0,0.00,0.00,0.00,0.25,0.00,0.00,0,0
21821,ON,6,0,0.00,-27.00,43.00,-3.12,146,146,0.00,0,0.00,0.00,0.00,0.25,0.00,0.00,0,0
21944,ON,6,0,0.00,-27.00,43.00,-3.12,146,146,0.00,0,0.00,0.00,0.00,0.25,0.00,0.00,0,0
22067,ON,6,0,0.00,-27.00,43.00,-3.12,146,146,0.00,0,0.00,0.00,0.00,0.25,0.00,0.00,0,0
22194,ON,6,0,0.00,-27.00,43.00,-3.12,146,146,0.00,0,0.00,0.00,0.00,0.25,0.00,0.00,0,0
22317,ON,6,0,0.00,-27.00,43.00,-3.12,146,146,0.00,0,0.00,0.00,0.00,0.25,0.00,0.00,0,0
22440,ON,6,0,0.00,-27.00,43.00,-3.12,146,146,0.00,0,0.00,0.00,0.00,0.25,0.00,0.00,0,0
22564,ON,6,0,0.00,-27.00,43.00,-3.12,146,146,0.00,0,0.00,0.00,0.00,0.25,0.00,0.00,0,0
22687,ON,6,0,0.00,-27.00,43.00,-3.12,146,146,0.00,0,0.00,0.00,0.00,0.25,0.00,0.00,0,0
22810,ON,6,0,0.00,-27.00,43.00,-3.12,146,146,0.00,0,0.00,0.00,0.00,0.25,0.00,0.00,0,0
22937,ON,6,0,0.00,-27.00,43.00,-3.12,146,146,0.00,0,0.00,0.00,0.00,0.25,0.00,0.00,0,0
23060,ON,6,0,0.00,-27.00,43.00,-3.12,146,146,0.00,0,0.00,0.00,0.00,0.25,0.00,0.00,0,0
23184,ON,6,0,0.00,-27.00,43.00,-3.12,146,146,0.00,0,0.00,0.00,0.00,0.25,0.00,0.00,0,0
23307,ON,6,0,0.00,-27.00,43.00,-3.12,146,146,0.00,0,0.00,0.00,0.00,0.25,0.00,0.00,0,0
23430,ON,6,0,0.00,-27.00,43.00,-3.12,146,146,0.00,0,0.00,0.00,0.00,0.25,0.00,0.00,0,0
23554,ON,6,0,0.00,-27.00,43.00,-3.12,146,146,0.00,0,0.00,0.00,0.00,0.25,0.00,0.00,0,0
23680,ON,6,0,0.00,-27.00,43.00,-3.12,146,146,0.00,0,0.00,0.00,0.00,0.25,0.00,0.00,0,0
23803,ON,6,0,0.00,-27.00,43.00,-3.12,146,146,0.00,0,0.00,0.00,0.00,0.25,0.00,0.00,0,0
23927,ON,6,0,0.00,-27.00,43.00,-3.12,146,146,0.00,0,0.00,0.00,0.00,0.25,0.00,0.00,0,0
24050,ON,6,0,0.00,-27.00,43.00,-3.12,146,146,0.00,0,0.00,0.00,0.00,0.25,0.00,0.00,0,0
24173,ON,6,0,0.00,-27.00,43.00,-3.12,146,146,0.00,0,0.00,0.00,0.00,0.25,0.00,0.00,0,0
24297,ON,6,0,0.00,-27.00,43.00,-3.12,146,146,0.00,0,0.00,0.00,0.00,0.25,0.00,0.00,0,0
24423,ON,6,0,0.00,-27.00,43.00,-3.12,146,146,0.00,0,0.00,0.00,0.00,0.25,0.00,0.00,0,0
24547,ON,6,0,0.00,-27.00,43.00,-3.12,146,146,0.00,0,0.00,0.00,0.00,0.25,0.00,0.00,0,0
24670,ON,6,0,0.00,-27.00,43.00,-3.12,146,146,0.00,0,0.00,0.00,0.00,0.25,0.00,0.00,0,0
24793,ON,6,0,0.00,-27.00,43.00,-3.12,146,146,0.00,0,0.00,0.00,0.00,0.25,0.00,0.00,0,0
24917,ON,6,0,0.00,-27.00,43.00,-3.12,146,146,0.00,0,0.00,0.00,0.00,0.25,0.00,0.00,0,0
25040,ON,6,0,0.00,-27.00,43.00,-3.12,146,146,0.00,0,0.00,0.00,0.00,0.25,0.00,0.00,0,0
25167,ON,6,0,0.00,-27.00,43.00,-3.12,146,146,0.00,0,0.00,0.00,0.00,0.25,0.00,0.00,0,0
25290,ON,6,0,0.00,-27.00,43.00,-3.12,146,146,0.00,0,0.00,0.00,0.00,0.25,0.00,0.00,0,0
25413,ON,6,0,0.00,-27.00,43.00,-3.12,146,146,0.00,0,0.00,0.00,0.00,0.25,0.00,0.00,0,0
25537,ON,6,0,0.00,-27.00,43.00,-3.12,146,146,0.00,0,0.00,0.00,0.00,0.25,0.00,0.00,0,0
25661,ON,6,0,0.00,-27.00,43.00,-3.12,146,146,0.00,0,0.00,0.00,0.00,0.25,0.00,0.00,0,0
25784,ON,6,0,0.00,-27.00,43.00,-3.12,146,146,0.00,0,0.00,0.00,0.00,0.25,0.00,0.00,0,0
25910,ON,6,0,0.00,-27.00,43.00,-3.12,146,146,0.00,0,0.00,0.00,0.00,0.25,0.00,0.00,0,0
26034,ON,6,0,0.00,-27.00,43.00,-3.12,146,146,0.00,0,0.00,0.00,0.00,0.25,0.00,0.00,0,0
26157,ON,6,0,0.00,-27.00,43.00,-3.12,146,146,0.00,0,0.00,0.00,0.00,0.25,0.00,0.00,0,0
26280,ON,6,0,0.00,-27.00,43.00,-3.12,146,146,0.00,0,0.00,0.00,0.00,0.25,0.00,0.00,0,0
26403,ON,6,0,0.00,-27.00,43.00,-3.12,146,146,0.00,0,0.00,0.00,0.00,0.25,0.00,0.00,0,0
26526,ON,6,0,0.00,-27.00,43.00,-3.12,146,146,0.00,0,0.00,0.00,0.00,0.25,0.00,0.00,0,0
26653,ON,6,0,0.00,-27.00,43.00,-3.12,146,146,0.00,0,0.00,0.00,0.00,0.25,0.00,0.00,0,0
26776,ON,6,0,0.00,-27.00,43.00,-3.12,146,146,0.00,0,0.00,0.00,0.00,0.25,0.00,0.00,0,0
26899,ON,6,0,0.00,-27.00,43.00,-3.12,146,146,0.00,0,0.00,0.00,0.00,0.25,0.00,0.00,0,0
27023,ON,6,0,0.00,-27.00,43.00,-3.12,146,146,0.00,0,0.00,0.00,0.00,0.25,0.00,0.00,0,0
27146,ON,6,0,0.00,-27.00,43.00,-3.12,146,146,0.00,0,0.00,0.00,0.00,0.25,0.00,0.00,0,0
27269,ON,6,0,0.00,-27.00,43.00,-3.12,146,146,0.00,0,0.00,0.00,0.00,0.25,0.00,0.00,0,0
27396,ON,6,0,0.00,-27.00,43.00,-3.12,146,146,0.00,0,0.00,0.00,0.00,0.25,0.00,0.00,0,0
27519,ON,6,0,0.00,-27.00,43.00,-3.12,146,146,0.00,0,0.00,0.00,0.00,0.25,0.00,0.00,0,0
27642,ON,6,0,0.00,-27.00,43.00,-3.12,146,146,0.00,0,0.00,0.00,0.00,0.25,0.00,0.00,0,0
27766,ON,6,0,0.00,-27.00,43.00,-3.12,146,146,0.00,0,0.00,0.00,0.00,0.25,0.00,0.00,0,0
27889,ON,6,0,0.00,-27.00,43.00,-3.12,146,146,0.00,0,0.00,0.00,0.00,0.25,0.00,0.00,0,0
28012,ON,6,0,0.00,-27.00,43.00,-3.12,146,146,0.00,0,0.00,0.00,0.00,0.25,0.00,0.00,0,0
28139,ON,6,0,0.00,-27.00,43.00,-3.12,146,146,0.00,0,0.00,0.00,0.00,0.25,0.00,0.00,0,0
28262,ON,6,0,0.00,-27.00,43.00,-3.12,146,146,0.00,0,0.00,0.00,0.00,0.25,0.00,0.00,0,0
28385,ON,6,0,0.00,-27.00,43.00,-3.12,146,146,0.00,0,0.00,0.00,0.00,0.25,0.00,0.00,0,0
28508,ON,6,0,0.00,-27.00,43.00,-3.12,146,146,0.00,0,0.00,0.00,0.00,0.25,0.00,0.00,0,0
28632,ON,6,0,0.00,-27.00,43.00,-3.12,146,146,0.00,0,0.00,0.00,0.00,0.25,0.00,0.00,0,0
28755,ON,6,0,0.00,-27.00,43.00,-3.12,146,146,0.00,0,0.00,0.00,0.00,0.25,0.00,0.00,0,0
28882,ON,6,0,0.00,-27.00,43.00,-3.12,146,146,0.00,0,0.00,0.00,0.00,0.25,0.00,0.00,0,0
29005,ON,6,0,0.00,-27.00,43.00,-3.12,146,146,0.00,0,0.00,0.00,0.00,0.25,0.00,0.00,0,0
29128,ON,6,0,0.00,-27.00,43.00,-3.12,146,146,0.00,0,0.00,0.00,0.00,0.25,0.00,0.00,0,0
29252,ON,6,0,0.00,-27.00,43.00,-3.12,146,146,0.00,0,0.00,0.00,0.00,0.25,0.00,0.00,0,0
29375,ON,6,0,0.00,-27.00,43.00,-3.12,146,146,0.00,0,0.00,0.00,0.00,0.25,0.00,0.00,0,0
29499,ON,6,0,0.00,-27.00,43.00,-3.12,146,146,0.00,0,0.00,0.00,0.00,0.25,0.00,0.00,0,0
29625,ON,6,0,0.00,-27.00,43.00,-3.12,146,146,0.00,0,0.00,0.00,0.00,0.25,0.00,0.00,0,0
29748,ON,6,0,0.00,-27.00,43.00,-3.12,146,146,0.00,0,0.00,0.00,0.00,0.25,0.00,0.00,0,0
29872,ON,6,0,0.00,-27.00,43.00,-3.12,146,146,0.00,0,0.00,0.00,0.00,0.25,0.00,0.00,0,0
29995,ON,6,0,0.00,-27.00,43.00,-3.12,146,146,0.00,0,0.00,0.00,0.00,0.25,0.00,0.00,0,0
30118,ON,6,0,0.00,-27.00,43.00,-3.12,146,146,0.00,0,0.00,0.00,0.00,0.25,0.00,0.00,0,0
30243,ON,6,0,0.00,-27.00,43.00,-3.12,146,146,0.00,0,0.00,0.00,0.00,0.25,0.00,0.00,0,0
30608,ON,6,0,0.00,-27.00,43.00,-3.12,146,146,0.00,0,0.00,0.00,0.00,0.25,0.00,0.00,0,0
30731,ON,6,0,0.00,-27.00,43.00,-3.12,146,146,0.00,0,0.00,0.00,0.00,0.25,0.00,0.00,0,0
30854,ON,6,0,0.00,-27.00,43.00,-3.12,146,146,0.00,0,0.00,0.00,0.00,0.25,0.00,0.00,0,0
30978,ON,6,0,0.00,-27.00,43.00,-3.12,146,146,0.00,0,0.00,0.00,0.00,0.25,0.00,0.00,0,0
31101,ON,6,0,0.00,-27.00,43.00,-3.12,146,146,0.00,0,0.00,0.00,0.00,0.25,0.00,0.00,0,0
31224,ON,6,0,0.00,-27.00,43.00,-3.12,146,146,0.00,0,0.00,0.00,0.00,0.25,0.00,0.00,0,0
31351,ON,6,0,0.00,-27.00,43.00,-3.12,146,146,0.00,0,0.00,0.00,0.00,0.25,0.00,0.00,0,0
31474,ON,6,0,0.00,-27.00,43.00,-3.12,146,146,0.00,0,0.00,0.00,0.00,0.25,0.00,0.00,0,0
31597,ON,6,0,0.00,-27.00,43.00,-3.12,146,146,0.00,0,0.00,0.00,0.00,0.25,0.00,0.00,0,0
31721,ON,6,0,0.00,-27.00,43.00,-3.12,146,146,0.00,0,0.00,0.00,0.00,0.25,0.00,0.00,0,0
31844,ON,6,0,0.00,-27.00,43.00,-3.12,146,146,0.00,0,0.00,0.00,0.00,0.25,0.00,0.00,0,0
31967,ON,6,0,0.00,-27.00,43.00,-3.12,146,146,0.00,0,0.00,0.00,0.00,0.25,0.00,0.00,0,0
32094,ON,6,0,0.00,-27.00,43.00,-3.12,146,146,0.00,0,0.00,0.00,0.00,0.25,0.00,0.00,0,0
32217,ON,6,0,0.00,-27.00,43.00,-3.12,146,146,0.00,0,0.00,0.00,0.00,0.25,0.00,0.00,0,0
32341,ON,6,0,0.00,-27.00,43.00,-3.12,146,146,0.00,0,0.00,0.00,0.00,0.25,0.00,0.00,0,0
32464,ON,6,0,0.00,-27.00,43.00,-3.12,146,146,0.00,0,0.00,0.00,0.00,0.25,0.00,0.00,0,0
32587,ON,6,0,0.00,-27.00,43.00,-3.12,146,146,0.00,0,0.00,0.00,0.00,0.25,0.00,0.00,0,0
32711,ON,6,0,0.00,-27.00,43.00,-3.12,146,146,0.00,0,0.00,0.00,0.00,0.25,0.00,0.00,0,0
32837,ON,6,0,0.00,-27.00,43.00,-3.12,146,146,0.00,0,0.00,0.00,0.00,0.25,0.00,0.00,0,0
32960,ON,6,0,0.00,-27.00,43.00,-3.12,146,146,0.00,0,0.00,0.00,0.00,0.25,0.00,0.00,0,0
33084,ON,6,0,0.00,-27.00,43.00,-3.12,146,146,0.00,0,0.00,0.00,0.00,0.25,0.00,0.00,0,0
33207,ON,6,0,0.00,-27.00,43.00,-3.12,146,146,0.00,0,0.00,0.00,0.00,0.25,0.00,0.00,0,0
33330,ON,6,0,0.00,-27.00,43.00,-3.12,146,146,0.00,0,0.00,0.00,0.00,0.25,0.00,0.00,0,0
33454,ON,6,0,0.00,-27.00,43.00,-3.12,146,146,0.00,0,0.00,0.00,0.00,0.25,0.00,0.00,0,0
33581,ON,6,0,0.00,-27.00,43.00,-3.12,146,146,0.00,0,0.00,0.00,0.00,0.25,0.00,0.00,0,0
33704,ON,6,0,0.00,-27.00,43.00,-3.12,146,146,0.00,0,0.00,0.00,0.00,0.25,0.00,0.00,0,0
33827,ON,6,0,0.00,-27.00,43.00,-3.12,146,146,0.00,0,0.00,0.00,0.00,0.25,0.00,0.00,0,0
33951,ON,6,0,0.00,-27.00,43.00,-3.12,146,146,0.00,0,0.00,0.00,0.00,0.25,0.00,0.00,0,0
34074,ON,6,0,0.00,-27.00,43.00,-3.12,146,146,0.00,0,0.00,0.00,0.00,0.25,0.00,0.00,0,0
34197,ON,6,0,0.00,-27.00,43.00,-3.12,146,146,0.00,0,0.00,0.00,0.00,0.25,0.00,0.00,0,0
34324,ON,6,0,0.00,-27.00,43.00,-3.12,146,146,0.00,0,0.00,0.00,0.00,0.25,0.00,0.00,0,0
34447,ON,6,0,0.00,-27.00,43.00,-3.12,146,146,0.00,0,0.00,0.00,0.00,0.25,0.00,0.00,0,0
34571,ON,6,0,0.00,-27.00,43.00,-3.12,146,146,0.00,0,0.00,0.00,0.00,0.25,0.00,0.00,0,0
34694,ON,6,0,0.00,-27.00,43.00,-3.12,146,146,0.00,0,0.00,0.00,0.00,0.25,0.00,0.00,0,0
34817,ON,6,0,0.00,-27.00,43.00,-3.12,146,146,0.00,0,0.00,0.00,0.00,0.25,0.00,0.00,0,0
34941,ON,6,0,0.00,-27.00,43.00,-3.12,146,146,0.00,0,0.00,0.00,0.00,0.25,0.00,0.00,0,0
35068,ON,6,0,0.00,-27.00,43.00,-3.12,146,146,0.00,0,0.00,0.00,0.00,0.25,0.00,0.00,0,0
35191,ON,6,0,0.00,-27.00,43.00,-3.12,146,146,0.00,0,0.00,0.00,0.00,0.25,0.00,0.00,0,0
35314,ON,6,0,0.00,-27.00,43.00,-3.12,146,146,0.00,0,0.00,0.00,0.00,0.25,0.00,0.00,0,0
35438,ON,6,0,0.00,-27.00,43.00,-3.12,146,146,0.00,0,0.00,0.00,0.00,0.25,0.00,0.00,0,0
35561,ON,6,0,0.00,-27.00,43.00,-3.12,146,146,0.00,0,0.00,0.00,0.00,0.25,0.00,0.00,0,0
35684,ON,6,0,0.00,-27.00,43.00,-3.12,146,146,0.00,0,0.00,0.00,0.00,0.25,0.00,0.00,0,0
35811,ON,6,0,0.00,-27.00,43.00,-3.12,146,146,0.00,0,0.00,0.00,0.00,0.25,0.00,0.00,0,0
35934,ON,6,0,0.00,-27.00,43.00,-3.12,146,146,0.00,0,0.00,0.00,0.00,0.25,0.00,0.00,0,0
36058,ON,6,0,0.00,-27.00,43.00,-3.12,146,146,0.00,0,0.00,0.00,0.00,0.25,0.00,0.00,0,0
36181,ON,6,0,0.00,-27.00,43.00,-3.12,146,146,0.00,0,0.00,0.00,0.00,0.25,0.00,0.00,0,0
36304,ON,6,0,0.00,-27.00,43.00,-3.12,146,146,0.00,0,0.00,0.00,0.00,0.25,0.00,0.00,0,0
36428,ON,6,0,0.00,-27.00,43.00,-3.12,146,146,0.00,0,0.00,0.00,0.00,0.25,0.00,0.00,0,0
36554,ON,6,0,0.00,-27.00,43.00,-3.12,146,146,0.00,0,0.00,0.00,0.00,0.25,0.00,0.00,0,0
36677,ON,6,0,0.00,-27.00,43.00,-3.12,146,146,0.00,0,0.00,0.00,0.00,0.25,0.00,0.00,0,0
36801,ON,6,0,0.00,-27.00,43.00,-3.12,146,146,0.00,0,0.00,0.00,0.00,0.25,0.00,0.00,0,0
36924,ON,6,0,0.00,-27.00,43.00,-3.12,146,146,0.00,0,0.00,0.00,0.00,0.25,0.00,0.00,0,0
37048,ON,6,0,0.00,-27.00,43.00,-3.12,146,146,0.00,0,0.00,0.00,0.00,0.25,0.00,0.00,0,0
37171,ON,6,0,0.00,-27.00,43.00,-3.12,146,146,0.00,0,0.00,0.00,0.00,0.25,0.00,0.00,0,0
37297,ON,6,0,0.00,-27.00,43.00,-3.12,146,146,0.00,0,0.00,0.00,0.00,0.25,0.00,0.00,0,0
37421,ON,6,0,0.00,-27.00,43.00,-3.12,146,146,0.00,0,0.00,0.00,0.00,0.25,0.00,0.00,0,0
37544,ON,6,0,0.00,-27.00,43.00,-3.12,146,146,0.00,0,0.00,0.00,0.00,0.25,0.00,0.00,0,0
37667,ON,6,0,0.00,-27.00,43.00,-3.12,146,146,0.00,0,0.00,0.00,0.00,0.25,0.00,0.00,0,0
37790,ON,6,0,0.00,-27.00,43.00,-3.12,146,146,0.00,0,0.00,0.00,0.00,0.25,0.00,0.00,0,0
37913,ON,6,0,0.00,-27.00,43.00,-3.12,146,146,0.00,0,0.00,0.00,0.00,0.25,0.00,0.00,0,0
38040,ON,6,0,0.00,-27.00,43.00,-3.12,146,146,0.00,0,0.00,0.00,0.00,0.25,0.00,0.00,0,0
38163,ON,6,0,0.00,-27.00,43.00,-3.12,146,146,0.00,0,0.00,0.00,0.00,0.25,0.00,0.00,0,0
38286,ON,6,0,0.00,-27.00,43.00,-3.12,146,146,0.00,0,0.00,0.00,0.00,0.25,0.00,0.00,0,0
38410,ON,6,0,0.00,-27.00,43.00,-3.12,146,146,0.00,0,0.00,0.00,0.00,0.25,0.00,0.00,0,0
38533,ON,6,0,0.00,-27.00,43.00,-3.12,146,146,0.00,0,0.00,0.00,0.00,0.25,0.00,0.00,0,0
38656,ON,6,0,0.00,-27.00,43.00,-3.12,146,146,0.00,0,0.00,0.00,0.00,0.25,0.00,0.00,0,0
38782,ON,6,0,0.00,-27.00,43.00,-3.12,146,146,0.00,0,0.00,0.00,0.00,0.25,0.00,0.00,0,0
38906,ON,6,0,0.00,-27.00,43.00,-3.12,146,146,0.00,0,0.00,0.00,0.00,0.25,0.00,0.00,0,0
39029,ON,6,0,0.00,-27.00,43.00,-3.12,146,146,0.00,0,0.00,0.00,0.00,0.25,0.00,0.00,0,0
39152,ON,6,0,0.00,-27.00,43.00,-3.12,146,146,0.00,0,0.00,0.00,0.00,0.25,0.00,0.00,0,0
39276,ON,6,0,0.00,-27.00,43.00,-3.12,146,146,0.00,0,0.00,0.00,0.00,0.25,0.00,0.00,0,0
39399,ON,6,0,0.00,-27.00,43.00,-3.12,146,146,0.00,0,0.00,0.00,0.00,0.25,0.00,0.00,0,0
39526,ON,6,0,0.00,-27.00,43.00,-3.12,146,146,0.00,0,0.00,0.00,0.00,0.25,0.00,0.00,0,0
39649,ON,6,0,0.00,-27.00,43.00,-3.12,146,146,0.00,0,0.00,0.00,0.00,0.25,0.00,0.00,0,0
39772,ON,6,0,0.00,-27.00,43.00,-3.12,146,146,0.00,0,0.00,0.00,0.00,0.25,0.00,0.00,0,0
39895,ON,6,0,0.00,-27.00,43.00,-3.12,146,146,0.00,0,0.00,0.00,0.00,0.25,0.00,0.00,0,0
40019,ON,6,0,0.00,-27.00,43.00,-3.12,146,146,0.00,0,0.00,0.00,0.00,0.25,0.00,0.00,0,0
40142,ON,6,0,0.00,-27.00,43.00,-3.12,146,146,0.00,0,0.00,0.00,0.00,0.25,0.00,0.00,0,0
40269,ON,6,0,0.00,-27.00,43.00,-3.12,146,146,0.00,0,0.00,0.00,0.00,0.25,0.00,0.00,0,0
40392,ON,6,0,0.00,-27.00,43.00,-3.12,146,146,0.00,0,0.00,0.00,0.00,0.25,0.00,0.00,0,0
40515,ON,6,0,0.00,-27.00,43.00,-3.12,146,146,0.00,0,0.00,0.00,0.00,0.25,0.00,0.00,0,0
40638,ON,6,0,0.00,-27.00,43.00,-3.12,146,146,0.00,0,0.00,0.00,0.00,0.25,0.00,0.00,0,0
40762,ON,6,0,0.00,-27.00,43.00,-3.12,146,146,0.00,0,0.00,0.00,0.00,0.25,0.00,0.00,0,0
40885,ON,6,0,0.00,-27.00,43.00,-3.12,146,146,0.00,0,0.00,0.00,0.00,0.25,0.00,0.00,0,0
41012,ON,6,0,0.00,-27.00,43.00,-3.12,146,146,0.00,0,0.00,0.00,0.00,0.25,0.00,0.00,0,0
41135,ON,6,0,0.00,-27.00,43.00,-3.12,146,146,0.00,0,0.00,0.00,0.00,0.25,0.00,0.00,0,0
41258,ON,6,0,0.00,-27.00,43.00,-3.12,146,146,0.00,0,0.00,0.00,0.00,0.25,0.00,0.00,0,0
41382,ON,6,0,0.00,-27.00,43.00,-3.12,146,146,0.00,0,0.00,0.00,0.00,0.25,0.00,0.00,0,0
41505,ON,6,0,0.00,-27.00,43.00,-3.12,146,146,0.00,0,0.00,0.00,0.00,0.25,0.00,0.00,0,0
41628,ON,6,0,0.00,-27.00,43.00,-3.12,146,146,0.00,0,0.00,0.00,0.00,0.25,0.00,0.00,0,0
41755,ON,6,0,0.00,-27.00,43.00,-3.12,146,146,0.00,0,0.00,0.00,0.00,0.25,0.00,0.00,0,0
41878,ON,6,0,0.00,-27.00,43.00,-3.12,146,146,0.00,0,0.00,0.00,0.00,0.25,0.00,0.00,0,0
42001,ON,6,0,0.00,-27.00,43.00,-3.12,146,146,0.00,0,0.00,0.00,0.00,0.25,0.00,0.00,0,0
42125,ON,6,0,0.00,-27.00,43.00,-3.12,146,146,0.00,0,0.00,0.00,0.00,0.25,0.00,0.00,0,0
42248,ON,6,0,0.00,-27.00,43.00,-3.12,146,146,0.00,0,0.00,0.00,0.00,0.25,0.00,0.00,0,0
42372,ON,6,0,0.00,-27.00,43.00,-3.12,146,146,0.00,0,0.00,0.00,0.00,0.25,0.00,0.00,0,0
42498,ON,6,0,0.00,-27.00,43.00,-3.12,146,146,0.00,0,0.00,0.00,0.00,0.25,0.00,0.00,0,0
42621,ON,6,0,0.00,-27.00,43.00,-3.12,146,146,0.00,0,0.00,0.00,0.00,0.25,0.00,0.00,0,0
42745,ON,6,0,0.00,-27.00,43.00,-3.12,146,146,0.00,0,0.00,0.00,0.00,0.25,0.00,0.00,0,0
42868,ON,6,0,0.00,-27.00,43.00,-3.12,146,146,0.00,0,0.00,0.00,0.00,0.25,0.00,0.00,0,0
42991,ON,6,0,0.00,-27.00,43.00,-3.12,146,146,0.00,0,0.00,0.00,0.00,0.25,0.00,0.00,0,0
43115,ON,6,0,0.00,-27.00,43.00,-3.12,146,146,0.00,0,0.00,0.00,0.00,0.25,0.00,0.00,0,0
43241,ON,6,0,0.00,-27.00,43.00,-3.12,146,146,0.00,0,0.00,0.00,0.00,0.25,0.00,0.00,0,0
43365,ON,6,0,0.00,-27.00,43.00,-3.12,146,146,0.00,0,0.00,0.00,0.00,0.25,0.00,0.00,0,0
43488,ON,6,0,0.00,-27.00,43.00,-3.12,146,146,0.00,0,0.00,0.00,0.00,0.25,0.00,0.00,0,0
43611,ON,6,0,0.00,-27.00,43.00,-3.12,146,146,0.00,0,0.00,0.00,0.00,0.25,0.00,0.00,0,0
43735,ON,6,0,0.00,-27.00,43.00,-3.12,146,146,0.00,0,0.00,0.00,0.00,0.25,0.00,0.00,0,0
43858,ON,6,0,0.00,-27.00,43.00,-3.12,146,146,0.00,0,0.00,0.00,0.00,0.25,0.00,0.00,0,0
43985,ON,6,0,0.00,-27.00,43.00,-3.12,146,146,0.00,0,0.00,0.00,0.00,0.25,0.00,0.00,0,0
44108,ON,6,0,0.00,-27.00,43.00,-3.12,146,146,0.00,0,0.00,0.00,0.00,0.25,0.00,0.00,0,0
44232,ON,6,0,0.00,-27.00,43.00,-3.12,146,146,0.00,0,0.00,0.00,0.00,0.25,0.00,0.00,0,0
44355,ON,6,0,0.00,-27.00,43.00,-3.12,146,146,0.00,0,0.00,0.00,0.00,0.25,0.00,0.00,0,0
44478,ON,6,0,0.00,-27.00,43.00,-3.12,146,146,0.00,0,0.00,0.00,0.00,0.25,0.00,0.00,0,0
44602,ON,6,0,0.00,-27.00,43.00,-3.12,146,146,0.00,0,0.00,0.00,0.00,0.25,0.00,0.00,0,0
44728,ON,6,0,0.00,-27.00,43.00,-3.12,146,146,0.00,0,0.00,0.00,0.00,0.25,0.00,0.00,0,0
44851,ON,6,0,0.00,-27.00,43.00,-3.12,146,146,0.00,0,0.00,0.00,0.00,0.25,0.00,0.00,0,0
44975,ON,6,0,0.00,-27.00,43.00,-3.12,146,146,0.00,0,0.00,0.00,0.00,0.25,0.00,0.00,0,0
45098,ON,6,0,0.00,-27.00,43.00,-3.12,146,146,0.00,0,0.00,0.00,0.00,0.25,0.00,0.00,0,0
