2340,OFF,0,0,0.00,-40.00,-40.00,-100.00,0,0,0.00,0,-64.00,0.00,0.00,0.00,-100.00,0.00,0,0
2465,ON,6,0,0.00,-40.00,-40.00,-100.00,0,0,0.00,0,-64.00,0.00,0.00,0.00,-100.00,0.00,0,0
2593,ON,6,0,0.00,-27.00,-40.00,-3.12,146,0,0.00,0,-64.00,0.00,0.00,0.00,-100.00,0.00,0,0
2717,ON,6,0,0.00,-27.00,43.00,-3.12,146,0,0.00,0,0.00,0.00,0.00,0.00,-100.00,0.00,0,0
2839,ON,6,0,0.00,-27.00,43.00,-3.12,146,146,0.00,0,0.00,0.00,0.00,0.25,0.00,0.00,0,0
2963,ON,6,0,0.00,-27.00,43.00,-3.12,146,146,0.00,0,0.00,0.00,0.00,0.25,0.00,0.00,0,0
3086,ON,6,0,0.00,-27.00,43.00,-3.12,146,146,0.00,0,0.00,0.00,0.00,0.25,0.00,0.00,0,0
3209,ON,6,0,0.00,-27.00,43.00,-3.12,146,146,0.00,0,0.00,0.00,0.00,0.25,0.00,0.00,0,0
3336,ON,6,0,0.00,-27.00,43.00,-3.12,146,146,0.00,0,0.00,0.00,0.00,0.25,0.00,0.00,0,0
3459,ON,6,0,0.00,-27.00,43.00,-3.12,146,146,0.00,0,0.00,0.00,0.00,0.25,0.00,0.00,0,0
3582,ON,6,0,0.00,-27.00,43.00,-3.12,146,146,0.00,0,0.00,0.00,0.00,0.25,0.00,0.00,0,0
3706,ON,6,0,0.00,-27.00,43.00,-3.12,146,146,0.00,0,0.00,0.00,0.00,0.25,0.00,0.00,0,0
3829,ON,6,0,0.00,-27.00,43.00,-3.12,146,146,0.00,0,0.00,0.00,0.00,0.25,0.00,0.00,0,0
3952,ON,6,0,0.00,-27.00,43.00,-3.12,146,146,0.00,0,0.00,0.00,0.00,0.25,0.00,0.00,0,0
4079,ON,6,0,0.00,-27.00,43.00,-3.12,146,146,0.00,0,0.00,0.00,0.00,0.25,0.00,0.00,0,0
4204,ON,6,0,0.00,-27.00,43.00,-3.12,146,146,0.00,0,0.00,0.00,0.00,0.25,0.00,0.00,0,0
