2340,OFF,0,0,0.00,-40.00,-40.00,-100.00,0,0,0.00,0,-64.00,0.00,0.00,0.00,-100.00,0.00,0,0,255,0
2466,ON,5,0,0.00,-40.00,-40.00,-100.00,0,0,0.00,0,-64.00,0.00,0.00,0.00,-100.00,0.00,0,0,255,0
2590,ON,5,0,0.00,-40.00,-40.00,-100.00,0,0,0.00,0,-64.00,0.00,0.00,0.00,-100.00,0.00,0,0,255,0
2715,ON,5,0,0.00,-40.00,-40.00,-100.00,0,0,0.00,0,-64.00,0.00,0.00,0.00,-100.00,0.00,0,0,255,0
2844,ON,5,0,0.00,-40.00,-40.00,-100.00,0,0,0.00,0,-64.00,0.00,0.00,0.00,-100.00,0.00,0,0,255,0
2969,ON,5,0,0.00,-40.00,-40.00,-100.00,0,0,0.00,0,-64.00,0.00,0.00,0.00,-100.00,0.00,0,0,255,0
3094,ON,5,0,0.00,-40.00,-40.00,-100.00,0,0,0.00,0,-64.00,0.00,0.00,0.00,-100.00,0.00,0,0,255,0
3219,ON,5,0,0.00,-40.00,-40.00,-100.00,0,0,0.00,0,-64.00,0.00,0.00,0.00,-100.00,0.00,0,0,255,0
3344,ON,5,0,0.00,-40.00,-40.00,-100.00,0,0,0.00,0,-64.00,0.00,0.00,0.00,-100.00,0.00,0,0,255,0
3586,ON,5,0,0.00,-40.00,-40.00,-100.00,0,0,0.00,0,-64.00,0.00,0.00,0.00,-100.00,0.00,0,0,255,0
3714,ON,5,0,0.00,-40.00,-40.00,-100.00,0,0,0.00,0,-64.00,0.00,0.00,0.00,-100.00,0.00,0,0,255,0
3839,ON,5,0,0.00,-40.00,-40.00,-100.00,0,0,0.00,0,-64.00,0.00,0.00,0.00,-100.00,0.00,0,0,255,0
3965,ON,5,0,0.00,-40.00,-40.00,-100.00,0,0,0.00,0,-64.00,0.00,0.00,0.00,-100.00,0.00,0,0,255,0
4090,ON,5,0,0.00,-40.00,-40.00,-100.00,0,0,0.00,0,-64.00,0.00,0.00,0.00,-100.00,0.00,0,0,255,0
4215,ON,5,0,0.00,-40.00,-40.00,-100.00,0,0,0.00,0,-64.00,0.00,0.00,0.00,-100.00,0.00,0,0,255,0
4340,ON,5,0,0.00,-40.00,-40.00,-100.00,0,0,0.00,0,-64.00,0.00,0.00,0.00,-100.00,0.00,0,0,255,0
4470,ON,5,0,0.00,-40.00,-40.00,-100.00,0,0,0.00,0,-64.00,0.00,0.00,0.00,-100.00,0.00,0,0,255,0
4594,ON,5,0,0.00,-40.00,-40.00,-100.00,0,0,0.00,0,-64.00,0.00,0.00,0.00,-100.00,0.00,0,0,255,0
4720,ON,5,0,0.00,-40.00,-40.00,-100.00,0,0,0.00,0,-64.00,0.00,0.00,0.00,-100.00,0.00,0,0,255,0
4845,ON,5,0,0.00,-40.00,-40.00,-100.00,0,0,0.00,0,-64.00,0.00,0.00,0.00,-100.00,0.00,0,0,255,0
4970,ON,5,0,0.00,-40.00,-40.00,-100.00,0,0,0.00,0,-64.00,0.00,0.00,0.00,-100.00,0.00,0,0,255,0
5095,ON,5,0,0.00,-40.00,-40.00,-100.00,0,0,0.00,0,-64.00,0.00,0.00,0.00,-100.00,0.00,0,0,255,0
5223,ON,5,0,0.00,-40.00,-40.00,-100.00,0,0,0.00,0,-64.00,0.00,0.00,0.00,-100.00,0.00,0,0,255,0
5348,ON,5,0,0.00,-40.00,-40.00,-100.00,0,0,0.00,0,-64.00,0.00,0.00,0.00,-100.00,0.00,0,0,255,0
5473,ON,5,0,0.00,-40.00,-40.00,-100.00,0,0,0.00,0,-64.00,0.00,0.00,0.00,-100.00,0.00,0,0,255,0
5599,ON,5,0,0.00,-40.00,-40.00,-100.00,0,0,0.00,0,-64.00,0.00,0.00,0.00,-100.00,0.00,0,0,255,0
5724,ON,5,0,0.00,-40.00,-40.00,-100.00,0,0,0.00,0,-64.00,0.00,0.00,0.00,-100.00,0.00,0,0,255,0
5849,ON,5,0,0.00,-40.00,-40.00,-100.00,0,0,0.00,0,-64.00,0.00,0.00,0.00,-100.00,0.00,0,0,255,0
5977,ON,5,0,0.00,-40.00,-40.00,-100.00,0,0,0.00,0,-64.00,0.00,0.00,0.00,-100.00,0.00,0,0,255,0
6102,ON,5,0,0.00,-40.00,-40.00,-100.00,0,0,0.00,0,-64.00,0.00,0.00,0.00,-100.00,0.00,0,0,255,0
6226,ON,5,0,0.00,-40.00,-40.00,-100.00,0,0,0.00,0,-64.00,0.00,0.00,0.00,-100.00,0.00,0,0,255,0
6351,ON,5,0,0.00,-40.00,-40.00,-100.00,0,0,0.00,0,-64.00,0.00,0.00,0.00,-100.00,0.00,0,0,255,0
6476,ON,5,0,0.00,-40.00,-40.00,-100.00,0,0,0.00,0,-64.00,0.00,0.00,0.00,-100.00,0.00,0,0,255,0
6601,ON,5,0,0.00,-40.00,-40.00,-100.00,0,0,0.00,0,-64.00,0.00,0.00,0.00,-100.00,0.00,0,0,255,0
6729,ON,5,0,0.00,-40.00,-40.00,-100.00,0,0,0.00,0,-64.00,0.00,0.00,0.00,-100.00,0.00,0,0,255,0
6855,ON,5,0,0.00,-40.00,-40.00,-100.00,0,0,0.00,0,-64.00,0.00,0.00,0.00,-100.00,0.00,0,0,255,0
6979,ON,5,0,0.00,-40.00,-40.00,-3.12,0,0,0.00,0,-64.00,0.00,0.00,0.00,-100.00,0.00,0,0,255,0
7103,ON,5,0,0.00,-40.00,-40.00,-3.12,0,0,0.00,0,-64.00,0.00,0.00,0.00,-100.00,0.00,0,0,255,0
7228,ON,5,0,0.00,-40.00,-40.00,-3.12,0,0,0.00,0,-64.00,0.00,0.00,0.00,-100.00,0.00,0,0,255,0
7352,ON,5,0,0.00,-40.00,-40.00,-3.12,0,0,0.00,0,-64.00,0.00,0.00,0.00,-100.00,0.00,0,0,255,0
7480,ON,5,0,0.00,-40.00,-40.00,-3.12,0,0,0.00,0,-64.00,0.00,0.00,0.00,-100.00,0.00,0,0,255,0
7604,ON,5,0,0.00,-40.00,-40.00,-3.12,0,0,0.00,0,-64.00,0.00,0.00,0.00,-100.00,0.00,0,0,255,0
7728,ON,5,0,0.00,-40.00,-40.00,-3.12,0,0,0.00,0,-64.00,0.00,0.00,0.00,-100.00,0.00,0,0,255,0
7853,ON,5,0,0.00,-40.00,-40.00,-3.12,0,0,0.00,0,-64.00,0.00,0.00,0.00,-100.00,0.00,0,0,255,0
7977,ON,5,0,0.00,-40.00,-40.00,-3.12,0,0,0.00,0,-64.00,0.00,0.00,0.00,-100.00,0.00,0,0,255,0
8101,ON,5,0,0.00,-40.00,-40.00,-3.12,0,0,0.00,0,-64.00,0.00,0.00,0.00,-100.00,0.00,0,0,255,0
8228,ON,5,0,0.00,-40.00,-40.00,-3.12,0,0,0.00,0,-64.00,0.00,0.00,0.00,-100.00,0.00,0,0,255,0
8352,ON,5,0,0.00,-40.00,-40.00,-3.12,0,0,0.00,0,-64.00,0.00,0.00,0.00,-100.00,0.00,0,0,255,0
8477,ON,5,0,0.00,-40.00,-40.00,-3.12,0,0,0.00,0,-64.00,0.00,0.00,0.00,-100.00,0.00,0,0,255,0
8602,ON,5,0,0.00,-40.00,-40.00,-3.12,0,0,0.00,0,-64.00,0.00,0.00,0.00,-100.00,0.00,0,0,255,0
8726,ON,5,0,0.00,-40.00,-40.00,-3.12,0,0,0.00,0,-64.00,0.00,0.00,0.00,-100.00,0.00,0,0,255,0
8850,ON,5,0,0.00,-40.00,-40.00,-3.12,0,0,0.00,0,-64.00,0.00,0.00,0.00,-100.00,0.00,0,0,255,0
8977,ON,5,0,0.00,-40.00,-40.00,-3.12,0,0,0.00,0,-64.00,0.00,0.00,0.00,-100.00,0.00,0,0,255,0
9103,ON,5,0,0.00,-40.00,-40.00,-3.12,0,0,0.00,0,-64.00,0.00,0.00,0.00,-100.00,0.00,0,0,255,0
9228,ON,5,0,0.00,-40.00,-40.00,-3.12,0,0,0.00,0,-64.00,0.00,0.00,0.00,-100.00,0.00,0,0,255,0
9352,ON,5,0,0.00,-40.00,-40.00,-3.12,0,0,0.00,0,-64.00,0.00,0.00,0.00,-100.00,0.00,0,0,255,0
9477,ON,5,0,0.00,-40.00,-40.00,-3.12,0,0,0.00,0,-64.00,0.00,0.00,0.00,-100.00,0.00,0,0,255,0
9601,ON,5,0,0.00,-40.00,-40.00,-3.12,0,0,0.00,0,-64.00,0.00,0.00,0.00,-100.00,0.00,0,0,255,0
9728,ON,5,0,0.00,-40.00,-40.00,-3.12,0,0,0.00,0,-64.00,0.00,0.00,0.00,-100.00,0.00,0,0,255,0
9853,ON,5,0,0.00,-40.00,-40.00,-3.12,0,0,0.00,0,-64.00,0.00,0.00,0.00,-100.00,0.00,0,0,255,0
9977,ON,5,0,0.00,-40.00,-40.00,-3.12,0,0,0.00,0,-64.00,0.00,0.00,0.00,-100.00,0.00,0,0,255,0
10101,ON,5,0,0.00,-40.00,-40.00,-3.12,0,0,0.00,0,-64.00,0.00,0.00,0.00,-100.00,0.00,0,0,255,0
10225,ON,5,0,0.00,-40.00,-40.00,-3.12,0,0,0.00,0,-64.00,0.00,0.00,0.00,-100.00,0.00,0,0,255,0
10349,ON,5,0,0.00,-40.00,-40.00,-3.12,0,0,0.00,0,-64.00,0.00,0.00,0.00,-100.00,0.00,0,0,255,0
10477,ON,5,0,0.00,-40.00,-40.00,-3.12,0,0,0.00,0,-64.00,0.00,0.00,0.00,-100.00,0.00,0,0,255,0
10601,ON,5,0,0.00,-40.00,-40.00,-3.12,0,0,0.00,0,-64.00,0.00,0.00,0.00,-100.00,0.00,0,0,255,0
10726,ON,5,0,0.00,-40.00,-40.00,-3.12,0,0,0.00,0,-64.00,0.00,0.00,0.00,-100.00,0.00,0,0,255,0
10850,ON,5,0,0.00,-40.00,-40.00,-3.12,0,0,0.00,0,-64.00,0.00,0.00,0.00,-100.00,0.00,0,0,255,0
10975,ON,5,0,0.00,-40.00,-40.00,-3.12,0,0,0.00,0,-64.00,0.00,0.00,0.00,-100.00,0.00,0,0,255,0
11100,ON,5,0,0.00,-40.00,-40.00,-3.12,0,0,0.00,0,-64.00,0.00,0.00,0.00,-100.00,0.00,0,0,255,0
11227,ON,5,0,0.00,-40.00,-40.00,-3.12,0,0,0.00,0,-64.00,0.00,0.00,0.00,-100.00,0.00,0,0,255,0
11351,ON,5,0,0.00,-40.00,-40.00,-3.12,0,0,0.00,0,-64.00,0.00,0.00,0.00,-100.00,0.00,0,0,255,0
11475,ON,5,0,0.00,-40.00,-40.00,-3.12,0,0,0.00,0,-64.00,0.00,0.00,0.00,-100.00,0.00,0,0,255,0
11600,ON,5,0,0.00,-40.00,-40.00,-3.12,0,0,0.00,0,-64.00,0.00,0.00,0.00,-100.00,0.00,0,0,255,0
11725,ON,5,0,0.00,-40.00,-40.00,-3.12,0,0,0.00,0,-64.00,0.00,0.00,0.00,-100.00,0.00,0,0,255,0
11849,ON,5,0,0.00,-40.00,-40.00,-3.12,0,0,0.00,0,-64.00,0.00,0.00,0.00,-100.00,0.00,0,0,255,0
11976,ON,5,0,0.00,-40.00,-40.00,-3.12,0,0,0.00,0,-64.00,0.00,0.00,0.00,-100.00,0.00,0,0,255,0
12101,ON,5,0,0.00,-40.00,-40.00,-3.12,0,0,0.00,0,-64.00,0.00,0.00,0.00,-100.00,0.00,0,0,255,0
12225,ON,5,0,0.00,-40.00,-40.00,-3.12,0,0,0.00,0,-64.00,0.00,0.00,0.00,-100.00,0.00,0,0,255,0
12350,ON,5,0,0.00,-40.00,-40.00,-3.12,0,0,0.00,0,-64.00,0.00,0.00,0.00,-100.00,0.00,0,0,255,0
12474,ON,5,0,0.00,-40.00,-40.00,-3.12,0,0,0.00,0,-64.00,0.00,0.00,0.00,-100.00,0.00,0,0,255,0
12598,ON,5,0,0.00,-40.00,-40.00,-3.12,0,0,0.00,0,-64.00,0.00,0.00,0.00,-100.00,0.00,0,0,255,0
12725,ON,5,0,0.00,-40.00,-40.00,-3.12,0,0,0.00,0,-64.00,0.00,0.00,0.00,-100.00,0.00,0,0,255,0
12849,ON,5,0,0.00,-40.00,-40.00,-3.12,0,0,0.00,0,-64.00,0.00,0.00,0.00,-100.00,0.00,0,0,255,0
12974,ON,5,0,0.00,-40.00,-40.00,-3.12,0,0,0.00,0,-64.00,0.00,0.00,0.00,-100.00,0.00,0,0,255,0
13098,ON,5,0,0.00,-40.00,-40.00,-3.12,0,0,0.00,0,-64.00,0.00,0.00,0.00,-100.00,0.00,0,0,255,0
13222,ON,5,0,0.00,-40.00,-40.00,-3.12,0,0,0.00,0,-64.00,0.00,0.00,0.25,0.00,0.00,0,0,255,0
13345,ON,5,0,0.00,-40.00,-40.00,-3.12,0,0,0.00,0,-64.00,0.00,0.00,0.25,0.00,0.00,0,0,255,0
13472,ON,5,0,0.00,-40.00,-40.00,-3.12,0,0,0.00,0,-64.00,0.00,0.00,0.25,0.00,0.00,0,0,255,0
13595,ON,5,0,0.00,-40.00,-40.00,-3.12,0,0,0.00,0,-64.00,0.00,0.00,0.25,0.00,0.00,0,0,255,0
13718,ON,5,0,0.00,-40.00,-40.00,-3.12,0,0,0.00,0,-64.00,0.00,0.00,0.25,0.00,0.00,0,0,255,0
13841,ON,5,0,0.00,-40.00,-40.00,-3.12,0,0,0.00,0,-64.00,0.00,0.00,0.25,0.00,0.00,0,0,255,0
13964,ON,5,0,0.00,-40.00,-40.00,-3.12,0,0,0.00,0,-64.00,0.00,0.00,0.25,0.00,0.00,0,0,255,0
14088,ON,5,0,0.00,-40.00,-40.00,-3.12,0,146,0.00,0,-64.00,0.00,0.00,0.25,0.00,0.00,0,0,255,0
14215,ON,5,0,0.00,-40.00,-40.00,-3.12,0,146,0.00,0,-64.00,0.00,0.00,0.25,0.00,0.00,0,0,255,0
14339,ON,5,0,0.00,-40.00,-40.00,-3.12,0,146,0.00,0,-64.00,0.00,0.00,0.25,0.00,0.00,0,0,255,0
14463,ON,5,0,0.00,-40.00,-40.00,-3.12,0,146,0.00,0,-64.00,0.00,0.00,0.25,0.00,0.00,0,0,255,0
14587,ON,5,0,0.00,-40.00,-40.00,-3.12,0,146,0.00,0,-64.00,0.00,0.00,0.25,0.00,0.00,0,0,255,0
14711,ON,5,0,0.00,-40.00,-40.00,-3.12,0,146,0.00,0,-64.00,0.00,0.00,0.25,0.00,0.00,0,0,255,0
14835,ON,5,0,0.00,-40.00,-40.00,-3.12,0,146,0.00,0,-64.00,0.00,0.00,0.25,0.00,0.00,0,0,255,0
14962,ON,5,0,0.00,-40.00,-40.00,-3.12,0,146,0.00,0,-64.00,0.00,0.00,0.25,0.00,0.00,0,0,255,0
15086,ON,5,0,0.00,-40.00,-40.00,-3.12,0,146,0.00,0,-64.00,0.00,0.00,0.25,0.00,0.00,0,0,255,0
15210,ON,5,0,0.00,-40.00,-40.00,-3.12,0,146,0.00,0,-64.00,0.00,0.00,0.25,0.00,0.00,0,0,255,0
15334,ON,5,0,0.00,-40.00,-40.00,-3.12,0,146,0.00,0,-64.00,0.00,0.00,0.25,0.00,0.00,0,0,255,0
15458,ON,5,0,0.00,-40.00,-40.00,-3.12,0,146,0.00,0,-64.00,0.00,0.00,0.25,0.00,0.00,0,0,255,0
15581,ON,5,0,0.00,-40.00,-40.00,-3.12,0,146,0.00,0,-64.00,0.00,0.00,0.25,0.00,0.00,0,0,255,0
15709,ON,5,0,0.00,-40.00,-40.00,-3.12,0,146,0.00,0,-64.00,0.00,0.00,0.25,0.00,0.00,0,0,255,0
15833,ON,5,0,0.00,-40.00,-40.00,-3.12,0,146,0.00,0,-64.00,0.00,0.00,0.25,0.00,0.00,0,0,255,0
15958,ON,5,0,0.00,-40.00,-40.00,-3.12,0,146,0.00,0,-64.00,0.00,0.00,0.25,0.00,0.00,0,0,255,0
16082,ON,5,0,0.00,-40.00,-40.00,-3.12,0,146,0.00,0,-64.00,0.00,0.00,0.25,0.00,0.00,0,0,255,0
16206,ON,5,0,0.00,-40.00,-40.00,-3.12,0,146,0.00,0,-64.00,0.00,0.00,0.25,0.00,0.00,0,0,255,0
16330,ON,5,0,0.00,-40.00,-40.00,-3.12,0,146,0.00,0,-64.00,0.00,0.00,0.25,0.00,0.00,0,0,255,0
16458,ON,5,0,0.00,-40.00,-40.00,-3.12,0,146,0.00,0,-64.00,0.00,0.00,0.25,0.00,0.00,0,0,255,0
16582,ON,5,0,0.00,-40.00,-40.00,-3.12,0,146,0.00,0,-64.00,0.00,0.00,0.25,0.00,0.00,0,0,255,0
16706,ON,5,0,0.00,-40.00,-40.00,-3.12,0,146,0.00,0,-64.00,0.00,0.00,0.25,0.00,0.00,0,0,255,0
16830,ON,5,0,0.00,-40.00,-40.00,-3.12,0,146,0.00,0,-64.00,0.00,0.00,0.25,0.00,0.00,0,0,255,0
16954,ON,5,0,0.00,-40.00,-40.00,-3.12,0,146,0.00,0,-64.00,0.00,0.00,0.25,0.00,0.00,0,0,255,0
17078,ON,5,0,0.00,-27.00,-40.00,-3.12,0,146,0.00,0,-64.00,0.00,0.00,0.25,0.00,0.00,0,0,255,0
17205,ON,5,0,0.00,-27.00,-40.00,-3.12,0,146,0.00,0,-64.00,0.00,0.00,0.25,0.00,0.00,0,0,255,0
17330,ON,5,0,0.00,-27.00,-40.00,-3.12,0,146,0.00,0,-64.00,0.00,0.00,0.25,0.00,0.00,0,0,255,0
17454,ON,5,0,0.00,-27.00,-40.00,-3.12,0,146,0.00,0,-64.00,0.00,0.00,0.25,0.00,0.00,0,0,255,0
17578,ON,5,0,0.00,-27.00,-40.00,-3.12,0,146,0.00,0,-64.00,0.00,0.00,0.25,0.00,0.00,0,0,255,0
17702,ON,5,0,0.00,-27.00,-40.00,-3.12,0,146,0.00,0,-64.00,0.00,0.00,0.25,0.00,0.00,0,0,255,0
17826,ON,5,0,0.00,-27.00,-40.00,-3.12,0,146,0.00,0,-64.00,0.00,0.00,0.25,0.00,0.00,0,0,255,0
17953,ON,5,0,0.00,-27.00,-40.00,-3.12,0,146,0.00,0,-64.00,0.00,0.00,0.25,0.00,0.00,0,0,255,0
18077,ON,5,0,0.00,-27.00,-40.00,-3.12,0,146,0.00,0,-64.00,0.00,0.00,0.25,0.00,0.00,0,0,255,0
18201,ON,5,0,0.00,-27.00,-40.00,-3.12,0,146,0.00,0,-64.00,0.00,0.00,0.25,0.00,0.00,0,0,255,0
18325,ON,5,0,0.00,-27.00,-40.00,-3.12,0,146,0.00,0,-64.00,0.00,0.00,0.25,0.00,0.00,0,0,255,0
18449,ON,5,0,0.00,-27.00,-40.00,-3.12,0,146,0.00,0,-64.00,0.00,0.00,0.25,0.00,0.00,0,0,255,0
18572,ON,5,0,0.00,-27.00,-40.00,-3.12,0,146,0.00,0,-64.00,0.00,0.00,0.25,0.00,0.00,0,0,255,0
18700,ON,5,0,0.00,-27.00,-40.00,-3.12,0,146,0.00,0,-64.00,0.00,0.00,0.25,0.00,0.00,0,0,255,0
18824,ON,5,0,0.00,-27.00,-40.00,-3.12,0,146,0.00,0,-64.00,0.00,0.00,0.25,0.00,0.00,0,0,255,0
18949,ON,5,0,0.00,-27.00,-40.00,-3.12,0,146,0.00,0,-64.00,0.00,0.00,0.25,0.00,0.00,0,0,255,0
19072,ON,5,0,0.00,-27.00,-40.00,-3.12,0,146,0.00,0,-64.00,0.00,0.00,0.25,0.00,0.00,0,0,255,0
19196,ON,5,0,0.00,-27.00,-40.00,-3.12,0,146,0.00,0,-64.00,0.00,0.00,0.25,0.00,0.00,0,0,255,0
19320,ON,5,0,0.00,-27.00,-40.00,-3.12,0,146,0.00,0,-64.00,0.00,0.00,0.25,0.00,0.00,0,0,255,0
19448,ON,5,0,0.00,-27.00,-40.00,-3.12,0,146,0.00,0,-64.00,0.00,0.00,0.25,0.00,0.00,0,0,255,0
19572,ON,5,0,0.00,-27.00,-40.00,-3.12,0,146,0.00,0,-64.00,0.00,0.00,0.25,0.00,0.00,0,0,255,0
19696,ON,5,0,0.00,-27.00,-40.00,-3.12,0,146,0.00,0,-64.00,0.00,0.00,0.25,0.00,0.00,0,0,255,0
19821,ON,5,0,0.00,-27.00,-40.00,-3.12,0,146,0.00,0,-64.00,0.00,0.00,0.25,0.00,0.00,0,0,255,0
19945,ON,5,0,0.00,-27.00,-40.00,-3.12,0,146,0.00,0,-64.00,0.00,0.00,0.25,0.00,0.00,0,0,255,0
20069,ON,5,0,0.00,-27.00,-40.00,-3.12,0,146,0.00,0,-64.00,0.00,0.00,0.25,0.00,0.00,0,0,255,0
20195,ON,5,0,0.00,-27.00,-40.00,-3.12,0,146,0.00,0,-64.00,0.00,0.00,0.25,0.00,0.00,0,0,255,0
20320,ON,5,0,0.00,-27.00,-40.00,-3.12,0,146,0.00,0,-64.00,0.00,0.00,0.25,0.00,0.00,0,0,255,0
20444,ON,5,0,0.00,-27.00,-40.00,-3.12,0,146,0.00,0,-64.00,0.00,0.00,0.25,0.00,0.00,0,0,255,0
20569,ON,5,0,0.00,-27.00,28.00,-3.12,0,146,0.00,0,-64.00,0.00,0.00,0.25,0.00,0.00,0,0,255,0
20692,ON,5,0,0.00,-27.00,28.00,-3.12,0,146,0.00,0,-64.00,0.00,0.00,0.25,0.00,0.00,0,0,255,0
20816,ON,5,0,0.00,-27.00,28.00,-3.12,0,146,0.00,0,-64.00,0.00,0.00,0.25,0.00,0.00,0,0,255,0
20944,ON,5,0,0.00,-27.00,28.00,-3.12,0,146,0.00,0,-64.00,0.00,0.00,0.25,0.00,0.00,0,0,255,0
21068,ON,5,0,0.00,-27.00,28.00,-3.12,0,146,0.00,0,-64.00,0.00,0.00,0.25,0.00,0.00,0,0,255,0
21191,ON,5,0,0.00,-27.00,28.00,-3.12,0,146,0.00,0,-64.00,0.00,0.00,0.25,0.00,0.00,0,0,255,0
21315,ON,5,0,0.00,-27.00,28.00,-3.12,0,146,0.00,0,-64.00,0.00,0.00,0.25,0.00,0.00,0,0,255,0
21438,ON,5,0,0.00,-27.00,28.00,-3.12,0,146,0.00,0,-64.00,0.00,0.00,0.25,0.00,0.00,0,0,255,0
21562,ON,5,0,0.00,-27.00,28.00,-3.12,0,146,0.00,0,-64.00,0.00,0.00,0.25,0.00,0.00,0,0,255,0
21688,ON,5,0,0.00,-27.00,28.00,-3.12,0,146,0.00,0,-64.00,0.00,0.00,0.25,0.00,0.00,0,0,255,0
21812,ON,5,0,0.00,-27.00,28.00,-3.12,0,146,0.00,0,-64.00,0.00,0.00,0.25,0.00,0.00,0,0,255,0
21936,ON,5,0,0.00,-27.00,28.00,-3.12,0,146,0.00,0,-64.00,0.00,0.00,0.25,0.00,0.00,0,0,255,0
22060,ON,5,0,0.00,-27.00,28.00,-3.12,0,146,0.00,0,-64.00,0.00,0.00,0.25,0.00,0.00,0,0,255,0
22183,ON,5,0,0.00,-27.00,28.00,-3.12,0,146,0.00,0,-64.00,0.00,0.00,0.25,0.00,0.00,0,0,255,0
22307,ON,5,0,0.00,-27.00,28.00,-3.12,0,146,0.00,0,-64.00,0.00,0.00,0.25,0.00,0.00,0,0,255,0
22434,ON,5,0,0.00,-27.00,28.00,-3.12,0,146,0.00,0,-64.00,0.00,0.00,0.25,0.00,0.00,0,0,255,0
22558,ON,5,0,0.00,-27.00,28.00,-3.12,0,146,0.00,0,-64.00,0.00,0.00,0.25,0.00,0.00,0,0,255,0
22682,ON,5,0,0.00,-27.00,28.00,-3.12,0,146,0.00,0,-64.00,0.00,0.00,0.25,0.00,0.00,0,0,255,0
22805,ON,5,0,0.00,-27.00,28.00,-3.12,0,146,0.00,0,-64.00,0.00,0.00,0.25,0.00,0.00,0,0,255,0
22929,ON,5,0,0.00,-27.00,28.00,-3.12,0,146,0.00,0,-64.00,0.00,0.00,0.25,0.00,0.00,0,0,255,0
23053,ON,5,0,0.00,-27.00,28.00,-3.12,0,146,0.00,0,-64.00,0.00,0.00,0.25,0.00,0.00,0,0,255,0
23180,ON,5,0,0.00,-27.00,28.00,-3.12,0,146,0.00,0,-64.00,0.00,0.00,0.25,0.00,0.00,0,0,255,0
23304,ON,5,0,0.00,-27.00,28.00,-3.12,0,146,0.00,0,-64.00,0.00,0.00,0.25,0.00,0.00,0,0,255,0
23427,ON,5,0,0.00,-27.00,28.00,-3.12,0,146,0.00,0,-64.00,0.00,0.00,0.25,0.00,0.00,0,0,255,0
23552,ON,5,0,0.00,-27.00,28.00,-3.12,0,146,0.00,0,-64.00,0.00,0.00,0.25,0.00,0.00,0,0,255,0
23675,ON,5,0,0.00,-27.00,28.00,-3.12,0,146,0.00,0,-64.00,0.00,0.00,0.25,0.00,0.00,0,0,255,0
23799,ON,5,0,0.00,-27.00,28.00,-3.12,0,146,0.00,0,-64.00,0.00,0.00,0.25,0.00,0.00,0,0,255,0
23926,ON,5,0,0.00,-27.00,28.00,-3.12,0,146,0.00,0,-64.00,0.00,0.00,0.25,0.00,0.00,0,0,255,0
24050,ON,5,0,0.00,-27.00,28.00,-3.12,0,146,0.00,0,-64.00,0.00,0.00,0.25,0.00,0.00,0,0,255,0
24174,ON,5,0,0.00,-27.00,28.00,-3.12,0,146,0.00,0,-64.00,0.00,0.00,0.25,0.00,0.00,0,0,255,0
24297,ON,5,0,0.00,-27.00,28.00,-3.12,0,146,0.00,0,-64.00,0.00,0.00,0.25,0.00,0.00,0,0,255,0
24420,ON,5,0,0.00,-27.00,28.00,-3.12,0,146,0.00,0,-64.00,0.00,0.00,0.25,0.00,0.00,0,0,255,0
24544,ON,5,0,0.00,-27.00,28.00,-3.12,0,146,0.00,0,-64.00,0.00,0.00,0.25,0.00,0.00,0,0,255,0
24670,ON,5,0,0.00,-27.00,28.00,-3.12,0,146,0.00,0,-64.00,0.00,0.00,0.25,0.00,0.00,0,0,255,0
24793,ON,5,0,0.00,-27.00,28.00,-3.12,0,146,0.00,0,-64.00,0.00,0.00,0.25,0.00,0.00,0,0,255,0
24917,ON,5,0,0.00,-27.00,28.00,-3.12,0,146,0.00,0,-64.00,0.00,0.00,0.25,0.00,0.00,0,0,255,0
25040,ON,5,0,0.00,-27.00,28.00,-3.12,0,146,0.00,0,-64.00,0.00,0.00,0.25,0.00,0.00,0,0,255,0
25164,ON,5,0,0.00,-27.00,28.00,-3.12,0,146,0.00,0,-64.00,0.00,0.00,0.25,0.00,0.00,0,0,255,0
25287,ON,5,0,0.00,-27.00,28.00,-3.12,0,146,0.00,0,-64.00,0.00,0.00,0.25,0.00,0.00,0,0,255,0
25414,ON,5,0,0.00,-27.00,28.00,-3.12,0,146,0.00,0,-64.00,0.00,0.00,0.25,0.00,0.00,0,0,255,0
25538,ON,5,0,0.00,-27.00,28.00,-3.12,0,146,0.00,0,-64.00,0.00,0.00,0.25,0.00,0.00,0,0,255,0
25662,ON,5,0,0.00,-27.00,28.00,-3.12,0,146,0.00,0,-64.00,0.00,0.00,0.25,0.00,0.00,0,0,255,0
25785,ON,5,0,0.00,-27.00,28.00,-3.12,0,146,0.00,0,-64.00,0.00,0.00,0.25,0.00,0.00,0,0,255,0
25909,ON,5,0,0.00,-27.00,28.00,-3.12,0,146,0.00,0,-64.00,0.00,0.00,0.25,0.00,0.00,0,0,255,0
26033,ON,5,0,0.00,-27.00,28.00,-3.12,0,146,0.00,0,-64.00,0.00,0.00,0.25,0.00,0.00,0,0,255,0
26160,ON,5,0,0.00,-27.00,28.00,-3.12,0,146,0.00,0,-64.00,0.00,0.00,0.25,0.00,0.00,0,0,255,0
26283,ON,5,0,0.00,-27.00,28.00,-3.12,0,146,0.00,0,-64.00,0.00,0.00,0.25,0.00,0.00,0,0,255,0
26407,ON,5,0,0.00,-27.00,28.00,-3.12,0,146,0.00,0,-64.00,0.00,0.00,0.25,0.00,0.00,0,0,255,0
26530,ON,5,0,0.00,-27.00,28.00,-3.12,0,146,0.00,0,-64.00,0.00,0.00,0.25,0.00,0.00,0,0,255,0
26654,ON,5,0,0.00,-27.00,28.00,-3.12,0,146,0.00,0,-64.00,0.00,0.00,0.25,0.00,0.00,0,0,255,0
26777,ON,5,0,0.00,-27.00,28.00,-3.12,0,146,0.00,0,-64.00,0.00,0.00,0.25,0.00,0.00,0,0,255,0
26904,ON,5,0,0.00,-27.00,28.00,-3.12,0,146,0.00,0,-64.00,0.00,0.00,0.25,0.00,0.00,0,0,255,0
27027,ON,5,0,0.00,-27.00,28.00,-3.12,0,146,0.00,0,-64.00,0.00,0.00,0.25,0.00,0.00,0,0,255,0
27151,ON,5,0,0.00,-27.00,28.00,-3.12,0,146,0.00,0,-64.00,0.00,0.00,0.25,0.00,0.00,0,0,255,0
27274,ON,5,0,0.00,-27.00,28.00,-3.12,0,146,0.00,0,-64.00,0.00,0.00,0.25,0.00,0.00,0,0,255,0
27398,ON,5,0,0.00,-27.00,28.00,-3.12,0,146,0.00,0,-64.00,0.00,0.00,0.25,0.00,0.00,0,0,255,0
27521,ON,5,0,0.00,-27.00,28.00,-3.12,0,146,0.00,0,-64.00,0.00,0.00,0.25,0.00,0.00,0,0,255,0
27648,ON,5,0,0.00,-27.00,28.00,-3.12,0,146,0.00,0,-64.00,0.00,0.00,0.25,0.00,0.00,0,0,255,0
27771,ON,5,0,0.00,-27.00,28.00,-3.12,0,146,0.00,0,-64.00,0.00,0.00,0.25,0.00,0.00,0,0,255,0
27894,ON,5,0,0.00,-27.00,28.00,-3.12,0,146,0.00,0,-64.00,0.00,0.00,0.25,0.00,0.00,0,0,255,0
28018,ON,5,0,0.00,-27.00,28.00,-3.12,0,146,0.00,0,-64.00,0.00,0.00,0.25,0.00,0.00,0,0,255,0
28141,ON,5,0,0.00,-27.00,28.00,-3.12,0,146,0.00,0,-64.00,0.00,0.00,0.25,0.00,0.00,0,0,255,0
28266,ON,5,0,0.00,-27.00,28.00,-3.12,0,146,0.00,0,-64.00,0.00,0.00,0.25,0.00,0.00,0,0,255,0
28393,ON,5,0,0.00,-27.00,28.00,-3.12,0,146,0.00,0,-64.00,0.00,0.00,0.25,0.00,0.00,0,0,255,0
28517,ON,5,0,0.00,-27.00,28.00,-3.12,0,146,0.00,0,-64.00,0.00,0.00,0.25,0.00,0.00,0,0,255,0
28640,ON,5,0,0.00,-27.00,28.00,-3.12,0,146,0.00,0,-64.00,0.00,0.00,0.25,0.00,0.00,0,0,255,0
28764,ON,5,0,0.00,-27.00,28.00,-3.12,0,146,0.00,0,-64.00,0.00,0.00,0.25,0.00,0.00,0,0,255,0
28887,ON,5,0,0.00,-27.00,28.00,-3.12,0,146,0.00,0,-64.00,0.00,0.00,0.25,0.00,0.00,0,0,255,0
29011,ON,5,0,0.00,-27.00,28.00,-3.12,0,146,0.00,0,-64.00,0.00,0.00,0.25,0.00,0.00,0,0,255,0
29137,ON,5,0,0.00,-27.00,28.00,-3.12,0,146,0.00,0,-64.00,0.00,0.00,0.25,0.00,0.00,0,0,255,0
29261,ON,5,0,0.00,-27.00,28.00,-3.12,0,146,0.00,0,-64.00,0.00,0.00,0.25,0.00,0.00,0,0,255,0
29384,ON,5,0,0.00,-27.00,28.00,-3.12,0,146,0.00,0,-64.00,0.00,0.00,0.25,0.00,0.00,0,0,255,0
29508,ON,5,0,0.00,-27.00,28.00,-3.12,0,146,0.00,0,-64.00,0.00,0.00,0.25,0.00,0.00,0,0,255,0
29631,ON,5,0,0.00,-27.00,28.00,-3.12,0,146,0.00,0,-64.00,0.00,0.00,0.25,0.00,0.00,0,0,255,0
29755,ON,5,0,0.00,-27.00,28.00,-3.12,0,146,0.00,0,-64.00,0.00,0.00,0.25,0.00,0.00,0,0,255,0
29881,ON,5,0,0.00,-27.00,28.00,-3.12,0,146,0.00,0,-64.00,0.00,0.00,0.25,0.00,0.00,0,0,255,0
30005,ON,5,0,0.00,-27.00,28.00,-3.12,0,146,0.00,0,-64.00,0.00,0.00,0.25,0.00,0.00,0,0,255,0
30129,ON,5,0,0.00,-27.00,28.00,-3.12,0,146,0.00,0,-64.00,0.00,0.00,0.25,0.00,0.00,0,0,255,0
30253,ON,5,0,0.00,-27.00,28.00,-3.12,0,146,0.00,0,-64.00,0.00,0.00,0.25,0.00,0.00,0,0,255,0
30377,ON,5,0,0.00,-27.00,28.00,-3.12,0,146,0.00,0,-64.00,0.00,0.00,0.25,0.00,0.00,0,0,255,0
30500,ON,5,0,0.00,-27.00,28.00,-3.12,0,146,0.00,0,-64.00,0.00,0.00,0.25,0.00,0.00,0,0,255,0
30627,ON,5,0,0.00,-27.00,28.00,-3.12,0,146,0.00,0,-64.00,0.00,0.00,0.25,0.00,0.00,0,0,255,0
30751,ON,5,0,0.00,-27.00,28.00,-3.12,0,146,0.00,0,-64.00,0.00,0.00,0.25,0.00,0.00,0,0,255,0
30874,ON,5,0,0.00,-27.00,28.00,-3.12,0,146,0.00,0,-64.00,0.00,0.00,0.25,0.00,0.00,0,0,255,0
30997,ON,5,0,0.00,-27.00,28.00,-3.12,0,146,0.00,0,-64.00,0.00,0.00,0.25,0.00,0.00,0,0,255,0
31121,ON,5,0,0.00,-27.00,28.00,-3.12,0,146,0.00,0,-64.00,0.00,0.00,0.25,0.00,0.00,0,0,255,0
31244,ON,5,0,0.00,-27.00,28.00,-3.12,0,146,0.00,0,-64.00,0.00,0.00,0.25,0.00,0.00,0,0,255,0
31371,ON,5,0,0.00,-27.00,28.00,-3.12,0,146,0.00,0,-64.00,0.00,0.00,0.25,0.00,0.00,0,0,255,0
31495,ON,5,0,0.00,-27.00,28.00,-3.12,0,146,0.00,0,-64.00,0.00,0.00,0.25,0.00,0.00,0,0,255,0
31618,ON,5,0,0.00,-27.00,28.00,-3.12,0,146,0.00,0,-64.00,0.00,0.00,0.25,0.00,0.00,0,0,255,0
31742,ON,5,0,0.00,-27.00,28.00,-3.12,0,146,0.00,0,-64.00,0.00,0.00,0.25,0.00,0.00,0,0,255,0
31865,ON,5,0,0.00,-27.00,28.00,-3.12,0,146,0.00,0,-64.00,0.00,0.00,0.25,0.00,0.00,0,0,255,0
31989,ON,5,0,0.00,-27.00,28.00,-3.12,0,146,0.00,0,-64.00,0.00,0.00,0.25,0.00,0.00,0,0,255,0
32115,ON,5,0,0.00,-27.00,28.00,-3.12,0,146,0.00,0,-64.00,0.00,0.00,0.25,0.00,0.00,0,0,255,0
32239,ON,5,0,0.00,-27.00,28.00,-3.12,0,146,0.00,0,-64.00,0.00,0.00,0.25,0.00,0.00,0,0,255,0
32362,ON,5,0,0.00,-27.00,28.00,-3.12,0,146,0.00,0,-64.00,0.00,0.00,0.25,0.00,0.00,0,0,255,0
32486,ON,5,0,0.00,-27.00,28.00,-3.12,0,146,0.00,0,-64.00,0.00,0.00,0.25,0.00,0.00,0,0,255,0
32610,ON,5,0,0.00,-27.00,28.00,-3.12,0,146,0.00,0,-64.00,0.00,0.00,0.25,0.00,0.00,0,0,255,0
32734,ON,5,0,0.00,-27.00,28.00,-3.12,0,146,0.00,0,-64.00,0.00,0.00,0.25,0.00,0.00,0,0,255,0
32861,ON,5,0,0.00,-27.00,28.00,-3.12,0,146,0.00,0,-64.00,0.00,0.00,0.25,0.00,0.00,0,0,255,0
32985,ON,5,0,0.00,-27.00,28.00,-3.12,0,146,0.00,0,-64.00,0.00,0.00,0.25,0.00,0.00,0,0,255,0
33108,ON,5,0,0.00,-27.00,28.00,-3.12,0,146,0.00,0,-64.00,0.00,0.00,0.25,0.00,0.00,0,0,255,0
33232,ON,5,0,0.00,-27.00,28.00,-3.12,0,146,0.00,0,-64.00,0.00,0.00,0.25,0.00,0.00,0,0,255,0
33355,ON,5,0,0.00,-27.00,28.00,-3.12,0,146,0.00,0,-64.00,0.00,0.00,0.25,0.00,0.00,0,0,255,0
33479,ON,5,0,0.00,-27.00,28.00,-3.12,0,146,0.00,0,-64.00,0.00,0.00,0.25,0.00,0.00,0,0,255,0
33605,ON,5,0,0.00,-27.00,28.00,-3.12,0,146,0.00,0,-64.00,0.00,0.00,0.25,0.00,0.00,0,0,255,0
33729,ON,5,0,0.00,-27.00,28.00,-3.12,0,146,0.00,0,-64.00,0.00,0.00,0.25,0.00,0.00,0,0,255,0
33852,ON,5,0,0.00,-27.00,28.00,-3.12,0,146,0.00,0,-64.00,0.00,0.00,0.25,0.00,0.00,0,0,255,0
33976,ON,5,0,0.00,-27.00,28.00,-3.12,0,146,0.00,0,-64.00,0.00,0.00,0.25,0.00,0.00,0,0,255,0
34099,ON,5,0,0.00,-27.00,28.00,-3.12,0,146,0.00,0,-64.00,0.00,0.00,0.25,0.00,0.00,0,0,255,0
34223,ON,5,0,0.00,-27.00,28.00,-3.12,0,146,0.00,0,-64.00,0.00,0.00,0.25,0.00,0.00,0,0,255,0
34350,ON,5,0,0.00,-27.00,28.00,-3.12,0,146,0.00,0,-64.00,0.00,0.00,0.25,0.00,0.00,0,0,255,0
34473,ON,5,0,0.00,-27.00,28.00,-3.12,0,146,0.00,0,-64.00,0.00,0.00,0.25,0.00,0.00,0,0,255,0
34598,ON,5,0,0.00,-27.00,28.00,-3.12,0,146,0.00,0,-64.00,0.00,0.00,0.25,0.00,0.00,0,0,255,0
34721,ON,5,0,0.00,-27.00,28.00,-3.12,0,146,0.00,0,-64.00,0.00,0.00,0.25,0.00,0.00,0,0,255,0
34845,ON,5,0,0.00,-27.00,28.00,-3.12,0,146,0.00,0,-64.00,0.00,0.00,0.25,0.00,0.00,0,0,255,0
34969,ON,5,0,0.00,-27.00,28.00,-3.12,0,146,0.00,0,-64.00,0.00,0.00,0.25,0.00,0.00,0,0,255,0
35095,ON,5,0,0.00,-27.00,28.00,-3.12,0,146,0.00,0,-64.00,0.00,0.00,0.25,0.00,0.00,0,0,255,0
35218,ON,5,0,0.00,-27.00,28.00,-3.12,0,146,0.00,0,-64.00,0.00,0.00,0.25,0.00,0.00,0,0,255,0
35342,ON,5,0,0.00,-27.00,28.00,-3.12,0,146,0.00,0,-64.00,0.00,0.00,0.25,0.00,0.00,0,0,255,0
35465,ON,5,0,0.00,-27.00,28.00,-3.12,0,146,0.00,0,-64.00,0.00,0.00,0.25,0.00,0.00,0,0,255,0
35589,ON,5,0,0.00,-27.00,28.00,-3.12,0,146,0.00,0,-64.00,0.00,0.00,0.25,0.00,0.00,0,0,255,0
35712,ON,5,0,0.00,-27.00,28.00,-3.12,0,146,0.00,0,-64.00,0.00,0.00,0.25,0.00,0.00,0,0,255,0
35838,ON,5,0,0.00,-27.00,28.00,-3.12,0,146,0.00,0,-64.00,0.00,0.00,0.25,0.00,0.00,0,0,255,0
35962,ON,5,0,0.00,-27.00,28.00,-3.12,0,146,0.00,0,-64.00,0.00,0.00,0.25,0.00,0.00,0,0,255,0
36085,ON,5,0,0.00,-27.00,28.00,-3.12,0,146,0.00,0,-64.00,0.00,0.00,0.25,0.00,0.00,0,0,255,0
36210,ON,5,0,0.00,-27.00,28.00,-3.12,0,146,0.00,0,-64.00,0.00,0.00,0.25,0.00,0.00,0,0,255,0
36333,ON,5,0,0.00,-27.00,28.00,-3.12,0,146,0.00,0,-64.00,0.00,0.00,0.25,0.00,0.00,0,0,255,0
36457,ON,5,0,0.00,-27.00,28.00,-3.12,0,146,0.00,0,-64.00,0.00,0.00,0.25,0.00,0.00,0,0,255,0
36588,ON,5,0,0.00,-27.00,28.00,-3.12,0,146,0.00,0,-64.00,0.00,0.00,0.25,0.00,0.00,0,0,255,0
36720,ON,5,0,0.00,-27.00,28.00,-3.12,0,146,0.00,0,-64.00,0.00,0.00,0.25,0.00,0.00,0,0,255,0
36844,ON,5,0,0.00,-27.00,28.00,-3.12,0,146,0.00,0,-64.00,0.00,0.00,0.25,0.00,0.00,0,0,255,0
36967,ON,5,0,0.00,-27.00,28.00,-3.12,0,146,0.00,0,-64.00,0.00,0.00,0.25,0.00,0.00,0,0,255,0
37091,ON,5,0,0.00,-27.00,28.00,-3.12,0,146,0.00,0,-64.00,0.00,0.00,0.25,0.00,0.00,0,0,255,0
37214,ON,5,0,0.00,-27.00,28.00,-3.12,0,146,0.00,0,-64.00,0.00,0.00,0.25,0.00,0.00,0,0,255,0
37342,ON,5,0,0.00,-27.00,28.00,-3.12,0,146,0.00,0,-64.00,0.00,0.00,0.25,0.00,0.00,0,0,255,0
37465,ON,5,0,0.00,-27.00,28.00,-3.12,0,146,0.00,0,-64.00,0.00,0.00,0.25,0.00,0.00,0,0,255,0
37590,ON,5,0,0.00,-27.00,28.00,-3.12,0,146,0.00,0,-64.00,0.00,0.00,0.25,0.00,0.00,0,0,255,0
37713,ON,5,0,0.00,-27.00,28.00,-3.12,0,146,0.00,0,-64.00,0.00,0.00,0.25,0.00,0.00,0,0,255,0
37837,ON,5,0,0.00,-27.00,28.00,-3.12,0,146,0.00,0,-64.00,0.00,0.00,0.25,0.00,0.00,0,0,255,0
37960,ON,5,0,0.00,-27.00,28.00,-3.12,0,146,0.00,0,-64.00,0.00,0.00,0.25,0.00,0.00,0,0,255,0
38088,ON,5,0,0.00,-27.00,28.00,-3.12,0,146,0.00,0,-64.00,0.00,0.00,0.25,0.00,0.00,0,0,255,0
38211,ON,5,0,0.00,-27.00,28.00,-3.12,0,146,0.00,0,-64.00,0.00,0.00,0.25,0.00,0.00,0,0,255,0
