2340,OFF,0,0,0.00,-40.00,-40.00,-100.00,0,0,0.00,0,-64.00,0.00,0.00,0.00,-100.00,0.00,0,0,255,0
2469,ON,5,0,0.00,-40.00,-40.00,-100.00,0,0,0.00,0,-64.00,0.00,0.00,0.00,-100.00,0.00,0,0,255,0
2593,ON,5,0,0.00,-27.00,-40.00,-3.12,146,0,0.00,0,-64.00,0.00,0.00,0.00,-100.00,0.00,0,0,255,0
2717,ON,5,0,0.00,-27.00,28.00,-3.12,146,0,0.00,0,0.00,0.00,0.00,0.00,-100.00,0.00,0,0,255,0
2840,ON,5,0,0.00,-27.00,28.00,-3.12,146,146,0.00,0,0.00,0.00,0.00,0.25,0.00,0.00,0,0,255,0
2964,ON,5,0,0.00,-27.00,28.00,-3.12,146,146,0.00,0,0.00,0.00,0.00,0.25,0.00,0.00,0,0,255,0
3090,ON,5,0,0.00,-27.00,28.00,-3.12,146,146,0.00,0,0.00,0.00,0.00,0.25,0.00,0.00,0,0,255,0
3213,ON,5,0,0.00,-27.00,28.00,-3.12,146,146,0.00,0,0.00,0.00,0.00,0.25,0.00,0.00,0,0,255,0
3337,ON,5,0,0.00,-27.00,28.00,-3.12,146,146,0.00,0,0.00,0.00,0.00,0.25,0.00,0.00,0,0,255,0
3460,ON,5,0,0.00,-27.00,28.00,-3.12,146,146,0.00,0,0.00,0.00,0.00,0.25,0.00,0.00,0,0,255,0
3584,ON,5,0,0.00,-27.00,28.00,-3.12,146,146,0.00,0,0.00,0.00,0.00,0.25,0.00,0.00,0,0,255,0
3707,ON,5,0,0.00,-27.00,28.00,-3.12,146,146,0.00,0,0.00,0.00,0.00,0.25,0.00,0.00,0,0,255,0
3834,ON,5,0,0.00,-27.00,28.00,-3.12,146,146,0.00,0,0.00,0.00,0.00,0.25,0.00,0.00,0,0,255,0
3958,ON,5,0,0.00,-27.00,28.00,-3.12,146,146,0.00,0,0.00,0.00,0.00,0.25,0.00,0.00,0,0,255,0
4081,ON,5,0,0.00,-27.00,28.00,-3.12,146,146,0.00,0,0.00,0.00,0.00,0.25,0.00,0.00,0,0,255,0
4205,ON,5,0,0.00,-27.00,28.00,-3.12,146,146,0.00,0,0.00,0.00,0.00,0.25,0.00,0.00,0,0,255,0
4328,ON,5,0,0.00,-27.00,28.00,-3.12,146,146,0.00,0,0.00,0.00,0.00,0.25,0.00,0.00,0,0,255,0
4452,ON,5,0,0.00,-27.00,28.00,-3.12,146,146,0.00,0,0.00,0.00,0.00,0.25,0.00,0.00,0,0,255,0
4578,ON,5,0,0.00,-27.00,28.00,-3.12,146,146,0.00,0,0.00,0.00,0.00,0.25,0.00,0.00,0,0,255,0
4702,ON,5,0,0.00,-27.00,28.00,-3.12,146,146,0.00,0,0.00,0.00,0.00,0.25,0.00,0.00,0,0,255,0
4825,ON,5,0,0.00,-27.00,29.00,-3.12,146,146,0.00,0,0.00,0.00,0.00,0.25,0.00,0.00,0,0,255,0
4949,ON,5,0,0.00,-27.00,29.00,-3.12,146,146,0.00,0,0.00,0.00,0.00,0.25,0.00,0.00,0,0,255,0
5072,ON,5,0,0.00,-27.00,29.00,-3.12,146,146,0.00,0,0.00,0.00,0.00,0.25,0.00,0.00,0,0,255,0
5196,ON,5,0,0.00,-27.00,29.00,-3.12,146,146,0.00,0,0.00,0.00,0.00,0.25,0.00,0.00,0,0,255,0
5322,ON,5,0,0.00,-27.00,28.00,-3.12,146,146,0.00,0,0.00,0.00,0.00,0.25,0.00,0.00,0,0,255,0
5446,ON,5,0,0.00,-27.00,28.00,-3.12,146,146,0.00,0,0.00,0.00,0.00,0.25,0.00,0.00,0,0,255,0
5569,ON,5,0,0.00,-27.00,28.00,-3.12,146,146,0.00,0,0.00,0.00,0.00,0.25,0.00,0.00,0,0,255,0
5693,ON,5,0,0.00,-27.00,28.00,-3.12,146,146,0.00,0,0.00,0.00,0.00,0.25,0.00,0.00,0,0,255,0
5816,ON,5,0,0.00,-27.00,28.00,-3.12,146,146,0.00,0,0.00,0.00,0.00,0.25,0.00,0.00,0,0,255,0
5939,ON,5,0,0.00,-27.00,29.00,-3.12,146,146,0.00,0,0.00,0.00,0.00,0.25,0.00,0.00,0,0,255,0
6066,ON,5,0,0.00,-27.00,29.00,-3.12,146,146,0.00,0,0.00,0.00,0.00,0.25,0.00,0.00,0,0,255,0
6190,ON,5,0,0.00,-27.00,29.00,-3.12,146,146,0.00,0,0.00,0.00,0.00,0.25,0.00,0.00,0,0,255,0
6313,ON,5,0,0.00,-27.00,29.00,-3.12,146,146,0.00,0,0.00,0.00,0.00,0.25,0.00,0.00,0,0,255,0
6437,ON,5,0,0.00,-27.00,28.00,-3.12,146,146,0.00,0,0.00,0.00,0.00,0.25,0.00,0.00,0,0,255,0
6560,ON,5,0,0.00,-27.00,28.00,-3.12,146,146,0.00,0,0.00,0.00,0.00,0.25,0.00,0.00,0,0,255,0
6684,ON,5,0,0.00,-27.00,28.00,-3.12,146,146,0.00,0,0.00,0.00,0.00,0.25,0.00,0.00,0,0,255,0
6811,ON,5,0,0.00,-27.00,28.00,-3.12,146,146,0.00,0,0.00,0.00,0.00,0.25,0.00,0.00,0,0,255,0
6934,ON,5,0,0.00,-27.00,29.00,-3.12,146,146,0.00,0,0.00,0.00,0.00,0.25,0.00,0.00,0,0,255,0
7058,ON,5,0,0.00,-27.00,29.00,-3.12,146,146,0.00,0,0.00,0.00,0.00,0.25,0.00,0.00,0,0,255,0
7181,ON,5,0,0.00,-27.00,29.00,-3.12,146,146,0.00,0,0.00,0.00,0.00,0.25,0.00,0.00,0,0,255,0
7305,ON,5,0,0.00,-27.00,29.00,-3.12,146,146,0.00,0,0.00,0.00,0.00,0.25,0.00,0.00,0,0,255,0
7428,ON,5,0,0.00,-27.00,28.00,-3.12,146,146,0.00,0,0.00,0.00,0.00,0.25,0.00,0.00,0,0,255,0
7555,ON,5,0,0.00,-27.00,28.00,-3.12,146,146,0.00,0,0.00,0.00,0.00,0.25,0.00,0.00,0,0,255,0
7678,ON,5,0,0.00,-27.00,28.00,-3.12,146,146,0.00,0,0.00,0.00,0.00,0.25,0.00,0.00,0,0,255,0
7801,ON,5,0,0.00,-27.00,28.00,-3.12,146,146,0.00,0,0.00,0.00,0.00,0.25,0.00,0.00,0,0,255,0
7925,ON,5,0,0.00,-27.00,28.00,-3.12,146,146,0.00,0,0.00,0.00,0.00,0.25,0.00,0.00,0,0,255,0
8048,ON,5,0,0.00,-27.00,28.00,-3.12,146,146,0.00,0,0.00,0.00,0.00,0.25,0.00,0.00,0,0,255,0
8172,ON,5,0,0.00,-27.00,28.00,-3.12,146,146,0.00,0,0.00,0.00,0.00,0.25,0.00,0.00,0,0,255,0
8298,ON,5,0,0.00,-27.00,28.00,-3.12,146,146,0.00,0,0.00,0.00,0.00,0.25,0.00,0.00,0,0,255,0
8422,ON,5,0,0.00,-27.00,28.00,-3.12,146,146,0.00,0,0.00,0.00,0.00,0.25,0.00,0.00,0,0,255,0
8545,ON,5,0,0.00,-27.00,28.00,-3.12,146,146,0.00,0,0.00,0.00,0.00,0.25,0.00,0.00,0,0,255,0
8669,ON,5,0,0.00,-27.00,28.00,-3.12,146,146,0.00,0,0.00,0.00,0.00,0.25,0.00,0.00,0,0,255,0
8792,ON,5,0,0.00,-27.00,28.00,-3.12,146,146,0.00,0,0.00,0.00,0.00,0.25,0.00,0.00,0,0,255,0
8916,ON,5,0,0.00,-27.00,28.00,-3.12,146,146,0.00,0,0.00,0.00,0.00,0.25,0.00,0.00,0,0,255,0
9042,ON,5,0,0.00,-27.00,28.00,-3.12,146,146,0.00,0,0.00,0.00,0.00,0.25,0.00,0.00,0,0,255,0
9166,ON,5,0,0.00,-27.00,28.00,-3.12,146,146,0.00,0,0.00,0.00,0.00,0.25,0.00,0.00,0,0,255,0
9289,ON,5,0,0.00,-27.00,28.00,-3.12,146,146,0.00,0,0.00,0.00,0.00,0.25,0.00,0.00,0,0,255,0
9413,ON,5,0,0.00,-27.00,28.00,-3.12,146,146,0.00,0,0.00,0.00,0.00,0.25,0.00,0.00,0,0,255,0
9536,ON,5,0,0.00,-27.00,28.00,-3.12,146,146,0.00,0,0.00,0.00,0.00,0.25,0.00,0.00,0,0,255,0
9660,ON,5,0,0.00,-27.00,28.00,-3.12,146,146,0.00,0,0.00,0.00,0.00,0.25,0.00,0.00,0,0,255,0
9787,ON,5,0,0.00,-27.00,28.00,-3.12,146,146,0.00,0,0.00,0.00,0.00,0.25,0.00,0.00,0,0,255,0
9910,ON,5,0,0.00,-27.00,28.00,-3.12,146,146,0.00,0,0.00,0.00,0.00,0.25,0.00,0.00,0,0,255,0
10033,ON,5,0,0.00,-27.00,28.00,-3.12,146,146,0.00,0,0.00,0.00,0.00,0.25,0.00,0.00,0,0,255,0
10157,ON,5,0,0.00,-27.00,29.00,-3.12,146,146,0.00,0,0.00,0.00,0.00,0.25,0.00,0.00,0,0,255,0
10280,ON,5,0,0.00,-27.00,29.00,-3.12,146,146,0.00,0,0.00,0.00,0.00,0.25,0.00,0.00,0,0,255,0
10404,ON,5,0,0.00,-27.00,29.00,-3.12,146,146,0.00,0,0.00,0.00,0.00,0.25,0.00,0.00,0,0,255,0
10530,ON,5,0,0.00,-27.00,29.00,-3.12,146,146,0.00,0,0.00,0.00,0.00,0.25,0.00,0.00,0,0,255,0
10654,ON,5,0,0.00,-27.00,28.00,-3.12,146,146,0.00,0,0.00,0.00,0.00,0.25,0.00,0.00,0,0,255,0
10777,ON,5,0,0.00,-27.00,28.00,-3.12,146,146,0.00,0,0.00,0.00,0.00,0.25,0.00,0.00,0,0,255,0
10901,ON,5,0,0.00,-27.00,28.00,-3.12,146,146,0.00,0,0.00,0.00,0.00,0.25,0.00,0.00,0,0,255,0
11024,ON,5,0,0.00,-27.00,28.00,-3.12,146,146,0.00,0,0.00,0.00,0.00,0.25,0.00,0.00,0,0,255,0
11148,ON,5,0,0.00,-27.00,28.00,-3.12,146,146,0.00,0,0.00,0.00,0.00,0.25,0.00,0.00,0,0,255,0
11274,ON,5,0,0.00,-27.00,28.00,-3.12,146,146,0.00,0,0.00,0.00,0.00,0.25,0.00,0.00,0,0,255,0
11398,ON,5,0,0.00,-27.00,28.00,-3.12,146,146,0.00,0,0.00,0.00,0.00,0.25,0.00,0.00,0,0,255,0
11521,ON,5,0,0.00,-27.00,28.00,-3.12,146,146,0.00,0,0.00,0.00,0.00,0.25,0.00,0.00,0,0,255,0
11645,ON,5,0,0.00,-27.00,29.00,-3.12,146,146,0.00,0,0.00,0.00,0.00,0.25,0.00,0.00,0,0,255,0
11768,ON,5,0,0.00,-27.00,29.00,-3.12,146,146,0.00,0,0.00,0.00,0.00,0.25,0.00,0.00,0,0,255,0
11892,ON,5,0,0.00,-27.00,29.00,-3.12,146,146,0.00,0,0.00,0.00,0.00,0.25,0.00,0.00,0,0,255,0
12018,ON,5,0,0.00,-27.00,29.00,-3.12,146,146,0.00,0,0.00,0.00,0.00,0.25,0.00,0.00,0,0,255,0
12142,ON,5,0,0.00,-27.00,29.00,-3.12,146,146,0.00,0,0.00,0.00,0.00,0.25,0.00,0.00,0,0,255,0
12265,ON,5,0,0.00,-27.00,28.00,-3.12,146,146,0.00,0,0.00,0.00,0.00,0.25,0.00,0.00,0,0,255,0
12389,ON,5,0,0.00,-27.00,28.00,-3.12,146,146,0.00,0,0.00,0.00,0.00,0.25,0.00,0.00,0,0,255,0
12512,ON,5,0,0.00,-27.00,28.00,-3.12,146,146,0.00,0,0.00,0.00,0.00,0.25,0.00,0.00,0,0,255,0
12636,ON,5,0,0.00,-27.00,28.00,-3.12,146,146,0.00,0,0.00,0.00,0.00,0.25,0.00,0.00,0,0,255,0
12763,ON,5,0,0.00,-27.00,29.00,-3.12,146,146,0.00,0,0.00,0.00,0.00,0.25,0.00,0.00,0,0,255,0
12886,ON,5,0,0.00,-27.00,29.00,-3.12,146,146,0.00,0,0.00,0.00,0.00,0.25,0.00,0.00,0,0,255,0
13010,ON,5,0,0.00,-27.00,29.00,-3.12,146,146,0.00,0,0.00,0.00,0.00,0.25,0.00,0.00,0,0,255,0
13133,ON,5,0,0.00,-27.00,29.00,-3.12,146,146,0.00,0,0.00,0.00,0.00,0.25,0.00,0.00,0,0,255,0
13257,ON,5,0,0.00,-27.00,29.00,-3.12,146,146,0.00,0,0.00,0.00,0.00,0.25,0.00,0.00,0,0,255,0
13380,ON,5,0,0.00,-27.00,29.00,-3.12,146,146,0.00,0,0.00,0.00,0.00,0.25,0.00,0.00,0,0,255,0
13506,ON,5,0,0.00,-27.00,29.00,-3.12,146,146,0.00,0,0.00,0.00,0.00,0.25,0.00,0.00,0,0,255,0
13630,ON,5,0,0.00,-27.00,29.00,-3.12,146,146,0.00,0,0.00,0.00,0.00,0.25,0.00,0.00,0,0,255,0
13753,ON,5,0,0.00,-27.00,28.00,-3.12,146,146,0.00,0,0.00,0.00,0.00,0.25,0.00,0.00,0,0,255,0
13876,ON,5,0,0.00,-27.00,28.00,-3.12,146,146,0.00,0,0.00,0.00,0.00,0.25,0.00,0.00,0,0,255,0
13999,ON,5,0,0.00,-27.00,28.00,-3.12,146,146,0.00,0,0.00,0.00,0.00,0.25,0.00,0.00,0,0,255,0
14123,ON,5,0,0.00,-27.00,28.00,-3.12,146,146,0.00,0,0.00,0.00,0.00,0.25,0.00,0.00,0,0,255,0
14249,ON,5,0,0.00,-27.00,28.00,-3.12,146,146,0.00,0,0.00,0.00,0.00,0.25,0.00,0.00,0,0,255,0
14373,ON,5,0,0.00,-27.00,28.00,-3.12,146,146,0.00,0,0.00,0.00,0.00,0.25,0.00,0.00,0,0,255,0
14496,ON,5,0,0.00,-27.00,28.00,-3.12,146,146,0.00,0,0.00,0.00,0.00,0.25,0.00,0.00,0,0,255,0
14620,ON,5,0,0.00,-27.00,28.00,-3.12,146,146,0.00,0,0.00,0.00,0.00,0.25,0.00,0.00,0,0,255,0
14743,ON,5,0,0.00,-27.00,28.00,-3.12,146,146,0.00,0,0.00,0.00,0.00,0.25,0.00,0.00,0,0,255,0
14867,ON,5,0,0.00,-27.00,29.00,-3.12,146,146,0.00,0,0.00,0.00,0.00,0.25,0.00,0.00,0,0,255,0
14993,ON,5,0,0.00,-27.00,29.00,-3.12,146,146,0.00,0,0.00,0.00,0.00,0.25,0.00,0.00,0,0,255,0
15117,ON,5,0,0.00,-27.00,29.00,-3.12,146,146,0.00,0,0.00,0.00,0.00,0.25,0.00,0.00,0,0,255,0
15240,ON,5,0,0.00,-27.00,29.00,-3.12,146,146,0.00,0,0.00,0.00,0.00,0.25,0.00,0.00,0,0,255,0
15364,ON,5,0,0.00,-27.00,28.00,-3.12,146,146,0.00,0,0.00,0.00,0.00,0.25,0.00,0.00,0,0,255,0
15487,ON,5,0,0.00,-27.00,28.00,-3.12,146,146,0.00,0,0.00,0.00,0.00,0.25,0.00,0.00,0,0,255,0
15611,ON,5,0,0.00,-27.00,28.00,-3.12,146,146,0.00,0,0.00,0.00,0.00,0.25,0.00,0.00,0,0,255,0
15738,ON,5,0,0.00,-27.00,28.00,-3.12,146,146,0.00,0,0.00,0.00,0.00,0.25,0.00,0.00,0,0,255,0
15862,ON,5,0,0.00,-27.00,29.00,-3.12,146,146,0.00,0,0.00,0.00,0.00,0.25,0.00,0.00,0,0,255,0
15985,ON,5,0,0.00,-27.00,29.00,-3.12,146,146,0.00,0,0.00,0.00,0.00,0.25,0.00,0.00,0,0,255,0
16109,ON,5,0,0.00,-27.00,29.00,-3.12,146,146,0.00,0,0.00,0.00,0.00,0.25,0.00,0.00,0,0,255,0
16232,ON,5,0,0.00,-27.00,29.00,-3.12,146,146,0.00,0,0.00,0.00,0.00,0.25,0.00,0.00,0,0,255,0
16356,ON,5,0,0.00,-27.00,29.00,-3.12,146,146,0.00,0,0.00,0.00,0.00,0.25,0.00,0.00,0,0,255,0
16482,ON,5,0,0.00,-27.00,29.00,-3.12,146,146,0.00,0,0.00,0.00,0.00,0.25,0.00,0.00,0,0,255,0
16606,ON,5,0,0.00,-27.00,29.00,-3.12,146,146,0.00,0,0.00,0.00,0.00,0.25,0.00,0.00,0,0,255,0
16730,ON,5,0,0.00,-27.00,29.00,-3.12,146,146,0.00,0,0.00,0.00,0.00,0.25,0.00,0.00,0,0,255,0
16853,ON,5,0,0.00,-27.00,29.00,-3.12,146,146,0.00,0,0.00,0.00,0.00,0.25,0.00,0.00,0,0,255,0
16977,ON,5,0,0.00,-27.00,28.00,-3.12,146,146,0.00,0,0.00,0.00,0.00,0.25,0.00,0.00,0,0,255,0
17100,ON,5,0,0.00,-27.00,28.00,-3.12,146,146,0.00,0,0.00,0.00,0.00,0.25,0.00,0.00,0,0,255,0
17227,ON,5,0,0.00,-27.00,28.00,-3.12,146,146,0.00,0,0.00,0.00,0.00,0.25,0.00,0.00,0,0,255,0
17351,ON,5,0,0.00,-27.00,28.00,-3.12,146,146,0.00,0,0.00,0.00,0.00,0.25,0.00,0.00,0,0,255,0
17474,ON,5,0,0.00,-27.00,28.00,-3.12,146,146,0.00,0,0.00,0.00,0.00,0.25,0.00,0.00,0,0,255,0
17597,ON,5,0,0.00,-27.00,28.00,-3.12,146,146,0.00,0,0.00,0.00,0.00,0.25,0.00,0.00,0,0,255,0
17721,ON,5,0,0.00,-27.00,28.00,-3.12,146,146,0.00,0,0.00,0.00,0.00,0.25,0.00,0.00,0,0,255,0
17844,ON,5,0,0.00,-27.00,28.00,-3.12,146,146,0.00,0,0.00,0.00,0.00,0.25,0.00,0.00,0,0,255,0
17971,ON,5,0,0.00,-27.00,29.00,-3.12,146,146,0.00,0,0.00,0.00,0.00,0.25,0.00,0.00,0,0,255,0
18094,ON,5,0,0.00,-27.00,29.00,-3.12,146,146,0.00,0,0.00,0.00,0.00,0.25,0.00,0.00,0,0,255,0
18218,ON,5,0,0.00,-27.00,29.00,-3.12,146,146,0.00,0,0.00,0.00,0.00,0.25,0.00,0.00,0,0,255,0
18341,ON,5,0,0.00,-27.00,29.00,-3.12,146,146,0.00,0,0.00,0.00,0.00,0.25,0.00,0.00,0,0,255,0
18465,ON,5,0,0.00,-27.00,29.00,-3.12,146,146,0.00,0,0.00,0.00,0.00,0.25,0.00,0.00,0,0,255,0
18588,ON,5,0,0.00,-27.00,28.00,-3.12,146,146,0.00,0,0.00,0.00,0.00,0.25,0.00,0.00,0,0,255,0
18715,ON,5,0,0.00,-27.00,28.00,-3.12,146,146,0.00,0,0.00,0.00,0.00,0.25,0.00,0.00,0,0,255,0
18839,ON,5,0,0.00,-27.00,28.00,-3.12,146,146,0.00,0,0.00,0.00,0.00,0.25,0.00,0.00,0,0,255,0
18962,ON,5,0,0.00,-27.00,28.00,-3.12,146,146,0.00,0,0.00,0.00,0.00,0.25,0.00,0.00,0,0,255,0
19086,ON,5,0,0.00,-27.00,29.00,-3.12,146,146,0.00,0,0.00,0.00,0.00,0.25,0.00,0.00,0,0,255,0
19209,ON,5,0,0.00,-27.00,29.00,-3.12,146,146,0.00,0,0.00,0.00,0.00,0.25,0.00,0.00,0,0,255,0
19332,ON,5,0,0.00,-27.00,29.00,-3.12,146,146,0.00,0,0.00,0.00,0.00,0.25,0.00,0.00,0,0,255,0
19459,ON,5,0,0.00,-27.00,29.00,-3.12,146,146,0.00,0,0.00,0.00,0.00,0.25,0.00,0.00,0,0,255,0
19583,ON,5,0,0.00,-27.00,28.00,-3.12,146,146,0.00,0,0.00,0.00,0.00,0.25,0.00,0.00,0,0,255,0
19706,ON,5,0,0.00,-27.00,28.00,-3.12,146,146,0.00,0,0.00,0.00,0.00,0.25,0.00,0.00,0,0,255,0
19829,ON,5,0,0.00,-27.00,28.00,-3.12,146,146,0.00,0,0.00,0.00,0.00,0.25,0.00,0.00,0,0,255,0
19953,ON,5,0,0.00,-27.00,28.00,-3.12,146,146,0.00,0,0.00,0.00,0.00,0.25,0.00,0.00,0,0,255,0
20076,ON,5,0,0.00,-27.00,28.00,-3.12,146,146,0.00,0,0.00,0.00,0.00,0.25,0.00,0.00,0,0,255,0
20203,ON,5,0,0.00,-27.00,28.00,-3.12,146,146,0.00,0,0.00,0.00,0.00,0.25,0.00,0.00,0,0,255,0
20326,ON,5,0,0.00,-27.00,28.00,-3.12,146,146,0.00,0,0.00,0.00,0.00,0.25,0.00,0.00,0,0,255,0
20450,ON,5,0,0.00,-27.00,28.00,-3.12,146,146,0.00,0,0.00,0.00,0.00,0.25,0.00,0.00,0,0,255,0
20573,ON,5,0,0.00,-27.00,28.00,-3.12,146,146,0.00,0,0.00,0.00,0.00,0.25,0.00,0.00,0,0,255,0
20697,ON,5,0,0.00,-27.00,28.00,-3.12,146,146,0.00,0,0.00,0.00,0.00,0.25,0.00,0.00,0,0,255,0
20820,ON,5,0,0.00,-27.00,28.00,-3.12,146,146,0.00,0,0.00,0.00,0.00,0.25,0.00,0.00,0,0,255,0
20947,ON,5,0,0.00,-27.00,28.00,-3.12,146,146,0.00,0,0.00,0.00,0.00,0.25,0.00,0.00,0,0,255,0
21070,ON,5,0,0.00,-27.00,28.00,-3.12,146,146,0.00,0,0.00,0.00,0.00,0.25,0.00,0.00,0,0,255,0
21194,ON,5,0,0.00,-27.00,29.00,-3.12,146,146,0.00,0,0.00,0.00,0.00,0.25,0.00,0.00,0,0,255,0
21317,ON,5,0,0.00,-27.00,29.00,-3.12,146,146,0.00,0,0.00,0.00,0.00,0.25,0.00,0.00,0,0,255,0
21441,ON,5,0,0.00,-27.00,29.00,-3.12,146,146,0.00,0,0.00,0.00,0.00,0.25,0.00,0.00,0,0,255,0
21564,ON,5,0,0.00,-27.00,29.00,-3.12,146,146,0.00,0,0.00,0.00,0.00,0.25,0.00,0.00,0,0,255,0
21692,ON,5,0,0.00,-27.00,28.00,-3.12,146,146,0.00,0,0.00,0.00,0.00,0.25,0.00,0.00,0,0,255,0
21815,ON,5,0,0.00,-27.00,28.00,-3.12,146,146,0.00,0,0.00,0.00,0.00,0.25,0.00,0.00,0,0,255,0
21939,ON,5,0,0.00,-27.00,28.00,-3.12,146,146,0.00,0,0.00,0.00,0.00,0.25,0.00,0.00,0,0,255,0
22062,ON,5,0,0.00,-27.00,28.00,-3.12,146,146,0.00,0,0.00,0.00,0.00,0.25,0.00,0.00,0,0,255,0
22186,ON,5,0,0.00,-27.00,28.00,-3.12,146,146,0.00,0,0.00,0.00,0.00,0.25,0.00,0.00,0,0,255,0
22309,ON,5,0,0.00,-27.00,28.00,-3.12,146,146,0.00,0,0.00,0.00,0.00,0.25,0.00,0.00,0,0,255,0
22436,ON,5,0,0.00,-27.00,28.00,-3.12,146,146,0.00,0,0.00,0.00,0.00,0.25,0.00,0.00,0,0,255,0
22559,ON,5,0,0.00,-27.00,28.00,-3.12,146,146,0.00,0,0.00,0.00,0.00,0.25,0.00,0.00,0,0,255,0
22683,ON,5,0,0.00,-27.00,28.00,-3.12,146,146,0.00,0,0.00,0.00,0.00,0.25,0.00,0.00,0,0,255,0
22806,ON,5,0,0.00,-27.00,28.00,-3.12,146,146,0.00,0,0.00,0.00,0.00,0.25,0.00,0.00,0,0,255,0
22930,ON,5,0,0.00,-27.00,28.00,-3.12,146,146,0.00,0,0.00,0.00,0.00,0.25,0.00,0.00,0,0,255,0
23053,ON,5,0,0.00,-27.00,28.00,-3.12,146,146,0.00,0,0.00,0.00,0.00,0.25,0.00,0.00,0,0,255,0
23180,ON,5,0,0.00,-27.00,28.00,-3.12,146,146,0.00,0,0.00,0.00,0.00,0.25,0.00,0.00,0,0,255,0
23304,ON,5,0,0.00,-27.00,28.00,-3.12,146,146,0.00,0,0.00,0.00,0.00,0.25,0.00,0.00,0,0,255,0
23427,ON,5,0,0.00,-27.00,28.00,-3.12,146,146,0.00,0,0.00,0.00,0.00,0.25,0.00,0.00,0,0,255,0
23551,ON,5,0,0.00,-27.00,28.00,-3.12,146,146,0.00,0,0.00,0.00,0.00,0.25,0.00,0.00,0,0,255,0
23674,ON,5,0,0.00,-27.00,28.00,-3.12,146,146,0.00,0,0.00,0.00,0.00,0.25,0.00,0.00,0,0,255,0
23798,ON,5,0,0.00,-27.00,28.00,-3.12,146,146,0.00,0,0.00,0.00,0.00,0.25,0.00,0.00,0,0,255,0
23924,ON,5,0,0.00,-27.00,28.00,-3.12,146,146,0.00,0,0.00,0.00,0.00,0.25,0.00,0.00,0,0,255,0
24048,ON,5,0,0.00,-27.00,28.00,-3.12,146,146,0.00,0,0.00,0.00,0.00,0.25,0.00,0.00,0,0,255,0
24171,ON,5,0,0.00,-27.00,28.00,-3.12,146,146,0.00,0,0.00,0.00,0.00,0.25,0.00,0.00,0,0,255,0
24295,ON,5,0,0.00,-27.00,28.00,-3.12,146,146,0.00,0,0.00,0.00,0.00,0.25,0.00,0.00,0,0,255,0
24418,ON,5,0,0.00,-27.00,28.00,-3.12,146,146,0.00,0,0.00,0.00,0.00,0.25,0.00,0.00,0,0,255,0
24541,ON,5,0,0.00,-27.00,28.00,-3.12,146,146,0.00,0,0.00,0.00,0.00,0.25,0.00,0.00,0,0,255,0
24668,ON,5,0,0.00,-27.00,28.00,-3.12,146,146,0.00,0,0.00,0.00,0.00,0.25,0.00,0.00,0,0,255,0
24791,ON,5,0,0.00,-27.00,28.00,-3.12,146,146,0.00,0,0.00,0.00,0.00,0.25,0.00,0.00,0,0,255,0
24915,ON,5,0,0.00,-27.00,28.00,-3.12,146,146,0.00,0,0.00,0.00,0.00,0.25,0.00,0.00,0,0,255,0
25038,ON,5,0,0.00,-27.00,28.00,-3.12,146,146,0.00,0,0.00,0.00,0.00,0.25,0.00,0.00,0,0,255,0
25162,ON,5,0,0.00,-27.00,28.00,-3.12,146,146,0.00,0,0.00,0.00,0.00,0.25,0.00,0.00,0,0,255,0
25285,ON,5,0,0.00,-27.00,28.00,-3.12,146,146,0.00,0,0.00,0.00,0.00,0.25,0.00,0.00,0,0,255,0
25412,ON,5,0,0.00,-27.00,28.00,-3.12,146,146,0.00,0,0.00,0.00,0.00,0.25,0.00,0.00,0,0,255,0
25535,ON,5,0,0.00,-27.00,28.00,-3.12,146,146,0.00,0,0.00,0.00,0.00,0.25,0.00,0.00,0,0,255,0
25659,ON,5,0,0.00,-27.00,28.00,-3.12,146,146,0.00,0,0.00,0.00,0.00,0.25,0.00,0.00,0,0,255,0
25782,ON,5,0,0.00,-27.00,28.00,-3.12,146,146,0.00,0,0.00,0.00,0.00,0.25,0.00,0.00,0,0,255,0
25906,ON,5,0,0.00,-27.00,28.00,-3.12,146,146,0.00,0,0.00,0.00,0.00,0.25,0.00,0.00,0,0,255,0
26029,ON,5,0,0.00,-27.00,28.00,-3.12,146,146,0.00,0,0.00,0.00,0.00,0.25,0.00,0.00,0,0,255,0
26156,ON,5,0,0.00,-27.00,28.00,-3.12,146,146,0.00,0,0.00,0.00,0.00,0.25,0.00,0.00,0,0,255,0
26280,ON,5,0,0.00,-27.00,28.00,-3.12,146,146,0.00,0,0.00,0.00,0.00,0.25,0.00,0.00,0,0,255,0
26403,ON,5,0,0.00,-27.00,28.00,-3.12,146,146,0.00,0,0.00,0.00,0.00,0.25,0.00,0.00,0,0,255,0
26526,ON,5,0,0.00,-27.00,28.00,-3.12,146,146,0.00,0,0.00,0.00,0.00,0.25,0.00,0.00,0,0,255,0
26650,ON,5,0,0.00,-27.00,28.00,-3.12,146,146,0.00,0,0.00,0.00,0.00,0.25,0.00,0.00,0,0,255,0
26773,ON,5,0,0.00,-27.00,28.00,-3.12,146,146,0.00,0,0.00,0.00,0.00,0.25,0.00,0.00,0,0,255,0
26900,ON,5,0,0.00,-27.00,28.00,-3.12,146,146,0.00,0,0.00,0.00,0.00,0.25,0.00,0.00,0,0,255,0
27024,ON,5,0,0.00,-27.00,28.00,-3.12,146,146,0.00,0,0.00,0.00,0.00,0.25,0.00,0.00,0,0,255,0
27147,ON,5,0,0.00,-27.00,28.00,-3.12,146,146,0.00,0,0.00,0.00,0.00,0.25,0.00,0.00,0,0,255,0
27271,ON,5,0,0.00,-27.00,28.00,-3.12,146,146,0.00,0,0.00,0.00,0.00,0.25,0.00,0.00,0,0,255,0
27394,ON,5,0,0.00,-27.00,28.00,-3.12,146,146,0.00,0,0.00,0.00,0.00,0.25,0.00,0.00,0,0,255,0
27518,ON,5,0,0.00,-27.00,29.00,-3.12,146,146,0.00,0,0.00,0.00,0.00,0.25,0.00,0.00,0,0,255,0
27645,ON,5,0,0.00,-27.00,29.00,-3.12,146,146,0.00,0,0.00,0.00,0.00,0.25,0.00,0.00,0,0,255,0
27768,ON,5,0,0.00,-27.00,29.00,-3.12,146,146,0.00,0,0.00,0.00,0.00,0.25,0.00,0.00,0,0,255,0
27892,ON,5,0,0.00,-27.00,29.00,-3.12,146,146,0.00,0,0.00,0.00,0.00,0.25,0.00,0.00,0,0,255,0
28015,ON,5,0,0.00,-27.00,28.00,-3.12,146,146,0.00,0,0.00,0.00,0.00,0.25,0.00,0.00,0,0,255,0
28138,ON,5,0,0.00,-27.00,28.00,-3.12,146,146,0.00,0,0.00,0.00,0.00,0.25,0.00,0.00,0,0,255,0
28262,ON,5,0,0.00,-27.00,28.00,-3.12,146,146,0.00,0,0.00,0.00,0.00,0.25,0.00,0.00,0,0,255,0
28389,ON,5,0,0.00,-27.00,28.00,-3.12,146,146,0.00,0,0.00,0.00,0.00,0.25,0.00,0.00,0,0,255,0
28512,ON,5,0,0.00,-27.00,28.00,-3.12,146,146,0.00,0,0.00,0.00,0.00,0.25,0.00,0.00,0,0,255,0
28636,ON,5,0,0.00,-27.00,28.00,-3.12,146,146,0.00,0,0.00,0.00,0.00,0.25,0.00,0.00,0,0,255,0
28759,ON,5,0,0.00,-27.00,28.00,-3.12,146,146,0.00,0,0.00,0.00,0.00,0.25,0.00,0.00,0,0,255,0
28883,ON,5,0,0.00,-27.00,28.00,-3.12,146,146,0.00,0,0.00,0.00,0.00,0.25,0.00,0.00,0,0,255,0
29006,ON,5,0,0.00,-27.00,28.00,-3.12,146,146,0.00,0,0.00,0.00,0.00,0.25,0.00,0.00,0,0,255,0
29133,ON,5,0,0.00,-27.00,28.00,-3.12,146,146,0.00,0,0.00,0.00,0.00,0.25,0.00,0.00,0,0,255,0
29257,ON,5,0,0.00,-27.00,28.00,-3.12,146,146,0.00,0,0.00,0.00,0.00,0.25,0.00,0.00,0,0,255,0
29380,ON,5,0,0.00,-27.00,28.00,-3.12,146,146,0.00,0,0.00,0.00,0.00,0.25,0.00,0.00,0,0,255,0
29504,ON,5,0,0.00,-27.00,28.00,-3.12,146,146,0.00,0,0.00,0.00,0.00,0.25,0.00,0.00,0,0,255,0
29627,ON,5,0,0.00,-27.00,29.00,-3.12,146,146,0.00,0,0.00,0.00,0.00,0.25,0.00,0.00,0,0,255,0
29751,ON,5,0,0.00,-27.00,29.00,-3.12,146,146,0.00,0,0.00,0.00,0.00,0.25,0.00,0.00,0,0,255,0
29877,ON,5,0,0.00,-27.00,29.00,-3.12,146,146,0.00,0,0.00,0.00,0.00,0.25,0.00,0.00,0,0,255,0
30001,ON,5,0,0.00,-27.00,29.00,-3.12,146,146,0.00,0,0.00,0.00,0.00,0.25,0.00,0.00,0,0,255,0
30125,ON,5,0,0.00,-27.00,28.00,-3.12,146,146,0.00,0,0.00,0.00,0.00,0.25,0.00,0.00,0,0,255,0
30248,ON,5,0,0.00,-27.00,28.00,-3.12,146,146,0.00,0,0.00,0.00,0.00,0.25,0.00,0.00,0,0,255,0
30372,ON,5,0,0.00,-27.00,28.00,-3.12,146,146,0.00,0,0.00,0.00,0.00,0.25,0.00,0.00,0,0,255,0
30496,ON,5,0,0.00,-27.00,28.00,-3.12,146,146,0.00,0,0.00,0.00,0.00,0.25,0.00,0.00,0,0,255,0
30623,ON,5,0,0.00,-27.00,29.00,-3.12,146,146,0.00,0,0.00,0.00,0.00,0.25,0.00,0.00,0,0,255,0
30746,ON,5,0,0.00,-27.00,29.00,-3.12,146,146,0.00,0,0.00,0.00,0.00,0.25,0.00,0.00,0,0,255,0
30870,ON,5,0,0.00,-27.00,29.00,-3.12,146,146,0.00,0,0.00,0.00,0.00,0.25,0.00,0.00,0,0,255,0
30993,ON,5,0,0.00,-27.00,29.00,-3.12,146,146,0.00,0,0.00,0.00,0.00,0.25,0.00,0.00,0,0,255,0
31117,ON,5,0,0.00,-27.00,29.00,-3.12,146,146,0.00,0,0.00,0.00,0.00,0.25,0.00,0.00,0,0,255,0
31240,ON,5,0,0.00,-27.00,28.00,-3.12,146,146,0.00,0,0.00,0.00,0.00,0.25,0.00,0.00,0,0,255,0
31367,ON,5,0,0.00,-27.00,28.00,-3.12,146,146,0.00,0,0.00,0.00,0.00,0.25,0.00,0.00,0,0,255,0
31490,ON,5,0,0.00,-27.00,28.00,-3.12,146,146,0.00,0,0.00,0.00,0.00,0.25,0.00,0.00,0,0,255,0
31614,ON,5,0,0.00,-27.00,28.00,-3.12,146,146,0.00,0,0.00,0.00,0.00,0.25,0.00,0.00,0,0,255,0
31737,ON,5,0,0.00,-27.00,28.00,-3.12,146,146,0.00,0,0.00,0.00,0.00,0.25,0.00,0.00,0,0,255,0
31861,ON,5,0,0.00,-27.00,28.00,-3.12,146,146,0.00,0,0.00,0.00,0.00,0.25,0.00,0.00,0,0,255,0
31984,ON,5,0,0.00,-27.00,28.00,-3.12,146,146,0.00,0,0.00,0.00,0.00,0.25,0.00,0.00,0,0,255,0
32111,ON,5,0,0.00,-27.00,28.00,-3.12,146,146,0.00,0,0.00,0.00,0.00,0.25,0.00,0.00,0,0,255,0
32234,ON,5,0,0.00,-27.00,28.00,-3.12,146,146,0.00,0,0.00,0.00,0.00,0.25,0.00,0.00,0,0,255,0
32358,ON,5,0,0.00,-27.00,28.00,-3.12,146,146,0.00,0,0.00,0.00,0.00,0.25,0.00,0.00,0,0,255,0
32481,ON,5,0,0.00,-27.00,28.00,-3.12,146,146,0.00,0,0.00,0.00,0.00,0.25,0.00,0.00,0,0,255,0
32605,ON,5,0,0.00,-27.00,28.00,-3.12,146,146,0.00,0,0.00,0.00,0.00,0.25,0.00,0.00,0,0,255,0
32728,ON,5,0,0.00,-27.00,28.00,-3.12,146,146,0.00,0,0.00,0.00,0.00,0.25,0.00,0.00,0,0,255,0
32855,ON,5,0,0.00,-27.00,28.00,-3.12,146,146,0.00,0,0.00,0.00,0.00,0.25,0.00,0.00,0,0,255,0
32978,ON,5,0,0.00,-27.00,28.00,-3.12,146,146,0.00,0,0.00,0.00,0.00,0.25,0.00,0.00,0,0,255,0
33102,ON,5,0,0.00,-27.00,28.00,-3.12,146,146,0.00,0,0.00,0.00,0.00,0.25,0.00,0.00,0,0,255,0
33225,ON,5,0,0.00,-27.00,28.00,-3.12,146,146,0.00,0,0.00,0.00,0.00,0.25,0.00,0.00,0,0,255,0
33348,ON,5,0,0.00,-27.00,28.00,-3.12,146,146,0.00,0,0.00,0.00,0.00,0.25,0.00,0.00,0,0,255,0
33472,ON,5,0,0.00,-27.00,28.00,-3.12,146,146,0.00,0,0.00,0.00,0.00,0.25,0.00,0.00,0,0,255,0
33599,ON,5,0,0.00,-27.00,28.00,-3.12,146,146,0.00,0,0.00,0.00,0.00,0.25,0.00,0.00,0,0,255,0
33722,ON,5,0,0.00,-27.00,28.00,-3.12,146,146,0.00,0,0.00,0.00,0.00,0.25,0.00,0.00,0,0,255,0
33846,ON,5,0,0.00,-27.00,28.00,-3.12,146,146,0.00,0,0.00,0.00,0.00,0.25,0.00,0.00,0,0,255,0
33969,ON,5,0,0.00,-27.00,28.00,-3.12,146,146,0.00,0,0.00,0.00,0.00,0.25,0.00,0.00,0,0,255,0
34093,ON,5,0,0.00,-27.00,28.00,-3.12,146,146,0.00,0,0.00,0.00,0.00,0.25,0.00,0.00,0,0,255,0
34216,ON,5,0,0.00,-27.00,28.00,-3.12,146,146,0.00,0,0.00,0.00,0.00,0.25,0.00,0.00,0,0,255,0
34343,ON,5,0,0.00,-27.00,28.00,-3.12,146,146,0.00,0,0.00,0.00,0.00,0.25,0.00,0.00,0,0,255,0
34466,ON,5,0,0.00,-27.00,28.00,-3.12,146,146,0.00,0,0.00,0.00,0.00,0.25,0.00,0.00,0,0,255,0
34590,ON,5,0,0.00,-27.00,28.00,-3.12,146,146,0.00,0,0.00,0.00,0.00,0.25,0.00,0.00,0,0,255,0
34713,ON,5,0,0.00,-27.00,28.00,-3.12,146,146,0.00,0,0.00,0.00,0.00,0.25,0.00,0.00,0,0,255,0
34837,ON,5,0,0.00,-27.00,29.00,-3.12,146,146,0.00,0,0.00,0.00,0.00,0.25,0.00,0.00,0,0,255,0
34960,ON,5,0,0.00,-27.00,29.00,-3.12,146,146,0.00,0,0.00,0.00,0.00,0.25,0.00,0.00,0,0,255,0
35087,ON,5,0,0.00,-27.00,29.00,-3.12,146,146,0.00,0,0.00,0.00,0.00,0.25,0.00,0.00,0,0,255,0
35210,ON,5,0,0.00,-27.00,29.00,-3.12,146,146,0.00,0,0.00,0.00,0.00,0.25,0.00,0.00,0,0,255,0
35333,ON,5,0,0.00,-27.00,29.00,-3.12,146,146,0.00,0,0.00,0.00,0.00,0.25,0.00,0.00,0,0,255,0
35457,ON,5,0,0.00,-27.00,28.00,-3.12,146,146,0.00,0,0.00,0.00,0.00,0.25,0.00,0.00,0,0,255,0
35580,ON,5,0,0.00,-27.00,28.00,-3.12,146,146,0.00,0,0.00,0.00,0.00,0.25,0.00,0.00,0,0,255,0
35704,ON,5,0,0.00,-27.00,28.00,-3.12,146,146,0.00,0,0.00,0.00,0.00,0.25,0.00,0.00,0,0,255,0
35830,ON,5,0,0.00,-27.00,28.00,-3.12,146,146,0.00,0,0.00,0.00,0.00,0.25,0.00,0.00,0,0,255,0
35954,ON,5,0,0.00,-27.00,28.00,-3.12,146,146,0.00,0,0.00,0.00,0.00,0.25,0.00,0.00,0,0,255,0
36077,ON,5,0,0.00,-27.00,28.00,-3.12,146,146,0.00,0,0.00,0.00,0.00,0.25,0.00,0.00,0,0,255,0
36201,ON,5,0,0.00,-27.00,28.00,-3.12,146,146,0.00,0,0.00,0.00,0.00,0.25,0.00,0.00,0,0,255,0
36324,ON,5,0,0.00,-27.00,28.00,-3.12,146,146,0.00,0,0.00,0.00,0.00,0.25,0.00,0.00,0,0,255,0
36448,ON,5,0,0.00,-27.00,28.00,-3.12,146,146,0.00,0,0.00,0.00,0.00,0.25,0.00,0.00,0,0,255,0
36575,ON,5,0,0.00,-27.00,28.00,-3.12,146,146,0.00,0,0.00,0.00,0.00,0.25,0.00,0.00,0,0,255,0
36699,ON,5,0,0.00,-27.00,28.00,-3.12,146,146,0.00,0,0.00,0.00,0.00,0.25,0.00,0.00,0,0,255,0
36822,ON,5,0,0.00,-27.00,28.00,-3.12,146,146,0.00,0,0.00,0.00,0.00,0.25,0.00,0.00,0,0,255,0
36946,ON,5,0,0.00,-27.00,28.00,-3.12,146,146,0.00,0,0.00,0.00,0.00,0.25,0.00,0.00,0,0,255,0
37069,ON,5,0,0.00,-27.00,28.00,-3.12,146,146,0.00,0,0.00,0.00,0.00,0.25,0.00,0.00,0,0,255,0
37199,ON,5,0,0.00,-27.00,28.00,-3.12,146,146,0.00,0,0.00,0.00,0.00,0.25,0.00,0.00,0,0,255,0
37325,ON,5,0,0.00,-27.00,28.00,-3.12,146,146,0.00,0,0.00,0.00,0.00,0.25,0.00,0.00,0,0,255,0
37449,ON,5,0,0.00,-27.00,28.00,-3.12,146,146,0.00,0,0.00,0.00,0.00,0.25,0.00,0.00,0,0,255,0
37572,ON,5,0,0.00,-27.00,28.00,-3.12,146,146,0.00,0,0.00,0.00,0.00,0.25,0.00,0.00,0,0,255,0
37696,ON,5,0,0.00,-27.00,28.00,-3.12,146,146,0.00,0,0.00,0.00,0.00,0.25,0.00,0.00,0,0,255,0
37819,ON,5,0,0.00,-27.00,28.00,-3.12,146,146,0.00,0,0.00,0.00,0.00,0.25,0.00,0.00,0,0,255,0
37943,ON,5,0,0.00,-27.00,28.00,-3.12,146,146,0.00,0,0.00,0.00,0.00,0.25,0.00,0.00,0,0,255,0
38069,ON,5,0,0.00,-27.00,28.00,-3.12,146,146,0.00,0,0.00,0.00,0.00,0.25,0.00,0.00,0,0,255,0
38193,ON,5,0,0.00,-27.00,28.00,-3.12,146,146,0.00,0,0.00,0.00,0.00,0.25,0.00,0.00,0,0,255,0
38316,ON,5,0,0.00,-27.00,28.00,-3.12,146,146,0.00,0,0.00,0.00,0.00,0.25,0.00,0.00,0,0,255,0
38440,ON,5,0,0.00,-27.00,28.00,-3.12,146,146,0.00,0,0.00,0.00,0.00,0.25,0.00,0.00,0,0,255,0
38563,ON,5,0,0.00,-27.00,28.00,-3.12,146,146,0.00,0,0.00,0.00,0.00,0.25,0.00,0.00,0,0,255,0
38687,ON,5,0,0.00,-27.00,28.00,-3.12,146,146,0.00,0,0.00,0.00,0.00,0.25,0.00,0.00,0,0,255,0
38814,ON,5,0,0.00,-27.00,28.00,-3.12,146,146,0.00,0,0.00,0.00,0.00,0.25,0.00,0.00,0,0,255,0
38937,ON,5,0,0.00,-27.00,28.00,-3.12,146,146,0.00,0,0.00,0.00,0.00,0.25,0.00,0.00,0,0,255,0
39061,ON,5,0,0.00,-27.00,28.00,-3.12,146,146,0.00,0,0.00,0.00,0.00,0.25,0.00,0.00,0,0,255,0
39184,ON,5,0,0.00,-27.00,28.00,-3.12,146,146,0.00,0,0.00,0.00,0.00,0.25,0.00,0.00,0,0,255,0
39308,ON,5,0,0.00,-27.00,28.00,-3.12,146,146,0.00,0,0.00,0.00,0.00,0.25,0.00,0.00,0,0,255,0
39431,ON,5,0,0.00,-27.00,28.00,-3.12,146,146,0.00,0,0.00,0.00,0.00,0.25,0.00,0.00,0,0,255,0
39558,ON,5,0,0.00,-27.00,28.00,-3.12,146,146,0.00,0,0.00,0.00,0.00,0.25,0.00,0.00,0,0,255,0
39682,ON,5,0,0.00,-27.00,28.00,-3.12,146,146,0.00,0,0.00,0.00,0.00,0.25,0.00,0.00,0,0,255,0
39805,ON,5,0,0.00,-27.00,28.00,-3.12,146,146,0.00,0,0.00,0.00,0.00,0.25,0.00,0.00,0,0,255,0
39929,ON,5,0,0.00,-27.00,28.00,-3.12,146,146,0.00,0,0.00,0.00,0.00,0.25,0.00,0.00,0,0,255,0
40052,ON,5,0,0.00,-27.00,28.00,-3.12,146,146,0.00,0,0.00,0.00,0.00,0.25,0.00,0.00,0,0,255,0
40175,ON,5,0,0.00,-27.00,28.00,-3.12,146,146,0.00,0,0.00,0.00,0.00,0.25,0.00,0.00,0,0,255,0
40302,ON,5,0,0.00,-27.00,28.00,-3.12,146,146,0.00,0,0.00,0.00,0.00,0.25,0.00,0.00,0,0,255,0
40425,ON,5,0,0.00,-27.00,28.00,-3.12,146,146,0.00,0,0.00,0.00,0.00,0.25,0.00,0.00,0,0,255,0
40549,ON,5,0,0.00,-27.00,28.00,-3.12,146,146,0.00,0,0.00,0.00,0.00,0.25,0.00,0.00,0,0,255,0
40672,ON,5,0,0.00,-27.00,28.00,-3.12,146,146,0.00,0,0.00,0.00,0.00,0.25,0.00,0.00,0,0,255,0
40796,ON,5,0,0.00,-27.00,28.00,-3.12,146,146,0.00,0,0.00,0.00,0.00,0.25,0.00,0.00,0,0,255,0
40919,ON,5,0,0.00,-27.00,28.00,-3.12,146,146,0.00,0,0.00,0.00,0.00,0.25,0.00,0.00,0,0,255,0
41046,ON,5,0,0.00,-27.00,28.00,-3.12,146,146,0.00,0,0.00,0.00,0.00,0.25,0.00,0.00,0,0,255,0
41170,ON,5,0,0.00,-27.00,28.00,-3.12,146,146,0.00,0,0.00,0.00,0.00,0.25,0.00,0.00,0,0,255,0
41293,ON,5,0,0.00,-27.00,28.00,-3.12,146,146,0.00,0,0.00,0.00,0.00,0.25,0.00,0.00,0,0,255,0
41416,ON,5,0,0.00,-27.00,28.00,-3.12,146,146,0.00,0,0.00,0.00,0.00,0.25,0.00,0.00,0,0,255,0
41540,ON,5,0,0.00,-27.00,28.00,-3.12,146,146,0.00,0,0.00,0.00,0.00,0.25,0.00,0.00,0,0,255,0
41663,ON,5,0,0.00,-27.00,28.00,-3.12,146,146,0.00,0,0.00,0.00,0.00,0.25,0.00,0.00,0,0,255,0
41790,ON,5,0,0.00,-27.00,28.00,-3.12,146,146,0.00,0,0.00,0.00,0.00,0.25,0.00,0.00,0,0,255,0
41913,ON,5,0,0.00,-27.00,28.00,-3.12,146,146,0.00,0,0.00,0.00,0.00,0.25,0.00,0.00,0,0,255,0
42037,ON,5,0,0.00,-27.00,28.00,-3.12,146,146,0.00,0,0.00,0.00,0.00,0.25,0.00,0.00,0,0,255,0
42160,ON,5,0,0.00,-27.00,28.00,-3.12,146,146,0.00,0,0.00,0.00,0.00,0.25,0.00,0.00,0,0,255,0
42284,ON,5,0,0.00,-27.00,29.00,-3.12,146,146,0.00,0,0.00,0.00,0.00,0.25,0.00,0.00,0,0,255,0
42407,ON,5,0,0.00,-27.00,29.00,-3.12,146,146,0.00,0,0.00,0.00,0.00,0.25,0.00,0.00,0,0,255,0
42534,ON,5,0,0.00,-27.00,29.00,-3.12,146,146,0.00,0,0.00,0.00,0.00,0.25,0.00,0.00,0,0,255,0
42657,ON,5,0,0.00,-27.00,29.00,-3.12,146,146,0.00,0,0.00,0.00,0.00,0.25,0.00,0.00,0,0,255,0
42781,ON,5,0,0.00,-27.00,28.00,-3.12,146,146,0.00,0,0.00,0.00,0.00,0.25,0.00,0.00,0,0,255,0
42904,ON,5,0,0.00,-27.00,28.00,-3.12,146,146,0.00,0,0.00,0.00,0.00,0.25,0.00,0.00,0,0,255,0
43028,ON,5,0,0.00,-27.00,28.00,-3.12,146,146,0.00,0,0.00,0.00,0.00,0.25,0.00,0.00,0,0,255,0
43151,ON,5,0,0.00,-27.00,28.00,-3.12,146,146,0.00,0,0.00,0.00,0.00,0.25,0.00,0.00,0,0,255,0
43278,ON,5,0,0.00,-27.00,28.00,-3.12,146,146,0.00,0,0.00,0.00,0.00,0.25,0.00,0.00,0,0,255,0
43401,ON,5,0,0.00,-27.00,28.00,-3.12,146,146,0.00,0,0.00,0.00,0.00,0.25,0.00,0.00,0,0,255,0
43525,ON,5,0,0.00,-27.00,28.00,-3.12,146,146,0.00,0,0.00,0.00,0.00,0.25,0.00,0.00,0,0,255,0
43648,ON,5,0,0.00,-27.00,28.00,-3.12,146,146,0.00,0,0.00,0.00,0.00,0.25,0.00,0.00,0,0,255,0
43772,ON,5,0,0.00,-27.00,28.00,-3.12,146,146,0.00,0,0.00,0.00,0.00,0.25,0.00,0.00,0,0,255,0
43895,ON,5,0,0.00,-27.00,28.00,-3.12,146,146,0.00,0,0.00,0.00,0.00,0.25,0.00,0.00,0,0,255,0
44022,ON,5,0,0.00,-27.00,28.00,-3.12,146,146,0.00,0,0.00,0.00,0.00,0.25,0.00,0.00,0,0,255,0
44145,ON,5,0,0.00,-27.00,28.00,-3.12,146,146,0.00,0,0.00,0.00,0.00,0.25,0.00,0.00,0,0,255,0
44269,ON,5,0,0.00,-27.00,28.00,-3.12,146,146,0.00,0,0.00,0.00,0.00,0.25,0.00,0.00,0,0,255,0
44392,ON,5,0,0.00,-27.00,29.00,-3.12,146,146,0.00,0,0.00,0.00,0.00,0.25,0.00,0.00,0,0,255,0
44516,ON,5,0,0.00,-27.00,29.00,-3.12,146,146,0.00,0,0.00,0.00,0.00,0.25,0.00,0.00,0,0,255,0
44639,ON,5,0,0.00,-27.00,29.00,-3.12,146,146,0.00,0,0.00,0.00,0.00,0.25,0.00,0.00,0,0,255,0
44766,ON,5,0,0.00,-27.00,29.00,-3.12,146,146,0.00,0,0.00,0.00,0.00,0.25,0.00,0.00,0,0,255,0
44889,ON,5,0,0.00,-27.00,29.00,-3.12,146,146,0.00,0,0.00,0.00,0.00,0.25,0.00,0.00,0,0,255,0
45013,ON,5,0,0.00,-27.00,29.00,-3.12,146,146,0.00,0,0.00,0.00,0.00,0.25,0.00,0.00,0,0,255,0
45136,ON,5,0,0.00,-27.00,29.00,-3.12,146,146,0.00,0,0.00,0.00,0.00,0.25,0.00,0.00,0,0,255,0
45260,ON,5,0,0.00,-27.00,29.00,-3.12,146,146,0.00,0,0.00,0.00,0.00,0.25,0.00,0.00,0,0,255,0
45383,ON,5,0,0.00,-27.00,28.00,-3.12,146,146,0.00,0,0.00,0.00,0.00,0.25,0.00,0.00,0,0,255,0
45510,ON,5,0,0.00,-27.00,28.00,-3.12,146,146,0.00,0,0.00,0.00,0.00,0.25,0.00,0.00,0,0,255,0
45633,ON,5,0,0.00,-27.00,28.00,-3.12,146,146,0.00,0,0.00,0.00,0.00,0.25,0.00,0.00,0,0,255,0
45757,ON,5,0,0.00,-27.00,28.00,-3.12,146,146,0.00,0,0.00,0.00,0.00,0.25,0.00,0.00,0,0,255,0
45880,ON,5,0,0.00,-27.00,28.00,-3.12,146,146,0.00,0,0.00,0.00,0.00,0.25,0.00,0.00,0,0,255,0
46004,ON,5,0,0.00,-27.00,28.00,-3.12,146,146,0.00,0,0.00,0.00,0.00,0.25,0.00,0.00,0,0,255,0
46131,ON,5,0,0.00,-27.00,28.00,-3.12,146,146,0.00,0,0.00,0.00,0.00,0.25,0.00,0.00,0,0,255,0
46254,ON,5,0,0.00,-27.00,28.00,-3.12,146,146,0.00,0,0.00,0.00,0.00,0.25,0.00,0.00,0,0,255,0
46378,ON,5,0,0.00,-27.00,28.00,-3.12,146,146,0.00,0,0.00,0.00,0.00,0.25,0.00,0.00,0,0,255,0
46501,ON,5,0,0.00,-27.00,28.00,-3.12,146,146,0.00,0,0.00,0.00,0.00,0.25,0.00,0.00,0,0,255,0
46624,ON,5,0,0.00,-27.00,28.00,-3.12,146,146,0.00,0,0.00,0.00,0.00,0.25,0.00,0.00,0,0,255,0
46748,ON,5,0,0.00,-27.00,28.00,-3.12,146,146,0.00,0,0.00,0.00,0.00,0.25,0.00,0.00,0,0,255,0
46874,ON,5,0,0.00,-27.00,28.00,-3.12,146,146,0.00,0,0.00,0.00,0.00,0.25,0.00,0.00,0,0,255,0
46998,ON,5,0,0.00,-27.00,28.00,-3.12,146,146,0.00,0,0.00,0.00,0.00,0.25,0.00,0.00,0,0,255,0
47121,ON,5,0,0.00,-27.00,28.00,-3.12,146,146,0.00,0,0.00,0.00,0.00,0.25,0.00,0.00,0,0,255,0
47245,ON,5,0,0.00,-27.00,28.00,-3.12,146,146,0.00,0,0.00,0.00,0.00,0.25,0.00,0.00,0,0,255,0
47368,ON,5,0,0.00,-27.00,28.00,-3.12,146,146,0.00,0,0.00,0.00,0.00,0.25,0.00,0.00,0,0,255,0
47492,ON,5,0,0.00,-27.00,28.00,-3.12,146,146,0.00,0,0.00,0.00,0.00,0.25,0.00,0.00,0,0,255,0
47618,ON,5,0,0.00,-27.00,28.00,-3.12,146,146,0.00,0,0.00,0.00,0.00,0.25,0.00,0.00,0,0,255,0
47742,ON,5,0,0.00,-27.00,28.00,-3.12,146,146,0.00,0,0.00,0.00,0.00,0.25,0.00,0.00,0,0,255,0
47865,ON,5,0,0.00,-27.00,28.00,-3.12,146,146,0.00,0,0.00,0.00,0.00,0.25,0.00,0.00,0,0,255,0
47989,ON,5,0,0.00,-27.00,28.00,-3.12,146,146,0.00,0,0.00,0.00,0.00,0.25,0.00,0.00,0,0,255,0
48112,ON,5,0,0.00,-27.00,29.00,-3.12,146,146,0.00,0,0.00,0.00,0.00,0.25,0.00,0.00,0,0,255,0
48236,ON,5,0,0.00,-27.00,29.00,-3.12,146,146,0.00,0,0.00,0.00,0.00,0.25,0.00,0.00,0,0,255,0
48362,ON,5,0,0.00,-27.00,29.00,-3.12,146,146,0.00,0,0.00,0.00,0.00,0.25,0.00,0.00,0,0,255,0
48486,ON,5,0,0.00,-27.00,29.00,-3.12,146,146,0.00,0,0.00,0.00,0.00,0.25,0.00,0.00,0,0,255,0
48609,ON,5,0,0.00,-27.00,28.00,-3.12,146,146,0.00,0,0.00,0.00,0.00,0.25,0.00,0.00,0,0,255,0
48733,ON,5,0,0.00,-27.00,28.00,-3.12,146,146,0.00,0,0.00,0.00,0.00,0.25,0.00,0.00,0,0,255,0
48857,ON,5,0,0.00,-27.00,28.00,-3.12,146,146,0.00,0,0.00,0.00,0.00,0.25,0.00,0.00,0,0,255,0
48980,ON,5,0,0.00,-27.00,28.00,-3.12,146,146,0.00,0,0.00,0.00,0.00,0.25,0.00,0.00,0,0,255,0
49107,ON,5,0,0.00,-27.00,28.00,-3.12,146,146,0.00,0,0.00,0.00,0.00,0.25,0.00,0.00,0,0,255,0
49230,ON,5,0,0.00,-27.00,28.00,-3.12,146,146,0.00,0,0.00,0.00,0.00,0.25,0.00,0.00,0,0,255,0
49354,ON,5,0,0.00,-27.00,28.00,-3.12,146,146,0.00,0,0.00,0.00,0.00,0.25,0.00,0.00,0,0,255,0
49477,ON,5,0,0.00,-27.00,28.00,-3.12,146,146,0.00,0,0.00,0.00,0.00,0.25,0.00,0.00,0,0,255,0
49601,ON,5,0,0.00,-27.00,29.00,-3.12,146,146,0.00,0,0.00,0.00,0.00,0.25,0.00,0.00,0,0,255,0
49724,ON,5,0,0.00,-27.00,29.00,-3.12,146,146,0.00,0,0.00,0.00,0.00,0.25,0.00,0.00,0,0,255,0
49851,ON,5,0,0.00,-27.00,29.00,-3.12,146,146,0.00,0,0.00,0.00,0.00,0.25,0.00,0.00,0,0,255,0
49974,ON,5,0,0.00,-27.00,29.00,-3.12,146,146,0.00,0,0.00,0.00,0.00,0.25,0.00,0.00,0,0,255,0
50098,ON,5,0,0.00,-27.00,29.00,-3.12,146,146,0.00,0,0.00,0.00,0.00,0.25,0.00,0.00,0,0,255,0
50221,ON,5,0,0.00,-27.00,29.00,-3.12,146,146,0.00,0,0.00,0.00,0.00,0.25,0.00,0.00,0,0,255,0
50345,ON,5,0,0.00,-27.00,29.00,-3.12,146,146,0.00,0,0.00,0.00,0.00,0.25,0.00,0.00,0,0,255,0
50468,ON,5,0,0.00,-27.00,29.00,-3.12,146,146,0.00,0,0.00,0.00,0.00,0.25,0.00,0.00,0,0,255,0
50595,ON,5,0,0.00,-27.00,29.00,-3.12,146,146,0.00,0,0.00,0.00,0.00,0.25,0.00,0.00,0,0,255,0
50719,ON,5,0,0.00,-27.00,29.00,-3.12,146,146,0.00,0,0.00,0.00,0.00,0.25,0.00,0.00,0,0,255,0
50842,ON,5,0,0.00,-27.00,29.00,-3.12,146,146,0.00,0,0.00,0.00,0.00,0.25,0.00,0.00,0,0,255,0
50966,ON,5,0,0.00,-27.00,29.00,-3.12,146,146,0.00,0,0.00,0.00,0.00,0.25,0.00,0.00,0,0,255,0
51089,ON,5,0,0.00,-27.00,29.00,-3.12,146,146,0.00,0,0.00,0.00,0.00,0.25,0.00,0.00,0,0,255,0
51213,ON,5,0,0.00,-27.00,28.00,-3.12,146,146,0.00,0,0.00,0.00,0.00,0.25,0.00,0.00,0,0,255,0
51339,ON,5,0,0.00,-27.00,28.00,-3.12,146,146,0.00,0,0.00,0.00,0.00,0.25,0.00,0.00,0,0,255,0
51463,ON,5,0,0.00,-27.00,28.00,-3.12,146,146,0.00,0,0.00,0.00,0.00,0.25,0.00,0.00,0,0,255,0
51586,ON,5,0,0.00,-27.00,28.00,-3.12,146,146,0.00,0,0.00,0.00,0.00,0.25,0.00,0.00,0,0,255,0
51710,ON,5,0,0.00,-27.00,28.00,-3.12,146,146,0.00,0,0.00,0.00,0.00,0.25,0.00,0.00,0,0,255,0
51833,ON,5,0,0.00,-27.00,28.00,-3.12,146,146,0.00,0,0.00,0.00,0.00,0.25,0.00,0.00,0,0,255,0
51957,ON,5,0,0.00,-27.00,28.00,-3.12,146,146,0.00,0,0.00,0.00,0.00,0.25,0.00,0.00,0,0,255,0
52083,ON,5,0,0.00,-27.00,28.00,-3.12,146,146,0.00,0,0.00,0.00,0.00,0.25,0.00,0.00,0,0,255,0
52207,ON,5,0,0.00,-27.00,28.00,-3.12,146,146,0.00,0,0.00,0.00,0.00,0.25,0.00,0.00,0,0,255,0
52330,ON,5,0,0.00,-27.00,28.00,-3.12,146,146,0.00,0,0.00,0.00,0.00,0.25,0.00,0.00,0,0,255,0
52454,ON,5,0,0.00,-27.00,28.00,-3.12,146,146,0.00,0,0.00,0.00,0.00,0.25,0.00,0.00,0,0,255,0
52577,ON,5,0,0.00,-27.00,28.00,-3.12,146,146,0.00,0,0.00,0.00,0.00,0.25,0.00,0.00,0,0,255,0
52701,ON,5,0,0.00,-27.00,28.00,-3.12,146,146,0.00,0,0.00,0.00,0.00,0.25,0.00,0.00,0,0,255,0
52827,ON,5,0,0.00,-27.00,29.00,-3.12,146,146,0.00,0,0.00,0.00,0.00,0.25,0.00,0.00,0,0,255,0
52951,ON,5,0,0.00,-27.00,29.00,-3.12,146,146,0.00,0,0.00,0.00,0.00,0.25,0.00,0.00,0,0,255,0
53074,ON,5,0,0.00,-27.00,29.00,-3.12,146,146,0.00,0,0.00,0.00,0.00,0.25,0.00,0.00,0,0,255,0
53198,ON,5,0,0.00,-27.00,29.00,-3.12,146,146,0.00,0,0.00,0.00,0.00,0.25,0.00,0.00,0,0,255,0
53322,ON,5,0,0.00,-27.00,28.00,-3.12,146,146,0.00,0,0.00,0.00,0.00,0.25,0.00,0.00,0,0,255,0
53445,ON,5,0,0.00,-27.00,28.00,-3.12,146,146,0.00,0,0.00,0.00,0.00,0.25,0.00,0.00,0,0,255,0
53572,ON,5,0,0.00,-27.00,28.00,-3.12,146,146,0.00,0,0.00,0.00,0.00,0.25,0.00,0.00,0,0,255,0
53695,ON,5,0,0.00,-27.00,28.00,-3.12,146,146,0.00,0,0.00,0.00,0.00,0.25,0.00,0.00,0,0,255,0
53819,ON,5,0,0.00,-27.00,28.00,-3.12,146,146,0.00,0,0.00,0.00,0.00,0.25,0.00,0.00,0,0,255,0
53942,ON,5,0,0.00,-27.00,28.00,-3.12,146,146,0.00,0,0.00,0.00,0.00,0.25,0.00,0.00,0,0,255,0
54066,ON,5,0,0.00,-27.00,28.00,-3.12,146,146,0.00,0,0.00,0.00,0.00,0.25,0.00,0.00,0,0,255,0
54189,ON,5,0,0.00,-27.00,28.00,-3.12,146,146,0.00,0,0.00,0.00,0.00,0.25,0.00,0.00,0,0,255,0
54316,ON,5,0,0.00,-27.00,28.00,-3.12,146,146,0.00,0,0.00,0.00,0.00,0.25,0.00,0.00,0,0,255,0
54440,ON,5,0,0.00,-27.00,28.00,-3.12,146,146,0.00,0,0.00,0.00,0.00,0.25,0.00,0.00,0,0,255,0
54563,ON,5,0,0.00,-27.00,28.00,-3.12,146,146,0.00,0,0.00,0.00,0.00,0.25,0.00,0.00,0,0,255,0
54687,ON,5,0,0.00,-27.00,28.00,-3.12,146,146,0.00,0,0.00,0.00,0.00,0.25,0.00,0.00,0,0,255,0
54810,ON,5,0,0.00,-27.00,28.00,-3.12,146,146,0.00,0,0.00,0.00,0.00,0.25,0.00,0.00,0,0,255,0
54934,ON,5,0,0.00,-27.00,28.00,-3.12,146,146,0.00,0,0.00,0.00,0.00,0.25,0.00,0.00,0,0,255,0
55060,ON,5,0,0.00,-27.00,28.00,-3.12,146,146,0.00,0,0.00,0.00,0.00,0.25,0.00,0.00,0,0,255,0
55184,ON,5,0,0.00,-27.00,28.00,-3.12,146,146,0.00,0,0.00,0.00,0.00,0.25,0.00,0.00,0,0,255,0
55307,ON,5,0,0.00,-27.00,28.00,-3.12,146,146,0.00,0,0.00,0.00,0.00,0.25,0.00,0.00,0,0,255,0
55431,ON,5,0,0.00,-27.00,29.00,-3.12,146,146,0.00,0,0.00,0.00,0.00,0.25,0.00,0.00,0,0,255,0
55554,ON,5,0,0.00,-27.00,29.00,-3.12,146,146,0.00,0,0.00,0.00,0.00,0.25,0.00,0.00,0,0,255,0
55678,ON,5,0,0.00,-27.00,29.00,-3.12,146,146,0.00,0,0.00,0.00,0.00,0.25,0.00,0.00,0,0,255,0
55804,ON,5,0,0.00,-27.00,29.00,-3.12,146,146,0.00,0,0.00,0.00,0.00,0.25,0.00,0.00,0,0,255,0
55928,ON,5,0,0.00,-27.00,28.00,-3.12,146,146,0.00,0,0.00,0.00,0.00,0.25,0.00,0.00,0,0,255,0
56051,ON,5,0,0.00,-27.00,28.00,-3.12,146,146,0.00,0,0.00,0.00,0.00,0.25,0.00,0.00,0,0,255,0
56175,ON,5,0,0.00,-27.00,28.00,-3.12,146,146,0.00,0,0.00,0.00,0.00,0.25,0.00,0.00,0,0,255,0
56298,ON,5,0,0.00,-27.00,28.00,-3.12,146,146,0.00,0,0.00,0.00,0.00,0.25,0.00,0.00,0,0,255,0
56422,ON,5,0,0.00,-27.00,28.00,-3.12,146,146,0.00,0,0.00,0.00,0.00,0.25,0.00,0.00,0,0,255,0
56548,ON,5,0,0.00,-27.00,29.00,-3.12,146,146,0.00,0,0.00,0.00,0.00,0.25,0.00,0.00,0,0,255,0
56672,ON,5,0,0.00,-27.00,29.00,-3.12,146,146,0.00,0,0.00,0.00,0.00,0.25,0.00,0.00,0,0,255,0
56795,ON,5,0,0.00,-27.00,29.00,-3.12,146,146,0.00,0,0.00,0.00,0.00,0.25,0.00,0.00,0,0,255,0
56919,ON,5,0,0.00,-27.00,29.00,-3.12,146,146,0.00,0,0.00,0.00,0.00,0.25,0.00,0.00,0,0,255,0
57042,ON,5,0,0.00,-27.00,28.00,-3.12,146,146,0.00,0,0.00,0.00,0.00,0.25,0.00,0.00,0,0,255,0
57165,ON,5,0,0.00,-27.00,28.00,-3.12,146,146,0.00,0,0.00,0.00,0.00,0.25,0.00,0.00,0,0,255,0
57292,ON,5,0,0.00,-27.00,28.00,-3.12,146,146,0.00,0,0.00,0.00,0.00,0.25,0.00,0.00,0,0,255,0
57415,ON,5,0,0.00,-27.00,28.00,-3.12,146,146,0.00,0,0.00,0.00,0.00,0.25,0.00,0.00,0,0,255,0
57538,ON,5,0,0.00,-27.00,28.00,-3.12,146,146,0.00,0,0.00,0.00,0.00,0.25,0.00,0.00,0,0,255,0
57662,ON,5,0,0.00,-27.00,28.00,-3.12,146,146,0.00,0,0.00,0.00,0.00,0.25,0.00,0.00,0,0,255,0
57785,ON,5,0,0.00,-27.00,28.00,-3.12,146,146,0.00,0,0.00,0.00,0.00,0.25,0.00,0.00,0,0,255,0
57909,ON,5,0,0.00,-27.00,28.00,-3.12,146,146,0.00,0,0.00,0.00,0.00,0.25,0.00,0.00,0,0,255,0
58035,ON,5,0,0.00,-27.00,28.00,-3.12,146,146,0.00,0,0.00,0.00,0.00,0.25,0.00,0.00,0,0,255,0
58159,ON,5,0,0.00,-27.00,28.00,-3.12,146,146,0.00,0,0.00,0.00,0.00,0.25,0.00,0.00,0,0,255,0
58282,ON,5,0,0.00,-27.00,28.00,-3.12,146,146,0.00,0,0.00,0.00,0.00,0.25,0.00,0.00,0,0,255,0
58405,ON,5,0,0.00,-27.00,28.00,-3.12,146,146,0.00,0,0.00,0.00,0.00,0.25,0.00,0.00,0,0,255,0
58529,ON,5,0,0.00,-27.00,28.00,-3.12,146,146,0.00,0,0.00,0.00,0.00,0.25,0.00,0.00,0,0,255,0
58652,ON,5,0,0.00,-27.00,28.00,-3.12,146,146,0.00,0,0.00,0.00,0.00,0.25,0.00,0.00,0,0,255,0
58779,ON,5,0,0.00,-27.00,28.00,-3.12,146,146,0.00,0,0.00,0.00,0.00,0.25,0.00,0.00,0,0,255,0
58902,ON,5,0,0.00,-27.00,28.00,-3.12,146,146,0.00,0,0.00,0.00,0.00,0.25,0.00,0.00,0,0,255,0
59026,ON,5,0,0.00,-27.00,28.00,-3.12,146,146,0.00,0,0.00,0.00,0.00,0.25,0.00,0.00,0,0,255,0
59150,ON,5,0,0.00,-27.00,29.00,-3.12,146,146,0.00,0,0.00,0.00,0.00,0.25,0.00,0.00,0,0,255,0
59273,ON,5,0,0.00,-27.00,29.00,-3.12,146,146,0.00,0,0.00,0.00,0.00,0.25,0.00,0.00,0,0,255,0
59397,ON,5,0,0.00,-27.00,29.00,-3.12,146,146,0.00,0,0.00,0.00,0.00,0.25,0.00,0.00,0,0,255,0
59523,ON,5,0,0.00,-27.00,29.00,-3.12,146,146,0.00,0,0.00,0.00,0.00,0.25,0.00,0.00,0,0,255,0
59647,ON,5,0,0.00,-27.00,28.00,-3.12,146,146,0.00,0,0.00,0.00,0.00,0.25,0.00,0.00,0,0,255,0
59770,ON,5,0,0.00,-27.00,28.00,-3.12,146,146,0.00,0,0.00,0.00,0.00,0.25,0.00,0.00,0,0,255,0
59894,ON,5,0,0.00,-27.00,28.00,-3.12,146,146,0.00,0,0.00,0.00,0.00,0.25,0.00,0.00,0,0,255,0
60017,ON,5,0,0.00,-27.00,28.00,-3.12,146,146,0.00,0,0.00,0.00,0.00,0.25,0.00,0.00,0,0,255,0
60141,ON,5,0,0.00,-27.00,29.00,-3.12,146,146,0.00,0,0.00,0.00,0.00,0.25,0.00,0.00,0,0,255,0
60268,ON,5,0,0.00,-27.00,29.00,-3.12,146,146,0.00,0,0.00,0.00,0.00,0.25,0.00,0.00,0,0,255,0
60391,ON,5,0,0.00,-27.00,29.00,-3.12,146,146,0.00,0,0.00,0.00,0.00,0.25,0.00,0.00,0,0,255,0
60515,ON,5,0,0.00,-27.00,29.00,-3.12,146,146,0.00,0,0.00,0.00,0.00,0.25,0.00,0.00,0,0,255,0
60638,ON,5,0,0.00,-27.00,29.00,-3.12,146,146,0.00,0,0.00,0.00,0.00,0.25,0.00,0.00,0,0,255,0
60762,ON,5,0,0.00,-27.00,28.00,-3.12,146,146,0.00,0,0.00,0.00,0.00,0.25,0.00,0.00,0,0,255,0
60885,ON,5,0,0.00,-27.00,28.00,-3.12,146,146,0.00,0,0.00,0.00,0.00,0.25,0.00,0.00,0,0,255,0
61012,ON,5,0,0.00,-27.00,28.00,-3.12,146,146,0.00,0,0.00,0.00,0.00,0.25,0.00,0.00,0,0,255,0
61136,ON,5,0,0.00,-27.00,28.00,-3.12,146,146,0.00,0,0.00,0.00,0.00,0.25,0.00,0.00,0,0,255,0
61259,ON,5,0,0.00,-27.00,29.00,-3.12,146,146,0.00,0,0.00,0.00,0.00,0.25,0.00,0.00,0,0,255,0
61383,ON,5,0,0.00,-27.00,29.00,-3.12,146,146,0.00,0,0.00,0.00,0.00,0.25,0.00,0.00,0,0,255,0
61506,ON,5,0,0.00,-27.00,29.00,-3.12,146,146,0.00,0,0.00,0.00,0.00,0.25,0.00,0.00,0,0,255,0
61630,ON,5,0,0.00,-27.00,29.00,-3.12,146,146,0.00,0,0.00,0.00,0.00,0.25,0.00,0.00,0,0,255,0
61756,ON,5,0,0.00,-27.00,29.00,-3.12,146,146,0.00,0,0.00,0.00,0.00,0.25,0.00,0.00,0,0,255,0
61880,ON,5,0,0.00,-27.00,29.00,-3.12,146,146,0.00,0,0.00,0.00,0.00,0.25,0.00,0.00,0,0,255,0
62003,ON,5,0,0.00,-27.00,29.00,-3.12,146,146,0.00,0,0.00,0.00,0.00,0.25,0.00,0.00,0,0,255,0
62127,ON,5,0,0.00,-27.00,29.00,-3.12,146,146,0.00,0,0.00,0.00,0.00,0.25,0.00,0.00,0,0,255,0
62250,ON,5,0,0.00,-27.00,28.00,-3.12,146,146,0.00,0,0.00,0.00,0.00,0.25,0.00,0.00,0,0,255,0
62374,ON,5,0,0.00,-27.00,28.00,-3.12,146,146,0.00,0,0.00,0.00,0.00,0.25,0.00,0.00,0,0,255,0
62500,ON,5,0,0.00,-27.00,28.00,-3.12,146,146,0.00,0,0.00,0.00,0.00,0.25,0.00,0.00,0,0,255,0
62624,ON,5,0,0.00,-27.00,28.00,-3.12,146,146,0.00,0,0.00,0.00,0.00,0.25,0.00,0.00,0,0,255,0
62747,ON,5,0,0.00,-27.00,28.00,-3.12,146,146,0.00,0,0.00,0.00,0.00,0.25,0.00,0.00,0,0,255,0
62871,ON,5,0,0.00,-27.00,28.00,-3.12,146,146,0.00,0,0.00,0.00,0.00,0.25,0.00,0.00,0,0,255,0
62994,ON,5,0,0.00,-27.00,28.00,-3.12,146,146,0.00,0,0.00,0.00,0.00,0.25,0.00,0.00,0,0,255,0
63118,ON,5,0,0.00,-27.00,28.00,-3.12,146,146,0.00,0,0.00,0.00,0.00,0.25,0.00,0.00,0,0,255,0
63245,ON,5,0,0.00,-27.00,28.00,-3.12,146,146,0.00,0,0.00,0.00,0.00,0.25,0.00,0.00,0,0,255,0
63368,ON,5,0,0.00,-27.00,28.00,-3.12,146,146,0.00,0,0.00,0.00,0.00,0.25,0.00,0.00,0,0,255,0
63492,ON,5,0,0.00,-27.00,28.00,-3.12,146,146,0.00,0,0.00,0.00,0.00,0.25,0.00,0.00,0,0,255,0
63615,ON,5,0,0.00,-27.00,28.00,-3.12,146,146,0.00,0,0.00,0.00,0.00,0.25,0.00,0.00,0,0,255,0
63739,ON,5,0,0.00,-27.00,28.00,-3.12,146,146,0.00,0,0.00,0.00,0.00,0.25,0.00,0.00,0,0,255,0
63862,ON,5,0,0.00,-27.00,28.00,-3.12,146,146,0.00,0,0.00,0.00,0.00,0.25,0.00,0.00,0,0,255,0
63989,ON,5,0,0.00,-27.00,28.00,-3.12,146,146,0.00,0,0.00,0.00,0.00,0.25,0.00,0.00,0,0,255,0
64112,ON,5,0,0.00,-27.00,28.00,-3.12,146,146,0.00,0,0.00,0.00,0.00,0.25,0.00,0.00,0,0,255,0
64236,ON,5,0,0.00,-27.00,28.00,-3.12,146,146,0.00,0,0.00,0.00,0.00,0.25,0.00,0.00,0,0,255,0
64360,ON,5,0,0.00,-27.00,28.00,-3.12,146,146,0.00,0,0.00,0.00,0.00,0.25,0.00,0.00,0,0,255,0
64483,ON,5,0,0.00,-27.00,28.00,-3.12,146,146,0.00,0,0.00,0.00,0.00,0.25,0.00,0.00,0,0,255,0
64607,ON,5,0,0.00,-27.00,28.00,-3.12,146,146,0.00,0,0.00,0.00,0.00,0.25,0.00,0.00,0,0,255,0
64734,ON,5,0,0.00,-27.00,28.00,-3.12,146,146,0.00,0,0.00,0.00,0.00,0.25,0.00,0.00,0,0,255,0
64857,ON,5,0,0.00,-27.00,28.00,-3.12,146,146,0.00,0,0.00,0.00,0.00,0.25,0.00,0.00,0,0,255,0
64981,ON,5,0,0.00,-27.00,28.00,-3.12,146,146,0.00,0,0.00,0.00,0.00,0.25,0.00,0.00,0,0,255,0
65104,ON,5,0,0.00,-27.00,28.00,-3.12,146,146,0.00,0,0.00,0.00,0.00,0.25,0.00,0.00,0,0,255,0
65228,ON,5,0,0.00,-27.00,28.00,-3.12,146,146,0.00,0,0.00,0.00,0.00,0.25,0.00,0.00,0,0,255,0
65351,ON,5,0,0.00,-27.00,28.00,-3.12,146,146,0.00,0,0.00,0.00,0.00,0.25,0.00,0.00,0,0,255,0
65478,ON,5,0,0.00,-27.00,28.00,-3.12,146,146,0.00,0,0.00,0.00,0.00,0.25,0.00,0.00,0,0,255,0
65601,ON,5,0,0.00,-27.00,28.00,-3.12,146,146,0.00,0,0.00,0.00,0.00,0.25,0.00,0.00,0,0,255,0
65725,ON,5,0,0.00,-27.00,28.00,-3.12,146,146,0.00,0,0.00,0.00,0.00,0.25,0.00,0.00,0,0,255,0
65848,ON,5,0,0.00,-27.00,28.00,-3.12,146,146,0.00,0,0.00,0.00,0.00,0.25,0.00,0.00,0,0,255,0
65971,ON,5,0,0.00,-27.00,28.00,-3.12,146,146,0.00,0,0.00,0.00,0.00,0.25,0.00,0.00,0,0,255,0
66095,ON,5,0,0.00,-27.00,28.00,-3.12,146,146,0.00,0,0.00,0.00,0.00,0.25,0.00,0.00,0,0,255,0
66222,ON,5,0,0.00,-27.00,28.00,-3.12,146,146,0.00,0,0.00,0.00,0.00,0.25,0.00,0.00,0,0,255,0
66345,ON,5,0,0.00,-27.00,28.00,-3.12,146,146,0.00,0,0.00,0.00,0.00,0.25,0.00,0.00,0,0,255,0
66469,ON,5,0,0.00,-27.00,28.00,-3.12,146,146,0.00,0,0.00,0.00,0.00,0.25,0.00,0.00,0,0,255,0
66592,ON,5,0,0.00,-27.00,28.00,-3.12,146,146,0.00,0,0.00,0.00,0.00,0.25,0.00,0.00,0,0,255,0
66716,ON,5,0,0.00,-27.00,28.00,-3.12,146,146,0.00,0,0.00,0.00,0.00,0.25,0.00,0.00,0,0,255,0
66839,ON,5,0,0.00,-27.00,28.00,-3.12,146,146,0.00,0,0.00,0.00,0.00,0.25,0.00,0.00,0,0,255,0
66965,ON,5,0,0.00,-27.00,28.00,-3.12,146,146,0.00,0,0.00,0.00,0.00,0.25,0.00,0.00,0,0,255,0
67089,ON,5,0,0.00,-27.00,29.00,-3.12,146,146,0.00,0,0.00,0.00,0.00,0.25,0.00,0.00,0,0,255,0
67212,ON,5,0,0.00,-27.00,29.00,-3.12,146,146,0.00,0,0.00,0.00,0.00,0.25,0.00,0.00,0,0,255,0
67336,ON,5,0,0.00,-27.00,29.00,-3.12,146,146,0.00,0,0.00,0.00,0.00,0.25,0.00,0.00,0,0,255,0
67459,ON,5,0,0.00,-27.00,29.00,-3.12,146,146,0.00,0,0.00,0.00,0.00,0.25,0.00,0.00,0,0,255,0
67583,ON,5,0,0.00,-27.00,29.00,-3.12,146,146,0.00,0,0.00,0.00,0.00,0.25,0.00,0.00,0,0,255,0
67709,ON,5,0,0.00,-27.00,29.00,-3.12,146,146,0.00,0,0.00,0.00,0.00,0.25,0.00,0.00,0,0,255,0
67832,ON,5,0,0.00,-27.00,29.00,-3.12,146,146,0.00,0,0.00,0.00,0.00,0.25,0.00,0.00,0,0,255,0
67956,ON,5,0,0.00,-27.00,29.00,-3.12,146,146,0.00,0,0.00,0.00,0.00,0.25,0.00,0.00,0,0,255,0
68079,ON,5,0,0.00,-27.00,28.00,-3.12,146,146,0.00,0,0.00,0.00,0.00,0.25,0.00,0.00,0,0,255,0
68202,ON,5,0,0.00,-27.00,28.00,-3.12,146,146,0.00,0,0.00,0.00,0.00,0.25,0.00,0.00,0,0,255,0
68325,ON,5,0,0.00,-27.00,28.00,-3.12,146,146,0.00,0,0.00,0.00,0.00,0.25,0.00,0.00,0,0,255,0
68452,ON,5,0,0.00,-27.00,28.00,-3.12,146,146,0.00,0,0.00,0.00,0.00,0.25,0.00,0.00,0,0,255,0
68575,ON,5,0,0.00,-27.00,28.00,-3.12,146,146,0.00,0,0.00,0.00,0.00,0.25,0.00,0.00,0,0,255,0
68699,ON,5,0,0.00,-27.00,28.00,-3.12,146,146,0.00,0,0.00,0.00,0.00,0.25,0.00,0.00,0,0,255,0
68822,ON,5,0,0.00,-27.00,28.00,-3.12,146,146,0.00,0,0.00,0.00,0.00,0.25,0.00,0.00,0,0,255,0
68946,ON,5,0,0.00,-27.00,28.00,-3.12,146,146,0.00,0,0.00,0.00,0.00,0.25,0.00,0.00,0,0,255,0
69069,ON,5,0,0.00,-27.00,28.00,-3.12,146,146,0.00,0,0.00,0.00,0.00,0.25,0.00,0.00,0,0,255,0
69196,ON,5,0,0.00,-27.00,28.00,-3.12,146,146,0.00,0,0.00,0.00,0.00,0.25,0.00,0.00,0,0,255,0
69320,ON,5,0,0.00,-27.00,28.00,-3.12,146,146,0.00,0,0.00,0.00,0.00,0.25,0.00,0.00,0,0,255,0
69443,ON,5,0,0.00,-27.00,28.00,-3.12,146,146,0.00,0,0.00,0.00,0.00,0.25,0.00,0.00,0,0,255,0
69567,ON,5,0,0.00,-27.00,28.00,-3.12,146,146,0.00,0,0.00,0.00,0.00,0.25,0.00,0.00,0,0,255,0
69690,ON,5,0,0.00,-27.00,28.00,-3.12,146,146,0.00,0,0.00,0.00,0.00,0.25,0.00,0.00,0,0,255,0
69814,ON,5,0,0.00,-27.00,28.00,-3.12,146,146,0.00,0,0.00,0.00,0.00,0.25,0.00,0.00,0,0,255,0
69940,ON,5,0,0.00,-27.00,28.00,-3.12,146,146,0.00,0,0.00,0.00,0.00,0.25,0.00,0.00,0,0,255,0
70064,ON,5,0,0.00,-27.00,28.00,-3.12,146,146,0.00,0,0.00,0.00,0.00,0.25,0.00,0.00,0,0,255,0
70187,ON,5,0,0.00,-27.00,29.00,-3.12,146,146,0.00,0,0.00,0.00,0.00,0.25,0.00,0.00,0,0,255,0
70311,ON,5,0,0.00,-27.00,29.00,-3.12,146,146,0.00,0,0.00,0.00,0.00,0.25,0.00,0.00,0,0,255,0
70434,ON,5,0,0.00,-27.00,29.00,-3.12,146,146,0.00,0,0.00,0.00,0.00,0.25,0.00,0.00,0,0,255,0
70558,ON,5,0,0.00,-27.00,29.00,-3.12,146,146,0.00,0,0.00,0.00,0.00,0.25,0.00,0.00,0,0,255,0
70684,ON,5,0,0.00,-27.00,29.00,-3.12,146,146,0.00,0,0.00,0.00,0.00,0.25,0.00,0.00,0,0,255,0
70808,ON,5,0,0.00,-27.00,29.00,-3.12,146,146,0.00,0,0.00,0.00,0.00,0.25,0.00,0.00,0,0,255,0
70931,ON,5,0,0.00,-27.00,29.00,-3.12,146,146,0.00,0,0.00,0.00,0.00,0.25,0.00,0.00,0,0,255,0
71055,ON,5,0,0.00,-27.00,29.00,-3.12,146,146,0.00,0,0.00,0.00,0.00,0.25,0.00,0.00,0,0,255,0
71179,ON,5,0,0.00,-27.00,29.00,-3.12,146,146,0.00,0,0.00,0.00,0.00,0.25,0.00,0.00,0,0,255,0
71302,ON,5,0,0.00,-27.00,28.00,-3.12,146,146,0.00,0,0.00,0.00,0.00,0.25,0.00,0.00,0,0,255,0
71429,ON,5,0,0.00,-27.00,28.00,-3.12,146,146,0.00,0,0.00,0.00,0.00,0.25,0.00,0.00,0,0,255,0
71552,ON,5,0,0.00,-27.00,28.00,-3.12,146,146,0.00,0,0.00,0.00,0.00,0.25,0.00,0.00,0,0,255,0
71676,ON,5,0,0.00,-27.00,28.00,-3.12,146,146,0.00,0,0.00,0.00,0.00,0.25,0.00,0.00,0,0,255,0
71799,ON,5,0,0.00,-27.00,28.00,-3.12,146,146,0.00,0,0.00,0.00,0.00,0.25,0.00,0.00,0,0,255,0
71923,ON,5,0,0.00,-27.00,28.00,-3.12,146,146,0.00,0,0.00,0.00,0.00,0.25,0.00,0.00,0,0,255,0
72047,ON,5,0,0.00,-27.00,28.00,-3.12,146,146,0.00,0,0.00,0.00,0.00,0.25,0.00,0.00,0,0,255,0
72173,ON,5,0,0.00,-27.00,28.00,-3.12,146,146,0.00,0,0.00,0.00,0.00,0.25,0.00,0.00,0,0,255,0
72297,ON,5,0,0.00,-27.00,29.00,-3.12,146,146,0.00,0,0.00,0.00,0.00,0.25,0.00,0.00,0,0,255,0
72420,ON,5,0,0.00,-27.00,29.00,-3.12,146,146,0.00,0,0.00,0.00,0.00,0.25,0.00,0.00,0,0,255,0
72544,ON,5,0,0.00,-27.00,29.00,-3.12,146,146,0.00,0,0.00,0.00,0.00,0.25,0.00,0.00,0,0,255,0
72667,ON,5,0,0.00,-27.00,29.00,-3.12,146,146,0.00,0,0.00,0.00,0.00,0.25,0.00,0.00,0,0,255,0
72791,ON,5,0,0.00,-27.00,28.00,-3.12,146,146,0.00,0,0.00,0.00,0.00,0.25,0.00,0.00,0,0,255,0
72918,ON,5,0,0.00,-27.00,28.00,-3.12,146,146,0.00,0,0.00,0.00,0.00,0.25,0.00,0.00,0,0,255,0
73041,ON,5,0,0.00,-27.00,28.00,-3.12,146,146,0.00,0,0.00,0.00,0.00,0.25,0.00,0.00,0,0,255,0
73165,ON,5,0,0.00,-27.00,28.00,-3.12,146,146,0.00,0,0.00,0.00,0.00,0.25,0.00,0.00,0,0,255,0
73288,ON,5,0,0.00,-27.00,28.00,-3.12,146,146,0.00,0,0.00,0.00,0.00,0.25,0.00,0.00,0,0,255,0
73412,ON,5,0,0.00,-27.00,29.00,-3.12,146,146,0.00,0,0.00,0.00,0.00,0.25,0.00,0.00,0,0,255,0
73535,ON,5,0,0.00,-27.00,29.00,-3.12,146,146,0.00,0,0.00,0.00,0.00,0.25,0.00,0.00,0,0,255,0
73662,ON,5,0,0.00,-27.00,29.00,-3.12,146,146,0.00,0,0.00,0.00,0.00,0.25,0.00,0.00,0,0,255,0
73786,ON,5,0,0.00,-27.00,29.00,-3.12,146,146,0.00,0,0.00,0.00,0.00,0.25,0.00,0.00,0,0,255,0
73909,ON,5,0,0.00,-27.00,28.00,-3.12,146,146,0.00,0,0.00,0.00,0.00,0.25,0.00,0.00,0,0,255,0
74033,ON,5,0,0.00,-27.00,28.00,-3.12,146,146,0.00,0,0.00,0.00,0.00,0.25,0.00,0.00,0,0,255,0
74156,ON,5,0,0.00,-27.00,28.00,-3.12,146,146,0.00,0,0.00,0.00,0.00,0.25,0.00,0.00,0,0,255,0
74280,ON,5,0,0.00,-27.00,28.00,-3.12,146,146,0.00,0,0.00,0.00,0.00,0.25,0.00,0.00,0,0,255,0
74406,ON,5,0,0.00,-27.00,29.00,-3.12,146,146,0.00,0,0.00,0.00,0.00,0.25,0.00,0.00,0,0,255,0
74530,ON,5,0,0.00,-27.00,29.00,-3.12,146,146,0.00,0,0.00,0.00,0.00,0.25,0.00,0.00,0,0,255,0
74653,ON,5,0,0.00,-27.00,29.00,-3.12,146,146,0.00,0,0.00,0.00,0.00,0.25,0.00,0.00,0,0,255,0
74777,ON,5,0,0.00,-27.00,29.00,-3.12,146,146,0.00,0,0.00,0.00,0.00,0.25,0.00,0.00,0,0,255,0
74901,ON,5,0,0.00,-27.00,28.00,-3.12,146,146,0.00,0,0.00,0.00,0.00,0.25,0.00,0.00,0,0,255,0
75024,ON,5,0,0.00,-27.00,28.00,-3.12,146,146,0.00,0,0.00,0.00,0.00,0.25,0.00,0.00,0,0,255,0
75151,ON,5,0,0.00,-27.00,28.00,-3.12,146,146,0.00,0,0.00,0.00,0.00,0.25,0.00,0.00,0,0,255,0
75275,ON,5,0,0.00,-27.00,28.00,-3.12,146,146,0.00,0,0.00,0.00,0.00,0.25,0.00,0.00,0,0,255,0
75398,ON,5,0,0.00,-27.00,28.00,-3.12,146,146,0.00,0,0.00,0.00,0.00,0.25,0.00,0.00,0,0,255,0
75522,ON,5,0,0.00,-27.00,28.00,-3.12,146,146,0.00,0,0.00,0.00,0.00,0.25,0.00,0.00,0,0,255,0
75645,ON,5,0,0.00,-27.00,28.00,-3.12,146,146,0.00,0,0.00,0.00,0.00,0.25,0.00,0.00,0,0,255,0
75769,ON,5,0,0.00,-27.00,28.00,-3.12,146,146,0.00,0,0.00,0.00,0.00,0.25,0.00,0.00,0,0,255,0
75895,ON,5,0,0.00,-27.00,28.00,-3.12,146,146,0.00,0,0.00,0.00,0.00,0.25,0.00,0.00,0,0,255,0
76019,ON,5,0,0.00,-27.00,28.00,-3.12,146,146,0.00,0,0.00,0.00,0.00,0.25,0.00,0.00,0,0,255,0
76142,ON,5,0,0.00,-27.00,28.00,-3.12,146,146,0.00,0,0.00,0.00,0.00,0.25,0.00,0.00,0,0,255,0
76266,ON,5,0,0.00,-27.00,28.00,-3.12,146,146,0.00,0,0.00,0.00,0.00,0.25,0.00,0.00,0,0,255,0
76389,ON,5,0,0.00,-27.00,28.00,-3.12,146,146,0.00,0,0.00,0.00,0.00,0.25,0.00,0.00,0,0,255,0
76513,ON,5,0,0.00,-27.00,29.00,-3.12,146,146,0.00,0,0.00,0.00,0.00,0.25,0.00,0.00,0,0,255,0
76640,ON,5,0,0.00,-27.00,29.00,-3.12,146,146,0.00,0,0.00,0.00,0.00,0.25,0.00,0.00,0,0,255,0
76763,ON,5,0,0.00,-27.00,29.00,-3.12,146,146,0.00,0,0.00,0.00,0.00,0.25,0.00,0.00,0,0,255,0
76887,ON,5,0,0.00,-27.00,29.00,-3.12,146,146,0.00,0,0.00,0.00,0.00,0.25,0.00,0.00,0,0,255,0
77010,ON,5,0,0.00,-27.00,29.00,-3.12,146,146,0.00,0,0.00,0.00,0.00,0.25,0.00,0.00,0,0,255,0
77134,ON,5,0,0.00,-27.00,29.00,-3.12,146,146,0.00,0,0.00,0.00,0.00,0.25,0.00,0.00,0,0,255,0
77258,ON,5,0,0.00,-27.00,29.00,-3.12,146,146,0.00,0,0.00,0.00,0.00,0.25,0.00,0.00,0,0,255,0
77387,ON,5,0,0.00,-27.00,29.00,-3.12,146,146,0.00,0,0.00,0.00,0.00,0.25,0.00,0.00,0,0,255,0
77546,ON,5,0,0.00,-27.00,29.00,-3.12,146,146,0.00,0,0.00,0.00,0.00,0.25,0.00,0.00,0,0,255,0
77721,ON,5,0,0.00,-27.00,29.00,-3.12,146,146,0.00,0,0.00,0.00,0.00,0.25,0.00,0.00,0,0,255,0
77901,ON,5,0,0.00,-27.00,29.00,-3.12,146,146,0.00,0,0.00,0.00,0.00,0.25,0.00,0.00,0,0,255,0
78080,ON,5,0,0.00,-27.00,29.00,-3.12,146,146,0.00,0,0.00,0.00,0.00,0.25,0.00,0.00,0,0,255,0
78260,ON,5,0,0.00,-27.00,29.00,-3.12,146,146,0.00,0,0.00,0.00,0.00,0.25,0.00,0.00,0,0,255,0
78433,ON,5,0,0.00,-27.00,29.00,-3.12,146,146,0.00,0,0.00,0.00,0.00,0.25,0.00,0.00,0,0,255,0
78557,ON,5,0,0.00,-27.00,29.00,-3.12,146,146,0.00,0,0.00,0.00,0.00,0.25,0.00,0.00,0,0,255,0
78680,ON,5,0,0.00,-27.00,29.00,-3.12,146,146,0.00,0,0.00,0.00,0.00,0.25,0.00,0.00,0,0,255,0
78804,ON,5,0,0.00,-27.00,29.00,-3.12,146,146,0.00,0,0.00,0.00,0.00,0.25,0.00,0.00,0,0,255,0
78927,ON,5,0,0.00,-27.00,28.00,-3.12,146,146,0.00,0,0.00,0.00,0.00,0.25,0.00,0.00,0,0,255,0
79050,ON,5,0,0.00,-27.00,28.00,-3.12,146,146,0.00,0,0.00,0.00,0.00,0.25,0.00,0.00,0,0,255,0
79177,ON,5,0,0.00,-27.00,28.00,-3.12,146,146,0.00,0,0.00,0.00,0.00,0.25,0.00,0.00,0,0,255,0
79300,ON,5,0,0.00,-27.00,28.00,-3.12,146,146,0.00,0,0.00,0.00,0.00,0.25,0.00,0.00,0,0,255,0
79423,ON,5,0,0.00,-27.00,28.00,-3.12,146,146,0.00,0,0.00,0.00,0.00,0.25,0.00,0.00,0,0,255,0
79546,ON,5,0,0.00,-27.00,28.00,-3.12,146,146,0.00,0,0.00,0.00,0.00,0.25,0.00,0.00,0,0,255,0
79670,ON,5,0,0.00,-27.00,28.00,-3.12,146,146,0.00,0,0.00,0.00,0.00,0.25,0.00,0.00,0,0,255,0
79793,ON,5,0,0.00,-27.00,28.00,-3.12,146,146,0.00,0,0.00,0.00,0.00,0.25,0.00,0.00,0,0,255,0
79920,ON,5,0,0.00,-27.00,28.00,-3.12,146,146,0.00,0,0.00,0.00,0.00,0.25,0.00,0.00,0,0,255,0
80043,ON,5,0,0.00,-27.00,28.00,-3.12,146,146,0.00,0,0.00,0.00,0.00,0.25,0.00,0.00,0,0,255,0
80166,ON,5,0,0.00,-27.00,28.00,-3.12,146,146,0.00,0,0.00,0.00,0.00,0.25,0.00,0.00,0,0,255,0
80290,ON,5,0,0.00,-27.00,28.00,-3.12,146,146,0.00,0,0.00,0.00,0.00,0.25,0.00,0.00,0,0,255,0
80413,ON,5,0,0.00,-27.00,28.00,-3.12,146,146,0.00,0,0.00,0.00,0.00,0.25,0.00,0.00,0,0,255,0
80537,ON,5,0,0.00,-27.00,29.00,-3.12,146,146,0.00,0,0.00,0.00,0.00,0.25,0.00,0.00,0,0,255,0
80663,ON,5,0,0.00,-27.00,29.00,-3.12,146,146,0.00,0,0.00,0.00,0.00,0.25,0.00,0.00,0,0,255,0
80787,ON,5,0,0.00,-27.00,29.00,-3.12,146,146,0.00,0,0.00,0.00,0.00,0.25,0.00,0.00,0,0,255,0
80910,ON,5,0,0.00,-27.00,29.00,-3.12,146,146,0.00,0,0.00,0.00,0.00,0.25,0.00,0.00,0,0,255,0
81034,ON,5,0,0.00,-27.00,28.00,-3.12,146,146,0.00,0,0.00,0.00,0.00,0.25,0.00,0.00,0,0,255,0
81157,ON,5,0,0.00,-27.00,28.00,-3.12,146,146,0.00,0,0.00,0.00,0.00,0.25,0.00,0.00,0,0,255,0
81281,ON,5,0,0.00,-27.00,28.00,-3.12,146,146,0.00,0,0.00,0.00,0.00,0.25,0.00,0.00,0,0,255,0
81408,ON,5,0,0.00,-27.00,28.00,-3.12,146,146,0.00,0,0.00,0.00,0.00,0.25,0.00,0.00,0,0,255,0
81531,ON,5,0,0.00,-27.00,29.00,-3.12,146,146,0.00,0,0.00,0.00,0.00,0.25,0.00,0.00,0,0,255,0
81655,ON,5,0,0.00,-27.00,29.00,-3.12,146,146,0.00,0,0.00,0.00,0.00,0.25,0.00,0.00,0,0,255,0
81778,ON,5,0,0.00,-27.00,29.00,-3.12,146,146,0.00,0,0.00,0.00,0.00,0.25,0.00,0.00,0,0,255,0
81902,ON,5,0,0.00,-27.00,29.00,-3.12,146,146,0.00,0,0.00,0.00,0.00,0.25,0.00,0.00,0,0,255,0
82025,ON,5,0,0.00,-27.00,29.00,-3.12,146,146,0.00,0,0.00,0.00,0.00,0.25,0.00,0.00,0,0,255,0
82152,ON,5,0,0.00,-27.00,28.00,-3.12,146,146,0.00,0,0.00,0.00,0.00,0.25,0.00,0.00,0,0,255,0
82275,ON,5,0,0.00,-27.00,28.00,-3.12,146,146,0.00,0,0.00,0.00,0.00,0.25,0.00,0.00,0,0,255,0
82399,ON,5,0,0.00,-27.00,28.00,-3.12,146,146,0.00,0,0.00,0.00,0.00,0.25,0.00,0.00,0,0,255,0
82522,ON,5,0,0.00,-27.00,28.00,-3.12,146,146,0.00,0,0.00,0.00,0.00,0.25,0.00,0.00,0,0,255,0
82646,ON,5,0,0.00,-27.00,29.00,-3.12,146,146,0.00,0,0.00,0.00,0.00,0.25,0.00,0.00,0,0,255,0
82769,ON,5,0,0.00,-27.00,29.00,-3.12,146,146,0.00,0,0.00,0.00,0.00,0.25,0.00,0.00,0,0,255,0
82895,ON,5,0,0.00,-27.00,29.00,-3.12,146,146,0.00,0,0.00,0.00,0.00,0.25,0.00,0.00,0,0,255,0
83019,ON,5,0,0.00,-27.00,29.00,-3.12,146,146,0.00,0,0.00,0.00,0.00,0.25,0.00,0.00,0,0,255,0
83142,ON,5,0,0.00,-27.00,29.00,-3.12,146,146,0.00,0,0.00,0.00,0.00,0.25,0.00,0.00,0,0,255,0
83266,ON,5,0,0.00,-27.00,29.00,-3.12,146,146,0.00,0,0.00,0.00,0.00,0.25,0.00,0.00,0,0,255,0
83389,ON,5,0,0.00,-27.00,29.00,-3.12,146,146,0.00,0,0.00,0.00,0.00,0.25,0.00,0.00,0,0,255,0
83513,ON,5,0,0.00,-27.00,29.00,-3.12,146,146,0.00,0,0.00,0.00,0.00,0.25,0.00,0.00,0,0,255,0
83639,ON,5,0,0.00,-27.00,28.00,-3.12,146,146,0.00,0,0.00,0.00,0.00,0.25,0.00,0.00,0,0,255,0
83763,ON,5,0,0.00,-27.00,28.00,-3.12,146,146,0.00,0,0.00,0.00,0.00,0.25,0.00,0.00,0,0,255,0
83886,ON,5,0,0.00,-27.00,28.00,-3.12,146,146,0.00,0,0.00,0.00,0.00,0.25,0.00,0.00,0,0,255,0
84010,ON,5,0,0.00,-27.00,28.00,-3.12,146,146,0.00,0,0.00,0.00,0.00,0.25,0.00,0.00,0,0,255,0
84133,ON,5,0,0.00,-27.00,28.00,-3.12,146,146,0.00,0,0.00,0.00,0.00,0.25,0.00,0.00,0,0,255,0
84257,ON,5,0,0.00,-27.00,28.00,-3.12,146,146,0.00,0,0.00,0.00,0.00,0.25,0.00,0.00,0,0,255,0
84384,ON,5,0,0.00,-27.00,28.00,-3.12,146,146,0.00,0,0.00,0.00,0.00,0.25,0.00,0.00,0,0,255,0
84508,ON,5,0,0.00,-27.00,28.00,-3.12,146,146,0.00,0,0.00,0.00,0.00,0.25,0.00,0.00,0,0,255,0
84631,ON,5,0,0.00,-27.00,28.00,-3.12,146,146,0.00,0,0.00,0.00,0.00,0.25,0.00,0.00,0,0,255,0
84755,ON,5,0,0.00,-27.00,28.00,-3.12,146,146,0.00,0,0.00,0.00,0.00,0.25,0.00,0.00,0,0,255,0
84878,ON,5,0,0.00,-27.00,28.00,-3.12,146,146,0.00,0,0.00,0.00,0.00,0.25,0.00,0.00,0,0,255,0
85002,ON,5,0,0.00,-27.00,28.00,-3.12,146,146,0.00,0,0.00,0.00,0.00,0.25,0.00,0.00,0,0,255,0
85129,ON,5,0,0.00,-27.00,28.00,-3.12,146,146,0.00,0,0.00,0.00,0.00,0.25,0.00,0.00,0,0,255,0
85257,ON,5,0,0.00,-27.00,28.00,-3.12,146,146,0.00,0,0.00,0.00,0.00,0.25,0.00,0.00,0,0,255,0
85381,ON,5,0,0.00,-27.00,28.00,-3.12,146,146,0.00,0,0.00,0.00,0.00,0.25,0.00,0.00,0,0,255,0
85504,ON,5,0,0.00,-27.00,28.00,-3.12,146,146,0.00,0,0.00,0.00,0.00,0.25,0.00,0.00,0,0,255,0
85628,ON,5,0,0.00,-27.00,28.00,-3.12,146,146,0.00,0,0.00,0.00,0.00,0.25,0.00,0.00,0,0,255,0
85751,ON,5,0,0.00,-27.00,29.00,-3.12,146,146,0.00,0,0.00,0.00,0.00,0.25,0.00,0.00,0,0,255,0
85878,ON,5,0,0.00,-27.00,29.00,-3.12,146,146,0.00,0,0.00,0.00,0.00,0.25,0.00,0.00,0,0,255,0
86001,ON,5,0,0.00,-27.00,29.00,-3.12,146,146,0.00,0,0.00,0.00,0.00,0.25,0.00,0.00,0,0,255,0
86124,ON,5,0,0.00,-27.00,29.00,-3.12,146,146,0.00,0,0.00,0.00,0.00,0.25,0.00,0.00,0,0,255,0
86248,ON,5,0,0.00,-27.00,29.00,-3.12,146,146,0.00,0,0.00,0.00,0.00,0.25,0.00,0.00,0,0,255,0
86372,ON,5,0,0.00,-27.00,28.00,-3.12,146,146,0.00,0,0.00,0.00,0.00,0.25,0.00,0.00,0,0,255,0
86495,ON,5,0,0.00,-27.00,28.00,-3.12,146,146,0.00,0,0.00,0.00,0.00,0.25,0.00,0.00,0,0,255,0
86622,ON,5,0,0.00,-27.00,28.00,-3.12,146,146,0.00,0,0.00,0.00,0.00,0.25,0.00,0.00,0,0,255,0
86745,ON,5,0,0.00,-27.00,28.00,-3.12,146,146,0.00,0,0.00,0.00,0.00,0.25,0.00,0.00,0,0,255,0
86869,ON,5,0,0.00,-27.00,29.00,-3.12,146,146,0.00,0,0.00,0.00,0.00,0.25,0.00,0.00,0,0,255,0
86992,ON,5,0,0.00,-27.00,29.00,-3.12,146,146,0.00,0,0.00,0.00,0.00,0.25,0.00,0.00,0,0,255,0
87116,ON,5,0,0.00,-27.00,29.00,-3.12,146,146,0.00,0,0.00,0.00,0.00,0.25,0.00,0.00,0,0,255,0
87239,ON,5,0,0.00,-27.00,29.00,-3.12,146,146,0.00,0,0.00,0.00,0.00,0.25,0.00,0.00,0,0,255,0
87366,ON,5,0,0.00,-27.00,28.00,-3.12,146,146,0.00,0,0.00,0.00,0.00,0.25,0.00,0.00,0,0,255,0
87490,ON,5,0,0.00,-27.00,28.00,-3.12,146,146,0.00,0,0.00,0.00,0.00,0.25,0.00,0.00,0,0,255,0
87613,ON,5,0,0.00,-27.00,28.00,-3.12,146,146,0.00,0,0.00,0.00,0.00,0.25,0.00,0.00,0,0,255,0
87737,ON,5,0,0.00,-27.00,28.00,-3.12,146,146,0.00,0,0.00,0.00,0.00,0.25,0.00,0.00,0,0,255,0
87860,ON,5,0,0.00,-27.00,29.00,-3.12,146,146,0.00,0,0.00,0.00,0.00,0.25,0.00,0.00,0,0,255,0
87984,ON,5,0,0.00,-27.00,29.00,-3.12,146,146,0.00,0,0.00,0.00,0.00,0.25,0.00,0.00,0,0,255,0
88110,ON,5,0,0.00,-27.00,29.00,-3.12,146,146,0.00,0,0.00,0.00,0.00,0.25,0.00,0.00,0,0,255,0
88233,ON,5,0,0.00,-27.00,29.00,-3.12,146,146,0.00,0,0.00,0.00,0.00,0.25,0.00,0.00,0,0,255,0
88357,ON,5,0,0.00,-27.00,29.00,-3.12,146,146,0.00,0,0.00,0.00,0.00,0.25,0.00,0.00,0,0,255,0
88480,ON,5,0,0.00,-27.00,29.00,-3.12,146,146,0.00,0,0.00,0.00,0.00,0.25,0.00,0.00,0,0,255,0
88604,ON,5,0,0.00,-27.00,29.00,-3.12,146,146,0.00,0,0.00,0.00,0.00,0.25,0.00,0.00,0,0,255,0
88727,ON,5,0,0.00,-27.00,29.00,-3.12,146,146,0.00,0,0.00,0.00,0.00,0.25,0.00,0.00,0,0,255,0
88854,ON,5,0,0.00,-27.00,29.00,-3.12,146,146,0.00,0,0.00,0.00,0.00,0.25,0.00,0.00,0,0,255,0
88977,ON,5,0,0.00,-27.00,28.00,-3.12,146,146,0.00,0,0.00,0.00,0.00,0.25,0.00,0.00,0,0,255,0
89101,ON,5,0,0.00,-27.00,28.00,-3.12,146,146,0.00,0,0.00,0.00,0.00,0.25,0.00,0.00,0,0,255,0
89224,ON,5,0,0.00,-27.00,28.00,-3.12,146,146,0.00,0,0.00,0.00,0.00,0.25,0.00,0.00,0,0,255,0
89348,ON,5,0,0.00,-27.00,28.00,-3.12,146,146,0.00,0,0.00,0.00,0.00,0.25,0.00,0.00,0,0,255,0
89471,ON,5,0,0.00,-27.00,28.00,-3.12,146,146,0.00,0,0.00,0.00,0.00,0.25,0.00,0.00,0,0,255,0
89597,ON,5,0,0.00,-27.00,28.00,-3.12,146,146,0.00,0,0.00,0.00,0.00,0.25,0.00,0.00,0,0,255,0
89721,ON,5,0,0.00,-27.00,28.00,-3.12,146,146,0.00,0,0.00,0.00,0.00,0.25,0.00,0.00,0,0,255,0
89844,ON,5,0,0.00,-27.00,28.00,-3.12,146,146,0.00,0,0.00,0.00,0.00,0.25,0.00,0.00,0,0,255,0
89968,ON,5,0,0.00,-27.00,29.00,-3.12,146,146,0.00,0,0.00,0.00,0.00,0.25,0.00,0.00,0,0,255,0
90091,ON,5,0,0.00,-27.00,29.00,-3.12,146,146,0.00,0,0.00,0.00,0.00,0.25,0.00,0.00,0,0,255,0
90219,ON,5,0,0.00,-27.00,29.00,-3.12,146,146,0.00,0,0.00,0.00,0.00,0.25,0.00,0.00,0,0,255,0
90343,ON,5,0,0.00,-27.00,29.00,-3.12,146,146,0.00,0,0.00,0.00,0.00,0.25,0.00,0.00,0,0,255,0
90466,ON,5,0,0.00,-27.00,29.00,-3.12,146,146,0.00,0,0.00,0.00,0.00,0.25,0.00,0.00,0,0,255,0
90589,ON,5,0,0.00,-27.00,28.00,-3.12,146,146,0.00,0,0.00,0.00,0.00,0.25,0.00,0.00,0,0,255,0
90713,ON,5,0,0.00,-27.00,28.00,-3.12,146,146,0.00,0,0.00,0.00,0.00,0.25,0.00,0.00,0,0,255,0
90836,ON,5,0,0.00,-27.00,28.00,-3.12,146,146,0.00,0,0.00,0.00,0.00,0.25,0.00,0.00,0,0,255,0
90962,ON,5,0,0.00,-27.00,28.00,-3.12,146,146,0.00,0,0.00,0.00,0.00,0.25,0.00,0.00,0,0,255,0
91086,ON,5,0,0.00,-27.00,28.00,-3.12,146,146,0.00,0,0.00,0.00,0.00,0.25,0.00,0.00,0,0,255,0
91209,ON,5,0,0.00,-27.00,28.00,-3.12,146,146,0.00,0,0.00,0.00,0.00,0.25,0.00,0.00,0,0,255,0
91333,ON,5,0,0.00,-27.00,28.00,-3.12,146,146,0.00,0,0.00,0.00,0.00,0.25,0.00,0.00,0,0,255,0
91456,ON,5,0,0.00,-27.00,28.00,-3.12,146,146,0.00,0,0.00,0.00,0.00,0.25,0.00,0.00,0,0,255,0
91580,ON,5,0,0.00,-27.00,28.00,-3.12,146,146,0.00,0,0.00,0.00,0.00,0.25,0.00,0.00,0,0,255,0
91706,ON,5,0,0.00,-27.00,28.00,-3.12,146,146,0.00,0,0.00,0.00,0.00,0.25,0.00,0.00,0,0,255,0
91830,ON,5,0,0.00,-27.00,28.00,-3.12,146,146,0.00,0,0.00,0.00,0.00,0.25,0.00,0.00,0,0,255,0
91953,ON,5,0,0.00,-27.00,28.00,-3.12,146,146,0.00,0,0.00,0.00,0.00,0.25,0.00,0.00,0,0,255,0
92077,ON,5,0,0.00,-27.00,28.00,-3.12,146,146,0.00,0,0.00,0.00,0.00,0.25,0.00,0.00,0,0,255,0
92200,ON,5,0,0.00,-27.00,28.00,-3.12,146,146,0.00,0,0.00,0.00,0.00,0.25,0.00,0.00,0,0,255,0
92324,ON,5,0,0.00,-27.00,28.00,-3.12,146,146,0.00,0,0.00,0.00,0.00,0.25,0.00,0.00,0,0,255,0
92450,ON,5,0,0.00,-27.00,28.00,-3.12,146,146,0.00,0,0.00,0.00,0.00,0.25,0.00,0.00,0,0,255,0
92573,ON,5,0,0.00,-27.00,28.00,-3.12,146,146,0.00,0,0.00,0.00,0.00,0.25,0.00,0.00,0,0,255,0
92697,ON,5,0,0.00,-27.00,28.00,-3.12,146,146,0.00,0,0.00,0.00,0.00,0.25,0.00,0.00,0,0,255,0
92820,ON,5,0,0.00,-27.00,28.00,-3.12,146,146,0.00,0,0.00,0.00,0.00,0.25,0.00,0.00,0,0,255,0
92944,ON,5,0,0.00,-27.00,28.00,-3.12,146,146,0.00,0,0.00,0.00,0.00,0.25,0.00,0.00,0,0,255,0
93067,ON,5,0,0.00,-27.00,28.00,-3.12,146,146,0.00,0,0.00,0.00,0.00,0.25,0.00,0.00,0,0,255,0
93194,ON,5,0,0.00,-27.00,28.00,-3.12,146,146,0.00,0,0.00,0.00,0.00,0.25,0.00,0.00,0,0,255,0
93317,ON,5,0,0.00,-27.00,28.00,-3.12,146,146,0.00,0,0.00,0.00,0.00,0.25,0.00,0.00,0,0,255,0
93441,ON,5,0,0.00,-27.00,28.00,-3.12,146,146,0.00,0,0.00,0.00,0.00,0.25,0.00,0.00,0,0,255,0
93564,ON,5,0,0.00,-27.00,28.00,-3.12,146,146,0.00,0,0.00,0.00,0.00,0.25,0.00,0.00,0,0,255,0
93688,ON,5,0,0.00,-27.00,28.00,-3.12,146,146,0.00,0,0.00,0.00,0.00,0.25,0.00,0.00,0,0,255,0
93811,ON,5,0,0.00,-27.00,28.00,-3.12,146,146,0.00,0,0.00,0.00,0.00,0.25,0.00,0.00,0,0,255,0
93938,ON,5,0,0.00,-27.00,28.00,-3.12,146,146,0.00,0,0.00,0.00,0.00,0.25,0.00,0.00,0,0,255,0
94061,ON,5,0,0.00,-27.00,28.00,-3.12,146,146,0.00,0,0.00,0.00,0.00,0.25,0.00,0.00,0,0,255,0
94185,ON,5,0,0.00,-27.00,28.00,-3.12,146,146,0.00,0,0.00,0.00,0.00,0.25,0.00,0.00,0,0,255,0
94308,ON,5,0,0.00,-27.00,28.00,-3.12,146,146,0.00,0,0.00,0.00,0.00,0.25,0.00,0.00,0,0,255,0
94432,ON,5,0,0.00,-27.00,28.00,-3.12,146,146,0.00,0,0.00,0.00,0.00,0.25,0.00,0.00,0,0,255,0
94555,ON,5,0,0.00,-27.00,28.00,-3.12,146,146,0.00,0,0.00,0.00,0.00,0.25,0.00,0.00,0,0,255,0
94682,ON,5,0,0.00,-27.00,28.00,-3.12,146,146,0.00,0,0.00,0.00,0.00,0.25,0.00,0.00,0,0,255,0
94805,ON,5,0,0.00,-27.00,29.00,-3.12,146,146,0.00,0,0.00,0.00,0.00,0.25,0.00,0.00,0,0,255,0
94929,ON,5,0,0.00,-27.00,29.00,-3.12,146,146,0.00,0,0.00,0.00,0.00,0.25,0.00,0.00,0,0,255,0
95052,ON,5,0,0.00,-27.00,29.00,-3.12,146,146,0.00,0,0.00,0.00,0.00,0.25,0.00,0.00,0,0,255,0
95176,ON,5,0,0.00,-27.00,29.00,-3.12,146,146,0.00,0,0.00,0.00,0.00,0.25,0.00,0.00,0,0,255,0
95299,ON,5,0,0.00,-27.00,29.00,-3.12,146,146,0.00,0,0.00,0.00,0.00,0.25,0.00,0.00,0,0,255,0
95426,ON,5,0,0.00,-27.00,29.00,-3.12,146,146,0.00,0,0.00,0.00,0.00,0.25,0.00,0.00,0,0,255,0
95549,ON,5,0,0.00,-27.00,29.00,-3.12,146,146,0.00,0,0.00,0.00,0.00,0.25,0.00,0.00,0,0,255,0
95673,ON,5,0,0.00,-27.00,29.00,-3.12,146,146,0.00,0,0.00,0.00,0.00,0.25,0.00,0.00,0,0,255,0
95796,ON,5,0,0.00,-27.00,29.00,-3.12,146,146,0.00,0,0.00,0.00,0.00,0.25,0.00,0.00,0,0,255,0
95919,ON,5,0,0.00,-27.00,29.00,-3.12,146,146,0.00,0,0.00,0.00,0.00,0.25,0.00,0.00,0,0,255,0
96043,ON,5,0,0.00,-27.00,29.00,-3.12,146,146,0.00,0,0.00,0.00,0.00,0.25,0.00,0.00,0,0,255,0
96170,ON,5,0,0.00,-27.00,29.00,-3.12,146,146,0.00,0,0.00,0.00,0.00,0.25,0.00,0.00,0,0,255,0
96293,ON,5,0,0.00,-27.00,29.00,-3.12,146,146,0.00,0,0.00,0.00,0.00,0.25,0.00,0.00,0,0,255,0
96417,ON,5,0,0.00,-27.00,29.00,-3.12,146,146,0.00,0,0.00,0.00,0.00,0.25,0.00,0.00,0,0,255,0
96540,ON,5,0,0.00,-27.00,29.00,-3.12,146,146,0.00,0,0.00,0.00,0.00,0.25,0.00,0.00,0,0,255,0
96664,ON,5,0,0.00,-27.00,29.00,-3.12,146,146,0.00,0,0.00,0.00,0.00,0.25,0.00,0.00,0,0,255,0
96787,ON,5,0,0.00,-27.00,29.00,-3.12,146,146,0.00,0,0.00,0.00,0.00,0.25,0.00,0.00,0,0,255,0
96914,ON,5,0,0.00,-27.00,29.00,-3.12,146,146,0.00,0,0.00,0.00,0.00,0.25,0.00,0.00,0,0,255,0
97037,ON,5,0,0.00,-27.00,29.00,-3.12,146,146,0.00,0,0.00,0.00,0.00,0.25,0.00,0.00,0,0,255,0
97161,ON,5,0,0.00,-27.00,29.00,-3.12,146,146,0.00,0,0.00,0.00,0.00,0.25,0.00,0.00,0,0,255,0
97284,ON,5,0,0.00,-27.00,29.00,-3.12,146,146,0.00,0,0.00,0.00,0.00,0.25,0.00,0.00,0,0,255,0
97408,ON,5,0,0.00,-27.00,28.00,-3.12,146,146,0.00,0,0.00,0.00,0.00,0.25,0.00,0.00,0,0,255,0
97531,ON,5,0,0.00,-27.00,28.00,-3.12,146,146,0.00,0,0.00,0.00,0.00,0.25,0.00,0.00,0,0,255,0
97658,ON,5,0,0.00,-27.00,28.00,-3.12,146,146,0.00,0,0.00,0.00,0.00,0.25,0.00,0.00,0,0,255,0
97781,ON,5,0,0.00,-27.00,28.00,-3.12,146,146,0.00,0,0.00,0.00,0.00,0.25,0.00,0.00,0,0,255,0
97905,ON,5,0,0.00,-27.00,29.00,-3.12,146,146,0.00,0,0.00,0.00,0.00,0.25,0.00,0.00,0,0,255,0
98028,ON,5,0,0.00,-27.00,29.00,-3.12,146,146,0.00,0,0.00,0.00,0.00,0.25,0.00,0.00,0,0,255,0
98152,ON,5,0,0.00,-27.00,29.00,-3.12,146,146,0.00,0,0.00,0.00,0.00,0.25,0.00,0.00,0,0,255,0
98275,ON,5,0,0.00,-27.00,29.00,-3.12,146,146,0.00,0,0.00,0.00,0.00,0.25,0.00,0.00,0,0,255,0
98402,ON,5,0,0.00,-27.00,28.00,-3.12,146,146,0.00,0,0.00,0.00,0.00,0.25,0.00,0.00,0,0,255,0
98525,ON,5,0,0.00,-27.00,28.00,-3.12,146,146,0.00,0,0.00,0.00,0.00,0.25,0.00,0.00,0,0,255,0
98649,ON,5,0,0.00,-27.00,28.00,-3.12,146,146,0.00,0,0.00,0.00,0.00,0.25,0.00,0.00,0,0,255,0
98772,ON,5,0,0.00,-27.00,28.00,-3.12,146,146,0.00,0,0.00,0.00,0.00,0.25,0.00,0.00,0,0,255,0
98896,ON,5,0,0.00,-27.00,28.00,-3.12,146,146,0.00,0,0.00,0.00,0.00,0.25,0.00,0.00,0,0,255,0
99019,ON,5,0,0.00,-27.00,29.00,-3.12,146,146,0.00,0,0.00,0.00,0.00,0.25,0.00,0.00,0,0,255,0
99146,ON,5,0,0.00,-27.00,29.00,-3.12,146,146,0.00,0,0.00,0.00,0.00,0.25,0.00,0.00,0,0,255,0
99269,ON,5,0,0.00,-27.00,29.00,-3.12,146,146,0.00,0,0.00,0.00,0.00,0.25,0.00,0.00,0,0,255,0
99393,ON,5,0,0.00,-27.00,29.00,-3.12,146,146,0.00,0,0.00,0.00,0.00,0.25,0.00,0.00,0,0,255,0
99516,ON,5,0,0.00,-27.00,28.00,-3.12,146,146,0.00,0,0.00,0.00,0.00,0.25,0.00,0.00,0,0,255,0
99640,ON,5,0,0.00,-27.00,28.00,-3.12,146,146,0.00,0,0.00,0.00,0.00,0.25,0.00,0.00,0,0,255,0
99763,ON,5,0,0.00,-27.00,28.00,-3.12,146,146,0.00,0,0.00,0.00,0.00,0.25,0.00,0.00,0,0,255,0
99890,ON,5,0,0.00,-27.00,28.00,-3.12,146,146,0.00,0,0.00,0.00,0.00,0.25,0.00,0.00,0,0,255,0
100013,ON,5,0,0.00,-27.00,28.00,-3.12,146,146,0.00,0,0.00,0.00,0.00,0.25,0.00,0.00,0,0,255,0
100137,ON,5,0,0.00,-27.00,28.00,-3.12,146,146,0.00,0,0.00,0.00,0.00,0.25,0.00,0.00,0,0,255,0
100260,ON,5,0,0.00,-27.00,28.00,-3.12,146,146,0.00,0,0.00,0.00,0.00,0.25,0.00,0.00,0,0,255,0
100384,ON,5,0,0.00,-27.00,28.00,-3.12,146,146,0.00,0,0.00,0.00,0.00,0.25,0.00,0.00,0,0,255,0
100507,ON,5,0,0.00,-27.00,28.00,-3.12,146,146,0.00,0,0.00,0.00,0.00,0.25,0.00,0.00,0,0,255,0
100634,ON,5,0,0.00,-27.00,28.00,-3.12,146,146,0.00,0,0.00,0.00,0.00,0.25,0.00,0.00,0,0,255,0
100757,ON,5,0,0.00,-27.00,28.00,-3.12,146,146,0.00,0,0.00,0.00,0.00,0.25,0.00,0.00,0,0,255,0
100881,ON,5,0,0.00,-27.00,28.00,-3.12,146,146,0.00,0,0.00,0.00,0.00,0.25,0.00,0.00,0,0,255,0
101004,ON,5,0,0.00,-27.00,28.00,-3.12,146,146,0.00,0,0.00,0.00,0.00,0.25,0.00,0.00,0,0,255,0
101127,ON,5,0,0.00,-27.00,28.00,-3.12,146,146,0.00,0,0.00,0.00,0.00,0.25,0.00,0.00,0,0,255,0
101250,ON,5,0,0.00,-27.00,28.00,-3.12,146,146,0.00,0,0.00,0.00,0.00,0.25,0.00,0.00,0,0,255,0
101377,ON,5,0,0.00,-27.00,28.00,-3.12,146,146,0.00,0,0.00,0.00,0.00,0.25,0.00,0.00,0,0,255,0
101500,ON,5,0,0.00,-27.00,28.00,-3.12,146,146,0.00,0,0.00,0.00,0.00,0.25,0.00,0.00,0,0,255,0
101623,ON,5,0,0.00,-27.00,29.00,-3.12,146,146,0.00,0,0.00,0.00,0.00,0.25,0.00,0.00,0,0,255,0
101747,ON,5,0,0.00,-27.00,29.00,-3.12,146,146,0.00,0,0.00,0.00,0.00,0.25,0.00,0.00,0,0,255,0
101870,ON,5,0,0.00,-27.00,29.00,-3.12,146,146,0.00,0,0.00,0.00,0.00,0.25,0.00,0.00,0,0,255,0
101994,ON,5,0,0.00,-27.00,29.00,-3.12,146,146,0.00,0,0.00,0.00,0.00,0.25,0.00,0.00,0,0,255,0
102121,ON,5,0,0.00,-27.00,28.00,-3.12,146,146,0.00,0,0.00,0.00,0.00,0.25,0.00,0.00,0,0,255,0
102244,ON,5,0,0.00,-27.00,28.00,-3.12,146,146,0.00,0,0.00,0.00,0.00,0.25,0.00,0.00,0,0,255,0
102368,ON,5,0,0.00,-27.00,28.00,-3.12,146,146,0.00,0,0.00,0.00,0.00,0.25,0.00,0.00,0,0,255,0
102491,ON,5,0,0.00,-27.00,28.00,-3.12,146,146,0.00,0,0.00,0.00,0.00,0.25,0.00,0.00,0,0,255,0
102615,ON,5,0,0.00,-27.00,28.00,-3.12,146,146,0.00,0,0.00,0.00,0.00,0.25,0.00,0.00,0,0,255,0
102738,ON,5,0,0.00,-27.00,28.00,-3.12,146,146,0.00,0,0.00,0.00,0.00,0.25,0.00,0.00,0,0,255,0
102865,ON,5,0,0.00,-27.00,28.00,-3.12,146,146,0.00,0,0.00,0.00,0.00,0.25,0.00,0.00,0,0,255,0
102988,ON,5,0,0.00,-27.00,28.00,-3.12,146,146,0.00,0,0.00,0.00,0.00,0.25,0.00,0.00,0,0,255,0
103112,ON,5,0,0.00,-27.00,28.00,-3.12,146,146,0.00,0,0.00,0.00,0.00,0.25,0.00,0.00,0,0,255,0
103235,ON,5,0,0.00,-27.00,28.00,-3.12,146,146,0.00,0,0.00,0.00,0.00,0.25,0.00,0.00,0,0,255,0
103359,ON,5,0,0.00,-27.00,28.00,-3.12,146,146,0.00,0,0.00,0.00,0.00,0.25,0.00,0.00,0,0,255,0
103482,ON,5,0,0.00,-27.00,28.00,-3.12,146,146,0.00,0,0.00,0.00,0.00,0.25,0.00,0.00,0,0,255,0
103609,ON,5,0,0.00,-27.00,28.00,-3.12,146,146,0.00,0,0.00,0.00,0.00,0.25,0.00,0.00,0,0,255,0
103732,ON,5,0,0.00,-27.00,29.00,-3.12,146,146,0.00,0,0.00,0.00,0.00,0.25,0.00,0.00,0,0,255,0
103856,ON,5,0,0.00,-27.00,29.00,-3.12,146,146,0.00,0,0.00,0.00,0.00,0.25,0.00,0.00,0,0,255,0
103979,ON,5,0,0.00,-27.00,29.00,-3.12,146,146,0.00,0,0.00,0.00,0.00,0.25,0.00,0.00,0,0,255,0
104103,ON,5,0,0.00,-27.00,29.00,-3.12,146,146,0.00,0,0.00,0.00,0.00,0.25,0.00,0.00,0,0,255,0
104226,ON,5,0,0.00,-27.00,29.00,-3.12,146,146,0.00,0,0.00,0.00,0.00,0.25,0.00,0.00,0,0,255,0
104353,ON,5,0,0.00,-27.00,29.00,-3.12,146,146,0.00,0,0.00,0.00,0.00,0.25,0.00,0.00,0,0,255,0
104476,ON,5,0,0.00,-27.00,29.00,-3.12,146,146,0.00,0,0.00,0.00,0.00,0.25,0.00,0.00,0,0,255,0
104600,ON,5,0,0.00,-27.00,29.00,-3.12,146,146,0.00,0,0.00,0.00,0.00,0.25,0.00,0.00,0,0,255,0
104723,ON,5,0,0.00,-27.00,28.00,-3.12,146,146,0.00,0,0.00,0.00,0.00,0.25,0.00,0.00,0,0,255,0
104846,ON,5,0,0.00,-27.00,28.00,-3.12,146,146,0.00,0,0.00,0.00,0.00,0.25,0.00,0.00,0,0,255,0
104970,ON,5,0,0.00,-27.00,28.00,-3.12,146,146,0.00,0,0.00,0.00,0.00,0.25,0.00,0.00,0,0,255,0
105097,ON,5,0,0.00,-27.00,28.00,-3.12,146,146,0.00,0,0.00,0.00,0.00,0.25,0.00,0.00,0,0,255,0
105220,ON,5,0,0.00,-27.00,28.00,-3.12,146,146,0.00,0,0.00,0.00,0.00,0.25,0.00,0.00,0,0,255,0
105344,ON,5,0,0.00,-27.00,28.00,-3.12,146,146,0.00,0,0.00,0.00,0.00,0.25,0.00,0.00,0,0,255,0
105467,ON,5,0,0.00,-27.00,28.00,-3.12,146,146,0.00,0,0.00,0.00,0.00,0.25,0.00,0.00,0,0,255,0
105591,ON,5,0,0.00,-27.00,28.00,-3.12,146,146,0.00,0,0.00,0.00,0.00,0.25,0.00,0.00,0,0,255,0
105714,ON,5,0,0.00,-27.00,28.00,-3.12,146,146,0.00,0,0.00,0.00,0.00,0.25,0.00,0.00,0,0,255,0
105841,ON,5,0,0.00,-27.00,28.00,-3.12,146,146,0.00,0,0.00,0.00,0.00,0.25,0.00,0.00,0,0,255,0
105964,ON,5,0,0.00,-27.00,28.00,-3.12,146,146,0.00,0,0.00,0.00,0.00,0.25,0.00,0.00,0,0,255,0
106088,ON,5,0,0.00,-27.00,28.00,-3.12,146,146,0.00,0,0.00,0.00,0.00,0.25,0.00,0.00,0,0,255,0
106211,ON,5,0,0.00,-27.00,28.00,-3.12,146,146,0.00,0,0.00,0.00,0.00,0.25,0.00,0.00,0,0,255,0
106335,ON,5,0,0.00,-27.00,28.00,-3.12,146,146,0.00,0,0.00,0.00,0.00,0.25,0.00,0.00,0,0,255,0
106458,ON,5,0,0.00,-27.00,28.00,-3.12,146,146,0.00,0,0.00,0.00,0.00,0.25,0.00,0.00,0,0,255,0
106585,ON,5,0,0.00,-27.00,28.00,-3.12,146,146,0.00,0,0.00,0.00,0.00,0.25,0.00,0.00,0,0,255,0
106708,ON,5,0,0.00,-27.00,28.00,-3.12,146,146,0.00,0,0.00,0.00,0.00,0.25,0.00,0.00,0,0,255,0
106831,ON,5,0,0.00,-27.00,28.00,-3.12,146,146,0.00,0,0.00,0.00,0.00,0.25,0.00,0.00,0,0,255,0
106955,ON,5,0,0.00,-27.00,28.00,-3.12,146,146,0.00,0,0.00,0.00,0.00,0.25,0.00,0.00,0,0,255,0
107078,ON,5,0,0.00,-27.00,28.00,-3.12,146,146,0.00,0,0.00,0.00,0.00,0.25,0.00,0.00,0,0,255,0
107202,ON,5,0,0.00,-27.00,28.00,-3.12,146,146,0.00,0,0.00,0.00,0.00,0.25,0.00,0.00,0,0,255,0
107329,ON,5,0,0.00,-27.00,28.00,-3.12,146,146,0.00,0,0.00,0.00,0.00,0.25,0.00,0.00,0,0,255,0
107452,ON,5,0,0.00,-27.00,29.00,-3.12,146,146,0.00,0,0.00,0.00,0.00,0.25,0.00,0.00,0,0,255,0
107575,ON,5,0,0.00,-27.00,29.00,-3.12,146,146,0.00,0,0.00,0.00,0.00,0.25,0.00,0.00,0,0,255,0
107699,ON,5,0,0.00,-27.00,29.00,-3.12,146,146,0.00,0,0.00,0.00,0.00,0.25,0.00,0.00,0,0,255,0
107822,ON,5,0,0.00,-27.00,29.00,-3.12,146,146,0.00,0,0.00,0.00,0.00,0.25,0.00,0.00,0,0,255,0
107946,ON,5,0,0.00,-27.00,29.00,-3.12,146,146,0.00,0,0.00,0.00,0.00,0.25,0.00,0.00,0,0,255,0
108073,ON,5,0,0.00,-27.00,29.00,-3.12,146,146,0.00,0,0.00,0.00,0.00,0.25,0.00,0.00,0,0,255,0
108196,ON,5,0,0.00,-27.00,29.00,-3.12,146,146,0.00,0,0.00,0.00,0.00,0.25,0.00,0.00,0,0,255,0
108320,ON,5,0,0.00,-27.00,29.00,-3.12,146,146,0.00,0,0.00,0.00,0.00,0.25,0.00,0.00,0,0,255,0
108443,ON,5,0,0.00,-27.00,28.00,-3.12,146,146,0.00,0,0.00,0.00,0.00,0.25,0.00,0.00,0,0,255,0
108567,ON,5,0,0.00,-27.00,28.00,-3.12,146,146,0.00,0,0.00,0.00,0.00,0.25,0.00,0.00,0,0,255,0
108690,ON,5,0,0.00,-27.00,28.00,-3.12,146,146,0.00,0,0.00,0.00,0.00,0.25,0.00,0.00,0,0,255,0
108816,ON,5,0,0.00,-27.00,28.00,-3.12,146,146,0.00,0,0.00,0.00,0.00,0.25,0.00,0.00,0,0,255,0
108940,ON,5,0,0.00,-27.00,29.00,-3.12,146,146,0.00,0,0.00,0.00,0.00,0.25,0.00,0.00,0,0,255,0
109064,ON,5,0,0.00,-27.00,29.00,-3.12,146,146,0.00,0,0.00,0.00,0.00,0.25,0.00,0.00,0,0,255,0
109187,ON,5,0,0.00,-27.00,29.00,-3.12,146,146,0.00,0,0.00,0.00,0.00,0.25,0.00,0.00,0,0,255,0
109311,ON,5,0,0.00,-27.00,29.00,-3.12,146,146,0.00,0,0.00,0.00,0.00,0.25,0.00,0.00,0,0,255,0
109434,ON,5,0,0.00,-27.00,29.00,-3.12,146,146,0.00,0,0.00,0.00,0.00,0.25,0.00,0.00,0,0,255,0
109561,ON,5,0,0.00,-27.00,29.00,-3.12,146,146,0.00,0,0.00,0.00,0.00,0.25,0.00,0.00,0,0,255,0
109684,ON,5,0,0.00,-27.00,29.00,-3.12,146,146,0.00,0,0.00,0.00,0.00,0.25,0.00,0.00,0,0,255,0
109807,ON,5,0,0.00,-27.00,29.00,-3.12,146,146,0.00,0,0.00,0.00,0.00,0.25,0.00,0.00,0,0,255,0
109931,ON,5,0,0.00,-27.00,29.00,-3.12,146,146,0.00,0,0.00,0.00,0.00,0.25,0.00,0.00,0,0,255,0
110054,ON,5,0,0.00,-27.00,29.00,-3.12,146,146,0.00,0,0.00,0.00,0.00,0.25,0.00,0.00,0,0,255,0
110178,ON,5,0,0.00,-27.00,29.00,-3.12,146,146,0.00,0,0.00,0.00,0.00,0.25,0.00,0.00,0,0,255,0
110304,ON,5,0,0.00,-27.00,29.00,-3.12,146,146,0.00,0,0.00,0.00,0.00,0.25,0.00,0.00,0,0,255,0
110428,ON,5,0,0.00,-27.00,29.00,-3.12,146,146,0.00,0,0.00,0.00,0.00,0.25,0.00,0.00,0,0,255,0
110551,ON,5,0,0.00,-27.00,29.00,-3.12,146,146,0.00,0,0.00,0.00,0.00,0.25,0.00,0.00,0,0,255,0
110675,ON,5,0,0.00,-27.00,29.00,-3.12,146,146,0.00,0,0.00,0.00,0.00,0.25,0.00,0.00,0,0,255,0
110798,ON,5,0,0.00,-27.00,29.00,-3.12,146,146,0.00,0,0.00,0.00,0.00,0.25,0.00,0.00,0,0,255,0
110922,ON,5,0,0.00,-27.00,29.00,-3.12,146,146,0.00,0,0.00,0.00,0.00,0.25,0.00,0.00,0,0,255,0
111049,ON,5,0,0.00,-27.00,29.00,-3.12,146,146,0.00,0,0.00,0.00,0.00,0.25,0.00,0.00,0,0,255,0
111172,ON,5,0,0.00,-27.00,29.00,-3.12,146,146,0.00,0,0.00,0.00,0.00,0.25,0.00,0.00,0,0,255,0
111296,ON,5,0,0.00,-27.00,29.00,-3.12,146,146,0.00,0,0.00,0.00,0.00,0.25,0.00,0.00,0,0,255,0
111419,ON,5,0,0.00,-27.00,29.00,-3.12,146,146,0.00,0,0.00,0.00,0.00,0.25,0.00,0.00,0,0,255,0
111542,ON,5,0,0.00,-27.00,29.00,-3.12,146,146,0.00,0,0.00,0.00,0.00,0.25,0.00,0.00,0,0,255,0
111666,ON,5,0,0.00,-27.00,29.00,-3.12,146,146,0.00,0,0.00,0.00,0.00,0.25,0.00,0.00,0,0,255,0
111792,ON,5,0,0.00,-27.00,29.00,-3.12,146,146,0.00,0,0.00,0.00,0.00,0.25,0.00,0.00,0,0,255,0
111915,ON,5,0,0.00,-27.00,29.00,-3.12,146,146,0.00,0,0.00,0.00,0.00,0.25,0.00,0.00,0,0,255,0
112039,ON,5,0,0.00,-27.00,29.00,-3.12,146,146,0.00,0,0.00,0.00,0.00,0.25,0.00,0.00,0,0,255,0
112162,ON,5,0,0.00,-27.00,28.00,-3.12,146,146,0.00,0,0.00,0.00,0.00,0.25,0.00,0.00,0,0,255,0
112286,ON,5,0,0.00,-27.00,28.00,-3.12,146,146,0.00,0,0.00,0.00,0.00,0.25,0.00,0.00,0,0,255,0
112409,ON,5,0,0.00,-27.00,28.00,-3.12,146,146,0.00,0,0.00,0.00,0.00,0.25,0.00,0.00,0,0,255,0
112535,ON,5,0,0.00,-27.00,28.00,-3.12,146,146,0.00,0,0.00,0.00,0.00,0.25,0.00,0.00,0,0,255,0
112659,ON,5,0,0.00,-27.00,29.00,-3.12,146,146,0.00,0,0.00,0.00,0.00,0.25,0.00,0.00,0,0,255,0
112783,ON,5,0,0.00,-27.00,29.00,-3.12,146,146,0.00,0,0.00,0.00,0.00,0.25,0.00,0.00,0,0,255,0
112906,ON,5,0,0.00,-27.00,29.00,-3.12,146,146,0.00,0,0.00,0.00,0.00,0.25,0.00,0.00,0,0,255,0
113030,ON,5,0,0.00,-27.00,29.00,-3.12,146,146,0.00,0,0.00,0.00,0.00,0.25,0.00,0.00,0,0,255,0
113153,ON,5,0,0.00,-27.00,29.00,-3.12,146,146,0.00,0,0.00,0.00,0.00,0.25,0.00,0.00,0,0,255,0
113280,ON,5,0,0.00,-27.00,29.00,-3.12,146,146,0.00,0,0.00,0.00,0.00,0.25,0.00,0.00,0,0,255,0
113403,ON,5,0,0.00,-27.00,29.00,-3.12,146,146,0.00,0,0.00,0.00,0.00,0.25,0.00,0.00,0,0,255,0
113527,ON,5,0,0.00,-27.00,29.00,-3.12,146,146,0.00,0,0.00,0.00,0.00,0.25,0.00,0.00,0,0,255,0
113650,ON,5,0,0.00,-27.00,29.00,-3.12,146,146,0.00,0,0.00,0.00,0.00,0.25,0.00,0.00,0,0,255,0
113774,ON,5,0,0.00,-27.00,28.00,-3.12,146,146,0.00,0,0.00,0.00,0.00,0.25,0.00,0.00,0,0,255,0
113897,ON,5,0,0.00,-27.00,28.00,-3.12,146,146,0.00,0,0.00,0.00,0.00,0.25,0.00,0.00,0,0,255,0
114024,ON,5,0,0.00,-27.00,28.00,-3.12,146,146,0.00,0,0.00,0.00,0.00,0.25,0.00,0.00,0,0,255,0
114147,ON,5,0,0.00,-27.00,28.00,-3.12,146,146,0.00,0,0.00,0.00,0.00,0.25,0.00,0.00,0,0,255,0
114271,ON,5,0,0.00,-27.00,28.00,-3.12,146,146,0.00,0,0.00,0.00,0.00,0.25,0.00,0.00,0,0,255,0
114394,ON,5,0,0.00,-27.00,28.00,-3.12,146,146,0.00,0,0.00,0.00,0.00,0.25,0.00,0.00,0,0,255,0
114518,ON,5,0,0.00,-27.00,28.00,-3.12,146,146,0.00,0,0.00,0.00,0.00,0.25,0.00,0.00,0,0,255,0
114641,ON,5,0,0.00,-27.00,28.00,-3.12,146,146,0.00,0,0.00,0.00,0.00,0.25,0.00,0.00,0,0,255,0
114768,ON,5,0,0.00,-27.00,28.00,-3.12,146,146,0.00,0,0.00,0.00,0.00,0.25,0.00,0.00,0,0,255,0
114891,ON,5,0,0.00,-27.00,28.00,-3.12,146,146,0.00,0,0.00,0.00,0.00,0.25,0.00,0.00,0,0,255,0
115015,ON,5,0,0.00,-27.00,28.00,-3.12,146,146,0.00,0,0.00,0.00,0.00,0.25,0.00,0.00,0,0,255,0
115138,ON,5,0,0.00,-27.00,28.00,-3.12,146,146,0.00,0,0.00,0.00,0.00,0.25,0.00,0.00,0,0,255,0
115262,ON,5,0,0.00,-27.00,28.00,-3.12,146,146,0.00,0,0.00,0.00,0.00,0.25,0.00,0.00,0,0,255,0
115385,ON,5,0,0.00,-27.00,28.00,-3.12,146,146,0.00,0,0.00,0.00,0.00,0.25,0.00,0.00,0,0,255,0
115512,ON,5,0,0.00,-27.00,28.00,-3.12,146,146,0.00,0,0.00,0.00,0.00,0.25,0.00,0.00,0,0,255,0
115635,ON,5,0,0.00,-27.00,28.00,-3.12,146,146,0.00,0,0.00,0.00,0.00,0.25,0.00,0.00,0,0,255,0
115759,ON,5,0,0.00,-27.00,28.00,-3.12,146,146,0.00,0,0.00,0.00,0.00,0.25,0.00,0.00,0,0,255,0
115882,ON,5,0,0.00,-27.00,28.00,-3.12,146,146,0.00,0,0.00,0.00,0.00,0.25,0.00,0.00,0,0,255,0
116006,ON,5,0,0.00,-27.00,28.00,-3.12,146,146,0.00,0,0.00,0.00,0.00,0.25,0.00,0.00,0,0,255,0
116129,ON,5,0,0.00,-27.00,28.00,-3.12,146,146,0.00,0,0.00,0.00,0.00,0.25,0.00,0.00,0,0,255,0
116256,ON,5,0,0.00,-27.00,28.00,-3.12,146,146,0.00,0,0.00,0.00,0.00,0.25,0.00,0.00,0,0,255,0
116379,ON,5,0,0.00,-27.00,29.00,-3.12,146,146,0.00,0,0.00,0.00,0.00,0.25,0.00,0.00,0,0,255,0
116503,ON,5,0,0.00,-27.00,29.00,-3.12,146,146,0.00,0,0.00,0.00,0.00,0.25,0.00,0.00,0,0,255,0
116626,ON,5,0,0.00,-27.00,29.00,-3.12,146,146,0.00,0,0.00,0.00,0.00,0.25,0.00,0.00,0,0,255,0
116750,ON,5,0,0.00,-27.00,29.00,-3.12,146,146,0.00,0,0.00,0.00,0.00,0.25,0.00,0.00,0,0,255,0
116873,ON,5,0,0.00,-27.00,29.00,-3.12,146,146,0.00,0,0.00,0.00,0.00,0.25,0.00,0.00,0,0,255,0
117000,ON,5,0,0.00,-27.00,29.00,-3.12,146,146,0.00,0,0.00,0.00,0.00,0.25,0.00,0.00,0,0,255,0
117124,ON,5,0,0.00,-27.00,29.00,-3.12,146,146,0.00,0,0.00,0.00,0.00,0.25,0.00,0.00,0,0,255,0
117247,ON,5,0,0.00,-27.00,29.00,-3.12,146,146,0.00,0,0.00,0.00,0.00,0.25,0.00,0.00,0,0,255,0
117371,ON,5,0,0.00,-27.00,29.00,-3.12,146,146,0.00,0,0.00,0.00,0.00,0.25,0.00,0.00,0,0,255,0
117494,ON,5,0,0.00,-27.00,29.00,-3.12,146,146,0.00,0,0.00,0.00,0.00,0.25,0.00,0.00,0,0,255,0
117618,ON,5,0,0.00,-27.00,29.00,-3.12,146,146,0.00,0,0.00,0.00,0.00,0.25,0.00,0.00,0,0,255,0
117744,ON,5,0,0.00,-27.00,29.00,-3.12,146,146,0.00,0,0.00,0.00,0.00,0.25,0.00,0.00,0,0,255,0
117868,ON,5,0,0.00,-27.00,29.00,-3.12,146,146,0.00,0,0.00,0.00,0.00,0.25,0.00,0.00,0,0,255,0
117992,ON,5,0,0.00,-27.00,28.00,-3.12,146,146,0.00,0,0.00,0.00,0.00,0.25,0.00,0.00,0,0,255,0
118115,ON,5,0,0.00,-27.00,28.00,-3.12,146,146,0.00,0,0.00,0.00,0.00,0.25,0.00,0.00,0,0,255,0
118239,ON,5,0,0.00,-27.00,28.00,-3.12,146,146,0.00,0,0.00,0.00,0.00,0.25,0.00,0.00,0,0,255,0
118362,ON,5,0,0.00,-27.00,28.00,-3.12,146,146,0.00,0,0.00,0.00,0.00,0.25,0.00,0.00,0,0,255,0
118489,ON,5,0,0.00,-27.00,29.00,-3.12,146,146,0.00,0,0.00,0.00,0.00,0.25,0.00,0.00,0,0,255,0
118612,ON,5,0,0.00,-27.00,29.00,-3.12,146,146,0.00,0,0.00,0.00,0.00,0.25,0.00,0.00,0,0,255,0
118736,ON,5,0,0.00,-27.00,29.00,-3.12,146,146,0.00,0,0.00,0.00,0.00,0.25,0.00,0.00,0,0,255,0
118859,ON,5,0,0.00,-27.00,29.00,-3.12,146,146,0.00,0,0.00,0.00,0.00,0.25,0.00,0.00,0,0,255,0
118983,ON,5,0,0.00,-27.00,29.00,-3.12,146,146,0.00,0,0.00,0.00,0.00,0.25,0.00,0.00,0,0,255,0
119107,ON,5,0,0.00,-27.00,29.00,-3.12,146,146,0.00,0,0.00,0.00,0.00,0.25,0.00,0.00,0,0,255,0
119233,ON,5,0,0.00,-27.00,29.00,-3.12,146,146,0.00,0,0.00,0.00,0.00,0.25,0.00,0.00,0,0,255,0
119357,ON,5,0,0.00,-27.00,29.00,-3.12,146,146,0.00,0,0.00,0.00,0.00,0.25,0.00,0.00,0,0,255,0
119480,ON,5,0,0.00,-27.00,28.00,-3.12,146,146,0.00,0,0.00,0.00,0.00,0.25,0.00,0.00,0,0,255,0
119604,ON,5,0,0.00,-27.00,28.00,-3.12,146,146,0.00,0,0.00,0.00,0.00,0.25,0.00,0.00,0,0,255,0
119728,ON,5,0,0.00,-27.00,28.00,-3.12,146,146,0.00,0,0.00,0.00,0.00,0.25,0.00,0.00,0,0,255,0
119851,ON,5,0,0.00,-27.00,28.00,-3.12,146,146,0.00,0,0.00,0.00,0.00,0.25,0.00,0.00,0,0,255,0
119978,ON,5,0,0.00,-27.00,28.00,-3.12,146,146,0.00,0,0.00,0.00,0.00,0.25,0.00,0.00,0,0,255,0
120102,ON,5,0,0.00,-27.00,28.00,-3.12,146,146,0.00,0,0.00,0.00,0.00,0.25,0.00,0.00,0,0,255,0
120225,ON,5,0,0.00,-27.00,28.00,-3.12,146,146,0.00,0,0.00,0.00,0.00,0.25,0.00,0.00,0,0,255,0
120349,ON,5,0,0.00,-27.00,28.00,-3.12,146,146,0.00,0,0.00,0.00,0.00,0.25,0.00,0.00,0,0,255,0
120472,ON,5,0,0.00,-27.00,28.00,-3.12,146,146,0.00,0,0.00,0.00,0.00,0.25,0.00,0.00,0,0,255,0
120596,ON,5,0,0.00,-27.00,28.00,-3.12,146,146,0.00,0,0.00,0.00,0.00,0.25,0.00,0.00,0,0,255,0
120723,ON,5,0,0.00,-27.00,28.00,-3.12,146,146,0.00,0,0.00,0.00,0.00,0.25,0.00,0.00,0,0,255,0
120846,ON,5,0,0.00,-27.00,28.00,-3.12,146,146,0.00,0,0.00,0.00,0.00,0.25,0.00,0.00,0,0,255,0
120970,ON,5,0,0.00,-27.00,28.00,-3.12,146,146,0.00,0,0.00,0.00,0.00,0.25,0.00,0.00,0,0,255,0
121093,ON,5,0,0.00,-27.00,29.00,-3.12,146,146,0.00,0,0.00,0.00,0.00,0.25,0.00,0.00,0,0,255,0
121217,ON,5,0,0.00,-27.00,29.00,-3.12,146,146,0.00,0,0.00,0.00,0.00,0.25,0.00,0.00,0,0,255,0
121341,ON,5,0,0.00,-27.00,29.00,-3.12,146,146,0.00,0,0.00,0.00,0.00,0.25,0.00,0.00,0,0,255,0
121467,ON,5,0,0.00,-27.00,29.00,-3.12,146,146,0.00,0,0.00,0.00,0.00,0.25,0.00,0.00,0,0,255,0
121591,ON,5,0,0.00,-27.00,28.00,-3.12,146,146,0.00,0,0.00,0.00,0.00,0.25,0.00,0.00,0,0,255,0
121714,ON,5,0,0.00,-27.00,28.00,-3.12,146,146,0.00,0,0.00,0.00,0.00,0.25,0.00,0.00,0,0,255,0
121838,ON,5,0,0.00,-27.00,28.00,-3.12,146,146,0.00,0,0.00,0.00,0.00,0.25,0.00,0.00,0,0,255,0
121961,ON,5,0,0.00,-27.00,28.00,-3.12,146,146,0.00,0,0.00,0.00,0.00,0.25,0.00,0.00,0,0,255,0
122085,ON,5,0,0.00,-27.00,28.00,-3.12,146,146,0.00,0,0.00,0.00,0.00,0.25,0.00,0.00,0,0,255,0
122211,ON,5,0,0.00,-27.00,29.00,-3.12,146,146,0.00,0,0.00,0.00,0.00,0.25,0.00,0.00,0,0,255,0
122335,ON,5,0,0.00,-27.00,29.00,-3.12,146,146,0.00,0,0.00,0.00,0.00,0.25,0.00,0.00,0,0,255,0
122458,ON,5,0,0.00,-27.00,29.00,-3.12,146,146,0.00,0,0.00,0.00,0.00,0.25,0.00,0.00,0,0,255,0
122582,ON,5,0,0.00,-27.00,29.00,-3.12,146,146,0.00,0,0.00,0.00,0.00,0.25,0.00,0.00,0,0,255,0
122705,ON,5,0,0.00,-27.00,28.00,-3.12,146,146,0.00,0,0.00,0.00,0.00,0.25,0.00,0.00,0,0,255,0
122828,ON,5,0,0.00,-27.00,28.00,-3.12,146,146,0.00,0,0.00,0.00,0.00,0.25,0.00,0.00,0,0,255,0
122955,ON,5,0,0.00,-27.00,28.00,-3.12,146,146,0.00,0,0.00,0.00,0.00,0.25,0.00,0.00,0,0,255,0
123078,ON,5,0,0.00,-27.00,28.00,-3.12,146,146,0.00,0,0.00,0.00,0.00,0.25,0.00,0.00,0,0,255,0
123202,ON,5,0,0.00,-27.00,28.00,-3.12,146,146,0.00,0,0.00,0.00,0.00,0.25,0.00,0.00,0,0,255,0
123325,ON,5,0,0.00,-27.00,28.00,-3.12,146,146,0.00,0,0.00,0.00,0.00,0.25,0.00,0.00,0,0,255,0
123449,ON,5,0,0.00,-27.00,28.00,-3.12,146,146,0.00,0,0.00,0.00,0.00,0.25,0.00,0.00,0,0,255,0
123572,ON,5,0,0.00,-27.00,28.00,-3.12,146,146,0.00,0,0.00,0.00,0.00,0.25,0.00,0.00,0,0,255,0
123699,ON,5,0,0.00,-27.00,29.00,-3.12,146,146,0.00,0,0.00,0.00,0.00,0.25,0.00,0.00,0,0,255,0
123822,ON,5,0,0.00,-27.00,29.00,-3.12,146,146,0.00,0,0.00,0.00,0.00,0.25,0.00,0.00,0,0,255,0
123946,ON,5,0,0.00,-27.00,29.00,-3.12,146,146,0.00,0,0.00,0.00,0.00,0.25,0.00,0.00,0,0,255,0
124069,ON,5,0,0.00,-27.00,29.00,-3.12,146,146,0.00,0,0.00,0.00,0.00,0.25,0.00,0.00,0,0,255,0
124193,ON,5,0,0.00,-27.00,29.00,-3.12,146,146,0.00,0,0.00,0.00,0.00,0.25,0.00,0.00,0,0,255,0
124316,ON,5,0,0.00,-27.00,29.00,-3.12,146,146,0.00,0,0.00,0.00,0.00,0.25,0.00,0.00,0,0,255,0
124443,ON,5,0,0.00,-27.00,29.00,-3.12,146,146,0.00,0,0.00,0.00,0.00,0.25,0.00,0.00,0,0,255,0
124567,ON,5,0,0.00,-27.00,29.00,-3.12,146,146,0.00,0,0.00,0.00,0.00,0.25,0.00,0.00,0,0,255,0
124690,ON,5,0,0.00,-27.00,29.00,-3.12,146,146,0.00,0,0.00,0.00,0.00,0.25,0.00,0.00,0,0,255,0
124814,ON,5,0,0.00,-27.00,28.00,-3.12,146,146,0.00,0,0.00,0.00,0.00,0.25,0.00,0.00,0,0,255,0
124937,ON,5,0,0.00,-27.00,28.00,-3.12,146,146,0.00,0,0.00,0.00,0.00,0.25,0.00,0.00,0,0,255,0
125061,ON,5,0,0.00,-27.00,28.00,-3.12,146,146,0.00,0,0.00,0.00,0.00,0.25,0.00,0.00,0,0,255,0
125188,ON,5,0,0.00,-27.00,28.00,-3.12,146,146,0.00,0,0.00,0.00,0.00,0.25,0.00,0.00,0,0,255,0
125311,ON,5,0,0.00,-27.00,28.00,-3.12,146,146,0.00,0,0.00,0.00,0.00,0.25,0.00,0.00,0,0,255,0
125435,ON,5,0,0.00,-27.00,28.00,-3.12,146,146,0.00,0,0.00,0.00,0.00,0.25,0.00,0.00,0,0,255,0
125559,ON,5,0,0.00,-27.00,28.00,-3.12,146,146,0.00,0,0.00,0.00,0.00,0.25,0.00,0.00,0,0,255,0
125682,ON,5,0,0.00,-27.00,28.00,-3.12,146,146,0.00,0,0.00,0.00,0.00,0.25,0.00,0.00,0,0,255,0
125806,ON,5,0,0.00,-27.00,29.00,-3.12,146,146,0.00,0,0.00,0.00,0.00,0.25,0.00,0.00,0,0,255,0
125933,ON,5,0,0.00,-27.00,29.00,-3.12,146,146,0.00,0,0.00,0.00,0.00,0.25,0.00,0.00,0,0,255,0
126056,ON,5,0,0.00,-27.00,29.00,-3.12,146,146,0.00,0,0.00,0.00,0.00,0.25,0.00,0.00,0,0,255,0
126180,ON,5,0,0.00,-27.00,29.00,-3.12,146,146,0.00,0,0.00,0.00,0.00,0.25,0.00,0.00,0,0,255,0
126303,ON,5,0,0.00,-27.00,29.00,-3.12,146,146,0.00,0,0.00,0.00,0.00,0.25,0.00,0.00,0,0,255,0
126427,ON,5,0,0.00,-27.00,29.00,-3.12,146,146,0.00,0,0.00,0.00,0.00,0.25,0.00,0.00,0,0,255,0
126550,ON,5,0,0.00,-27.00,29.00,-3.12,146,146,0.00,0,0.00,0.00,0.00,0.25,0.00,0.00,0,0,255,0
126677,ON,5,0,0.00,-27.00,29.00,-3.12,146,146,0.00,0,0.00,0.00,0.00,0.25,0.00,0.00,0,0,255,0
126801,ON,5,0,0.00,-27.00,29.00,-3.12,146,146,0.00,0,0.00,0.00,0.00,0.25,0.00,0.00,0,0,255,0
126924,ON,5,0,0.00,-27.00,29.00,-3.12,146,146,0.00,0,0.00,0.00,0.00,0.25,0.00,0.00,0,0,255,0
127048,ON,5,0,0.00,-27.00,29.00,-3.12,146,146,0.00,0,0.00,0.00,0.00,0.25,0.00,0.00,0,0,255,0
127171,ON,5,0,0.00,-27.00,29.00,-3.12,146,146,0.00,0,0.00,0.00,0.00,0.25,0.00,0.00,0,0,255,0
127294,ON,5,0,0.00,-27.00,29.00,-3.12,146,146,0.00,0,0.00,0.00,0.00,0.25,0.00,0.00,0,0,255,0
127421,ON,5,0,0.00,-27.00,28.00,-3.12,146,146,0.00,0,0.00,0.00,0.00,0.25,0.00,0.00,0,0,255,0
127544,ON,5,0,0.00,-27.00,28.00,-3.12,146,146,0.00,0,0.00,0.00,0.00,0.25,0.00,0.00,0,0,255,0
127668,ON,5,0,0.00,-27.00,28.00,-3.12,146,146,0.00,0,0.00,0.00,0.00,0.25,0.00,0.00,0,0,255,0
127791,ON,5,0,0.00,-27.00,28.00,-3.12,146,146,0.00,0,0.00,0.00,0.00,0.25,0.00,0.00,0,0,255,0
127915,ON,5,0,0.00,-27.00,29.00,-3.12,146,146,0.00,0,0.00,0.00,0.00,0.25,0.00,0.00,0,0,255,0
128038,ON,5,0,0.00,-27.00,29.00,-3.12,146,146,0.00,0,0.00,0.00,0.00,0.25,0.00,0.00,0,0,255,0
128165,ON,5,0,0.00,-27.00,29.00,-3.12,146,146,0.00,0,0.00,0.00,0.00,0.25,0.00,0.00,0,0,255,0
