2221,OFF,0,0,0.00,-40.00,-40.00,-100.00,0,0,0.00,0,-64.00,0.00,0.00,0.00,-100.00,0.00,0,0,255,0
2328,ON,5,0,0.00,-27.00,29.00,-3.12,146,146,0.00,0,0.00,0.00,0.00,0.25,0.00,0.00,0,0,255,0
2432,ON,5,0,0.00,-27.00,28.00,-3.12,146,146,0.00,0,0.00,0.00,0.00,0.25,0.00,0.00,0,0,255,0
2536,ON,5,0,0.00,-27.00,29.00,-3.12,146,146,0.00,0,0.00,0.00,0.00,0.25,0.00,0.00,0,0,255,0
2640,ON,5,0,0.00,-27.00,29.00,-3.12,146,146,0.00,0,0.00,0.00,0.00,0.25,0.00,0.00,0,0,255,0
2747,ON,5,0,0.00,-27.00,29.00,-3.12,146,146,0.00,0,0.00,0.00,0.00,0.25,0.00,0.00,0,0,255,0
2861,ON,5,0,0.00,-27.00,29.00,-3.12,146,146,0.00,0,0.00,0.00,0.00,0.25,0.00,0.00,0,0,255,0
2981,ON,5,0,0.00,-27.00,29.00,-3.12,146,146,0.00,0,0.00,0.00,0.00,0.25,0.00,0.00,0,0,255,0
3102,ON,5,0,0.00,-27.00,29.00,-3.12,146,146,0.00,0,0.00,0.00,0.00,0.25,0.00,0.00,0,0,255,0
3223,ON,5,0,0.00,-27.00,29.00,-3.12,146,146,0.00,0,0.00,0.00,0.00,0.25,0.00,0.00,0,0,255,0
3343,ON,5,0,0.00,-27.00,29.00,-3.12,146,146,0.00,0,0.00,0.00,0.00,0.25,0.00,0.00,0,0,255,0
3464,ON,5,0,0.00,-27.00,28.00,-3.12,146,146,0.00,0,0.00,0.00,0.00,0.25,0.00,0.00,0,0,255,0
3584,ON,5,0,0.00,-27.00,28.00,-3.12,146,146,0.00,0,0.00,0.00,0.00,0.25,0.00,0.00,0,0,255,0
3705,ON,5,0,0.00,-27.00,29.00,-3.12,146,146,0.00,0,0.00,0.00,0.00,0.25,0.00,0.00,0,0,255,0
3826,ON,5,0,0.00,-27.00,29.00,-3.12,146,146,0.00,0,0.00,0.00,0.00,0.25,0.00,0.00,0,0,255,0
3946,ON,5,0,0.00,-27.00,29.00,-3.12,146,146,0.00,0,0.00,0.00,0.00,0.25,0.00,0.00,0,0,255,0
4067,ON,5,0,0.00,-27.00,29.00,-3.12,146,146,0.00,0,0.00,0.00,0.00,0.25,0.00,0.00,0,0,255,0
4188,ON,5,0,0.00,-27.00,29.00,-3.12,146,146,0.00,0,0.00,0.00,0.00,0.25,0.00,0.00,0,0,255,0
4308,ON,5,0,0.00,-27.00,28.00,-3.12,146,146,0.00,0,0.00,0.00,0.00,0.25,0.00,0.00,0,0,255,0
4429,ON,5,0,0.00,-27.00,28.00,-3.12,146,146,0.00,0,0.00,0.00,0.00,0.25,0.00,0.00,0,0,255,0
4550,ON,5,0,0.00,-27.00,28.00,-3.12,146,146,0.00,0,0.00,0.00,0.00,0.25,0.00,0.00,0,0,255,0
4670,ON,5,0,0.00,-27.00,29.00,-3.12,146,146,0.00,0,0.00,0.00,0.00,0.25,0.00,0.00,0,0,255,0
4791,ON,5,0,0.00,-27.00,29.00,-3.12,146,146,0.00,0,0.00,0.00,0.00,0.25,0.00,0.00,0,0,255,0
4911,ON,5,0,0.00,-27.00,29.00,-3.12,146,146,0.00,0,0.00,0.00,0.00,0.25,0.00,0.00,0,0,255,0
5032,ON,5,0,0.00,-27.00,29.00,-3.12,146,146,0.00,0,0.00,0.00,0.00,0.25,0.00,0.00,0,0,255,0
5153,ON,5,0,0.00,-27.00,29.00,-3.12,146,146,0.00,0,0.00,0.00,0.00,0.25,0.00,0.00,0,0,255,0
5273,ON,5,0,0.00,-27.00,29.00,-3.12,146,146,0.00,0,0.00,0.00,0.00,0.25,0.00,0.00,0,0,255,0
5394,ON,5,0,0.00,-27.00,29.00,-3.12,146,146,0.00,0,0.00,0.00,0.00,0.25,0.00,0.00,0,0,255,0
5515,ON,5,0,0.00,-27.00,29.00,-3.12,146,146,0.00,0,0.00,0.00,0.00,0.25,0.00,0.00,0,0,255,0
5635,ON,5,0,0.00,-27.00,29.00,-3.12,146,146,0.00,0,0.00,0.00,0.00,0.25,0.00,0.00,0,0,255,0
5756,ON,5,0,0.00,-27.00,29.00,-3.12,146,146,0.00,0,0.00,0.00,0.00,0.25,0.00,0.00,0,0,255,0
5877,ON,5,0,0.00,-27.00,29.00,-3.12,146,146,0.00,0,0.00,0.00,0.00,0.25,0.00,0.00,0,0,255,0
5997,ON,5,0,0.00,-27.00,29.00,-3.12,146,146,0.00,0,0.00,0.00,0.00,0.25,0.00,0.00,0,0,255,0
6118,ON,5,0,0.00,-27.00,29.00,-3.12,146,146,0.00,0,0.00,0.00,0.00,0.25,0.00,0.00,0,0,255,0
6239,ON,5,0,0.00,-27.00,28.00,-3.12,146,146,0.00,0,0.00,0.00,0.00,0.25,0.00,0.00,0,0,255,0
6359,ON,5,0,0.00,-27.00,28.00,-3.12,146,146,0.00,0,0.00,0.00,0.00,0.25,0.00,0.00,0,0,255,0
6480,ON,5,0,0.00,-27.00,29.00,-3.12,146,146,0.00,0,0.00,0.00,0.00,0.25,0.00,0.00,0,0,255,0
6600,ON,5,0,0.00,-27.00,29.00,-3.12,146,146,0.00,0,0.00,0.00,0.00,0.25,0.00,0.00,0,0,255,0
6721,ON,5,0,0.00,-27.00,29.00,-3.12,146,146,0.00,0,0.00,0.00,0.00,0.25,0.00,0.00,0,0,255,0
6842,ON,5,0,0.00,-27.00,29.00,-3.12,146,146,0.00,0,0.00,0.00,0.00,0.25,0.00,0.00,0,0,255,0
6962,ON,5,0,0.00,-27.00,29.00,-3.12,146,146,0.00,0,0.00,0.00,0.00,0.25,0.00,0.00,0,0,255,0
7083,ON,5,0,0.00,-27.00,29.00,-3.12,146,146,0.00,0,0.00,0.00,0.00,0.25,0.00,0.00,0,0,255,0
7204,ON,5,0,0.00,-27.00,28.00,-3.12,146,146,0.00,0,0.00,0.00,0.00,0.25,0.00,0.00,0,0,255,0
7324,ON,5,0,0.00,-27.00,28.00,-3.12,146,146,0.00,0,0.00,0.00,0.00,0.25,0.00,0.00,0,0,255,0
7445,ON,5,0,0.00,-27.00,28.00,-3.12,146,146,0.00,0,0.00,0.00,0.00,0.25,0.00,0.00,0,0,255,0
7566,ON,5,0,0.00,-27.00,29.00,-3.12,146,146,0.00,0,0.00,0.00,0.00,0.25,0.00,0.00,0,0,255,0
7686,ON,5,0,0.00,-27.00,29.00,-3.12,146,146,0.00,0,0.00,0.00,0.00,0.25,0.00,0.00,0,0,255,0
7807,ON,5,0,0.00,-27.00,28.00,-3.12,146,146,0.00,0,0.00,0.00,0.00,0.25,0.00,0.00,0,0,255,0
7927,ON,5,0,0.00,-27.00,28.00,-3.12,146,146,0.00,0,0.00,0.00,0.00,0.25,0.00,0.00,0,0,255,0
8048,ON,5,0,0.00,-27.00,28.00,-3.12,146,146,0.00,0,0.00,0.00,0.00,0.25,0.00,0.00,0,0,255,0
8169,ON,5,0,0.00,-27.00,29.00,-3.12,146,146,0.00,0,0.00,0.00,0.00,0.25,0.00,0.00,0,0,255,0
8289,ON,5,0,0.00,-27.00,29.00,-3.12,146,146,0.00,0,0.00,0.00,0.00,0.25,0.00,0.00,0,0,255,0
8410,ON,5,0,0.00,-27.00,29.00,-3.12,146,146,0.00,0,0.00,0.00,0.00,0.25,0.00,0.00,0,0,255,0
8531,ON,5,0,0.00,-27.00,29.00,-3.12,146,146,0.00,0,0.00,0.00,0.00,0.25,0.00,0.00,0,0,255,0
8651,ON,5,0,0.00,-27.00,29.00,-3.12,146,146,0.00,0,0.00,0.00,0.00,0.25,0.00,0.00,0,0,255,0
8772,ON,5,0,0.00,-27.00,29.00,-3.12,146,146,0.00,0,0.00,0.00,0.00,0.25,0.00,0.00,0,0,255,0
8893,ON,5,0,0.00,-27.00,29.00,-3.12,146,146,0.00,0,0.00,0.00,0.00,0.25,0.00,0.00,0,0,255,0
9013,ON,5,0,0.00,-27.00,29.00,-3.12,146,146,0.00,0,0.00,0.00,0.00,0.25,0.00,0.00,0,0,255,0
9134,ON,5,0,0.00,-27.00,29.00,-3.12,146,146,0.00,0,0.00,0.00,0.00,0.25,0.00,0.00,0,0,255,0
9255,ON,5,0,0.00,-27.00,29.00,-3.12,146,146,0.00,0,0.00,0.00,0.00,0.25,0.00,0.00,0,0,255,0
9375,ON,5,0,0.00,-27.00,28.00,-3.12,146,146,0.00,0,0.00,0.00,0.00,0.25,0.00,0.00,0,0,255,0
9496,ON,5,0,0.00,-27.00,29.00,-3.12,146,146,0.00,0,0.00,0.00,0.00,0.25,0.00,0.00,0,0,255,0
9616,ON,5,0,0.00,-27.00,29.00,-3.12,146,146,0.00,0,0.00,0.00,0.00,0.25,0.00,0.00,0,0,255,0
9737,ON,5,0,0.00,-27.00,29.00,-3.12,146,146,0.00,0,0.00,0.00,0.00,0.25,0.00,0.00,0,0,255,0
9858,ON,5,0,0.00,-27.00,29.00,-3.12,146,146,0.00,0,0.00,0.00,0.00,0.25,0.00,0.00,0,0,255,0
9978,ON,5,0,0.00,-27.00,29.00,-3.12,146,146,0.00,0,0.00,0.00,0.00,0.25,0.00,0.00,0,0,255,0
10099,ON,5,0,0.00,-27.00,28.00,-3.12,146,146,0.00,0,0.00,0.00,0.00,0.25,0.00,0.00,0,0,255,0
10220,ON,5,0,0.00,-27.00,28.00,-3.12,146,146,0.00,0,0.00,0.00,0.00,0.25,0.00,0.00,0,0,255,0
10340,ON,5,0,0.00,-27.00,28.00,-3.12,146,146,0.00,0,0.00,0.00,0.00,0.25,0.00,0.00,0,0,255,0
10461,ON,5,0,0.00,-27.00,29.00,-3.12,146,146,0.00,0,0.00,0.00,0.00,0.25,0.00,0.00,0,0,255,0
10582,ON,5,0,0.00,-27.00,29.00,-3.12,146,146,0.00,0,0.00,0.00,0.00,0.25,0.00,0.00,0,0,255,0
10702,ON,5,0,0.00,-27.00,29.00,-3.12,146,146,0.00,0,0.00,0.00,0.00,0.25,0.00,0.00,0,0,255,0
10823,ON,5,0,0.00,-27.00,29.00,-3.12,146,146,0.00,0,0.00,0.00,0.00,0.25,0.00,0.00,0,0,255,0
10943,ON,5,0,0.00,-27.00,29.00,-3.12,146,146,0.00,0,0.00,0.00,0.00,0.25,0.00,0.00,0,0,255,0
11064,ON,5,0,0.00,-27.00,29.00,-3.12,146,146,0.00,0,0.00,0.00,0.00,0.25,0.00,0.00,0,0,255,0
11185,ON,5,0,0.00,-27.00,29.00,-3.12,146,146,0.00,0,0.00,0.00,0.00,0.25,0.00,0.00,0,0,255,0
11305,ON,5,0,0.00,-27.00,29.00,-3.12,146,146,0.00,0,0.00,0.00,0.00,0.25,0.00,0.00,0,0,255,0
11426,ON,5,0,0.00,-27.00,28.00,-3.12,146,146,0.00,0,0.00,0.00,0.00,0.25,0.00,0.00,0,0,255,0
11547,ON,5,0,0.00,-27.00,28.00,-3.12,146,146,0.00,0,0.00,0.00,0.00,0.25,0.00,0.00,0,0,255,0
11667,ON,5,0,0.00,-27.00,29.00,-3.12,146,146,0.00,0,0.00,0.00,0.00,0.25,0.00,0.00,0,0,255,0
11788,ON,5,0,0.00,-27.00,29.00,-3.12,146,146,0.00,0,0.00,0.00,0.00,0.25,0.00,0.00,0,0,255,0
11909,ON,5,0,0.00,-27.00,28.00,-3.12,146,146,0.00,0,0.00,0.00,0.00,0.25,0.00,0.00,0,0,255,0
12029,ON,5,0,0.00,-27.00,28.00,-3.12,146,146,0.00,0,0.00,0.00,0.00,0.25,0.00,0.00,0,0,255,0
12150,ON,5,0,0.00,-27.00,28.00,-3.12,146,146,0.00,0,0.00,0.00,0.00,0.25,0.00,0.00,0,0,255,0
12271,ON,5,0,0.00,-27.00,29.00,-3.12,146,146,0.00,0,0.00,0.00,0.00,0.25,0.00,0.00,0,0,255,0
12391,ON,5,0,0.00,-27.00,29.00,-3.12,146,146,0.00,0,0.00,0.00,0.00,0.25,0.00,0.00,0,0,255,0
12512,ON,5,0,0.00,-27.00,29.00,-3.12,146,146,0.00,0,0.00,0.00,0.00,0.25,0.00,0.00,0,0,255,0
12632,ON,5,0,0.00,-27.00,29.00,-3.12,146,146,0.00,0,0.00,0.00,0.00,0.25,0.00,0.00,0,0,255,0
12753,ON,5,0,0.00,-27.00,29.00,-3.12,146,146,0.00,0,0.00,0.00,0.00,0.25,0.00,0.00,0,0,255,0
12874,ON,5,0,0.00,-27.00,29.00,-3.12,146,146,0.00,0,0.00,0.00,0.00,0.25,0.00,0.00,0,0,255,0
12994,ON,5,0,0.00,-27.00,28.00,-3.12,146,146,0.00,0,0.00,0.00,0.00,0.25,0.00,0.00,0,0,255,0
13115,ON,5,0,0.00,-27.00,28.00,-3.12,146,146,0.00,0,0.00,0.00,0.00,0.25,0.00,0.00,0,0,255,0
13236,ON,5,0,0.00,-27.00,29.00,-3.12,146,146,0.00,0,0.00,0.00,0.00,0.25,0.00,0.00,0,0,255,0
13356,ON,5,0,0.00,-27.00,29.00,-3.12,146,146,0.00,0,0.00,0.00,0.00,0.25,0.00,0.00,0,0,255,0
13477,ON,5,0,0.00,-27.00,29.00,-3.12,146,146,0.00,0,0.00,0.00,0.00,0.25,0.00,0.00,0,0,255,0
13598,ON,5,0,0.00,-27.00,29.00,-3.12,146,146,0.00,0,0.00,0.00,0.00,0.25,0.00,0.00,0,0,255,0
13718,ON,5,0,0.00,-27.00,29.00,-3.12,146,146,0.00,0,0.00,0.00,0.00,0.25,0.00,0.00,0,0,255,0
13839,ON,5,0,0.00,-27.00,29.00,-3.12,146,146,0.00,0,0.00,0.00,0.00,0.25,0.00,0.00,0,0,255,0
13959,ON,5,0,0.00,-27.00,29.00,-3.12,146,146,0.00,0,0.00,0.00,0.00,0.25,0.00,0.00,0,0,255,0
14080,ON,5,0,0.00,-27.00,29.00,-3.12,146,146,0.00,0,0.00,0.00,0.00,0.25,0.00,0.00,0,0,255,0
14201,ON,5,0,0.00,-27.00,29.00,-3.12,146,146,0.00,0,0.00,0.00,0.00,0.25,0.00,0.00,0,0,255,0
14321,ON,5,0,0.00,-27.00,29.00,-3.12,146,146,0.00,0,0.00,0.00,0.00,0.25,0.00,0.00,0,0,255,0
14442,ON,5,0,0.00,-27.00,28.00,-3.12,146,146,0.00,0,0.00,0.00,0.00,0.25,0.00,0.00,0,0,255,0
14563,ON,5,0,0.00,-27.00,29.00,-3.12,146,146,0.00,0,0.00,0.00,0.00,0.25,0.00,0.00,0,0,255,0
14683,ON,5,0,0.00,-27.00,29.00,-3.12,146,146,0.00,0,0.00,0.00,0.00,0.25,0.00,0.00,0,0,255,0
14804,ON,5,0,0.00,-27.00,29.00,-3.12,146,146,0.00,0,0.00,0.00,0.00,0.25,0.00,0.00,0,0,255,0
14925,ON,5,0,0.00,-27.00,28.00,-3.12,146,146,0.00,0,0.00,0.00,0.00,0.25,0.00,0.00,0,0,255,0
15045,ON,5,0,0.00,-27.00,28.00,-3.12,146,146,0.00,0,0.00,0.00,0.00,0.25,0.00,0.00,0,0,255,0
15166,ON,5,0,0.00,-27.00,29.00,-3.12,146,146,0.00,0,0.00,0.00,0.00,0.25,0.00,0.00,0,0,255,0
15287,ON,5,0,0.00,-27.00,29.00,-3.12,146,146,0.00,0,0.00,0.00,0.00,0.25,0.00,0.00,0,0,255,0
15407,ON,5,0,0.00,-27.00,29.00,-3.12,146,146,0.00,0,0.00,0.00,0.00,0.25,0.00,0.00,0,0,255,0
15528,ON,5,0,0.00,-27.00,29.00,-3.12,146,146,0.00,0,0.00,0.00,0.00,0.25,0.00,0.00,0,0,255,0
15648,ON,5,0,0.00,-27.00,29.00,-3.12,146,146,0.00,0,0.00,0.00,0.00,0.25,0.00,0.00,0,0,255,0
15769,ON,5,0,0.00,-27.00,29.00,-3.12,146,146,0.00,0,0.00,0.00,0.00,0.25,0.00,0.00,0,0,255,0
15890,ON,5,0,0.00,-27.00,28.00,-3.12,146,146,0.00,0,0.00,0.00,0.00,0.25,0.00,0.00,0,0,255,0
16010,ON,5,0,0.00,-27.00,28.00,-3.12,146,146,0.00,0,0.00,0.00,0.00,0.25,0.00,0.00,0,0,255,0
16131,ON,5,0,0.00,-27.00,29.00,-3.12,146,146,0.00,0,0.00,0.00,0.00,0.25,0.00,0.00,0,0,255,0
16252,ON,5,0,0.00,-27.00,29.00,-3.12,146,146,0.00,0,0.00,0.00,0.00,0.25,0.00,0.00,0,0,255,0
16372,ON,5,0,0.00,-27.00,29.00,-3.12,146,146,0.00,0,0.00,0.00,0.00,0.25,0.00,0.00,0,0,255,0
16493,ON,5,0,0.00,-27.00,29.00,-3.12,146,146,0.00,0,0.00,0.00,0.00,0.25,0.00,0.00,0,0,255,0
16614,ON,5,0,0.00,-27.00,29.00,-3.12,146,146,0.00,0,0.00,0.00,0.00,0.25,0.00,0.00,0,0,255,0
16734,ON,5,0,0.00,-27.00,28.00,-3.12,146,146,0.00,0,0.00,0.00,0.00,0.25,0.00,0.00,0,0,255,0
16855,ON,5,0,0.00,-27.00,29.00,-3.12,146,146,0.00,0,0.00,0.00,0.00,0.25,0.00,0.00,0,0,255,0
16975,ON,5,0,0.00,-27.00,29.00,-3.12,146,146,0.00,0,0.00,0.00,0.00,0.25,0.00,0.00,0,0,255,0
17096,ON,5,0,0.00,-27.00,29.00,-3.12,146,146,0.00,0,0.00,0.00,0.00,0.25,0.00,0.00,0,0,255,0
17217,ON,5,0,0.00,-27.00,29.00,-3.12,146,146,0.00,0,0.00,0.00,0.00,0.25,0.00,0.00,0,0,255,0
17337,ON,5,0,0.00,-27.00,29.00,-3.12,146,146,0.00,0,0.00,0.00,0.00,0.25,0.00,0.00,0,0,255,0
17458,ON,5,0,0.00,-27.00,29.00,-3.12,146,146,0.00,0,0.00,0.00,0.00,0.25,0.00,0.00,0,0,255,0
17579,ON,5,0,0.00,-27.00,29.00,-3.12,146,146,0.00,0,0.00,0.00,0.00,0.25,0.00,0.00,0,0,255,0
17699,ON,5,0,0.00,-27.00,29.00,-3.12,146,146,0.00,0,0.00,0.00,0.00,0.25,0.00,0.00,0,0,255,0
17820,ON,5,0,0.00,-27.00,29.00,-3.12,146,146,0.00,0,0.00,0.00,0.00,0.25,0.00,0.00,0,0,255,0
17941,ON,5,0,0.00,-27.00,29.00,-3.12,146,146,0.00,0,0.00,0.00,0.00,0.25,0.00,0.00,0,0,255,0
18061,ON,5,0,0.00,-27.00,28.00,-3.12,146,146,0.00,0,0.00,0.00,0.00,0.25,0.00,0.00,0,0,255,0
18182,ON,5,0,0.00,-27.00,28.00,-3.12,146,146,0.00,0,0.00,0.00,0.00,0.25,0.00,0.00,0,0,255,0
18303,ON,5,0,0.00,-27.00,28.00,-3.12,146,146,0.00,0,0.00,0.00,0.00,0.25,0.00,0.00,0,0,255,0
18423,ON,5,0,0.00,-27.00,29.00,-3.12,146,146,0.00,0,0.00,0.00,0.00,0.25,0.00,0.00,0,0,255,0
18544,ON,5,0,0.00,-27.00,29.00,-3.12,146,146,0.00,0,0.00,0.00,0.00,0.25,0.00,0.00,0,0,255,0
18664,ON,5,0,0.00,-27.00,29.00,-3.12,146,146,0.00,0,0.00,0.00,0.00,0.25,0.00,0.00,0,0,255,0
18785,ON,5,0,0.00,-27.00,29.00,-3.12,146,146,0.00,0,0.00,0.00,0.00,0.25,0.00,0.00,0,0,255,0
18906,ON,5,0,0.00,-27.00,29.00,-3.12,146,146,0.00,0,0.00,0.00,0.00,0.25,0.00,0.00,0,0,255,0
19026,ON,5,0,0.00,-27.00,28.00,-3.12,146,146,0.00,0,0.00,0.00,0.00,0.25,0.00,0.00,0,0,255,0
19147,ON,5,0,0.00,-27.00,28.00,-3.12,146,146,0.00,0,0.00,0.00,0.00,0.25,0.00,0.00,0,0,255,0
19268,ON,5,0,0.00,-27.00,28.00,-3.12,146,146,0.00,0,0.00,0.00,0.00,0.25,0.00,0.00,0,0,255,0
19388,ON,5,0,0.00,-27.00,29.00,-3.12,146,146,0.00,0,0.00,0.00,0.00,0.25,0.00,0.00,0,0,255,0
19509,ON,5,0,0.00,-27.00,29.00,-3.12,146,146,0.00,0,0.00,0.00,0.00,0.25,0.00,0.00,0,0,255,0
19630,ON,5,0,0.00,-27.00,29.00,-3.12,146,146,0.00,0,0.00,0.00,0.00,0.25,0.00,0.00,0,0,255,0
19750,ON,5,0,0.00,-27.00,28.00,-3.12,146,146,0.00,0,0.00,0.00,0.00,0.25,0.00,0.00,0,0,255,0
19871,ON,5,0,0.00,-27.00,28.00,-3.12,146,146,0.00,0,0.00,0.00,0.00,0.25,0.00,0.00,0,0,255,0
19991,ON,5,0,0.00,-27.00,29.00,-3.12,146,146,0.00,0,0.00,0.00,0.00,0.25,0.00,0.00,0,0,255,0
20112,ON,5,0,0.00,-27.00,29.00,-3.12,146,146,0.00,0,0.00,0.00,0.00,0.25,0.00,0.00,0,0,255,0
20233,ON,5,0,0.00,-27.00,28.00,-3.12,146,146,0.00,0,0.00,0.00,0.00,0.25,0.00,0.00,0,0,255,0
20353,ON,5,0,0.00,-27.00,28.00,-3.12,146,146,0.00,0,0.00,0.00,0.00,0.25,0.00,0.00,0,0,255,0
20474,ON,5,0,0.00,-27.00,28.00,-3.12,146,146,0.00,0,0.00,0.00,0.00,0.25,0.00,0.00,0,0,255,0
20595,ON,5,0,0.00,-27.00,29.00,-3.12,146,146,0.00,0,0.00,0.00,0.00,0.25,0.00,0.00,0,0,255,0
20715,ON,5,0,0.00,-27.00,29.00,-3.12,146,146,0.00,0,0.00,0.00,0.00,0.25,0.00,0.00,0,0,255,0
20836,ON,5,0,0.00,-27.00,29.00,-3.12,146,146,0.00,0,0.00,0.00,0.00,0.25,0.00,0.00,0,0,255,0
20957,ON,5,0,0.00,-27.00,28.00,-3.12,146,146,0.00,0,0.00,0.00,0.00,0.25,0.00,0.00,0,0,255,0
21077,ON,5,0,0.00,-27.00,28.00,-3.12,146,146,0.00,0,0.00,0.00,0.00,0.25,0.00,0.00,0,0,255,0
21198,ON,5,0,0.00,-27.00,29.00,-3.12,146,146,0.00,0,0.00,0.00,0.00,0.25,0.00,0.00,0,0,255,0
21319,ON,5,0,0.00,-27.00,29.00,-3.12,146,146,0.00,0,0.00,0.00,0.00,0.25,0.00,0.00,0,0,255,0
21439,ON,5,0,0.00,-27.00,29.00,-3.12,146,146,0.00,0,0.00,0.00,0.00,0.25,0.00,0.00,0,0,255,0
21560,ON,5,0,0.00,-27.00,29.00,-3.12,146,146,0.00,0,0.00,0.00,0.00,0.25,0.00,0.00,0,0,255,0
21680,ON,5,0,0.00,-27.00,29.00,-3.12,146,146,0.00,0,0.00,0.00,0.00,0.25,0.00,0.00,0,0,255,0
21801,ON,5,0,0.00,-27.00,29.00,-3.12,146,146,0.00,0,0.00,0.00,0.00,0.25,0.00,0.00,0,0,255,0
21922,ON,5,0,0.00,-27.00,28.00,-3.12,146,146,0.00,0,0.00,0.00,0.00,0.25,0.00,0.00,0,0,255,0
22042,ON,5,0,0.00,-27.00,29.00,-3.12,146,146,0.00,0,0.00,0.00,0.00,0.25,0.00,0.00,0,0,255,0
22163,ON,5,0,0.00,-27.00,29.00,-3.12,146,146,0.00,0,0.00,0.00,0.00,0.25,0.00,0.00,0,0,255,0
22284,ON,5,0,0.00,-27.00,28.00,-3.12,146,146,0.00,0,0.00,0.00,0.00,0.25,0.00,0.00,0,0,255,0
22404,ON,5,0,0.00,-27.00,28.00,-3.12,146,146,0.00,0,0.00,0.00,0.00,0.25,0.00,0.00,0,0,255,0
22525,ON,5,0,0.00,-27.00,29.00,-3.12,146,146,0.00,0,0.00,0.00,0.00,0.25,0.00,0.00,0,0,255,0
22646,ON,5,0,0.00,-27.00,29.00,-3.12,146,146,0.00,0,0.00,0.00,0.00,0.25,0.00,0.00,0,0,255,0
22766,ON,5,0,0.00,-27.00,29.00,-3.12,146,146,0.00,0,0.00,0.00,0.00,0.25,0.00,0.00,0,0,255,0
22887,ON,5,0,0.00,-27.00,29.00,-3.12,146,146,0.00,0,0.00,0.00,0.00,0.25,0.00,0.00,0,0,255,0
23007,ON,5,0,0.00,-27.00,29.00,-3.12,146,146,0.00,0,0.00,0.00,0.00,0.25,0.00,0.00,0,0,255,0
23128,ON,5,0,0.00,-27.00,29.00,-3.12,146,146,0.00,0,0.00,0.00,0.00,0.25,0.00,0.00,0,0,255,0
23249,ON,5,0,0.00,-27.00,29.00,-3.12,146,146,0.00,0,0.00,0.00,0.00,0.25,0.00,0.00,0,0,255,0
23369,ON,5,0,0.00,-27.00,29.00,-3.12,146,146,0.00,0,0.00,0.00,0.00,0.25,0.00,0.00,0,0,255,0
23490,ON,5,0,0.00,-27.00,29.00,-3.12,146,146,0.00,0,0.00,0.00,0.00,0.25,0.00,0.00,0,0,255,0
23611,ON,5,0,0.00,-27.00,29.00,-3.12,146,146,0.00,0,0.00,0.00,0.00,0.25,0.00,0.00,0,0,255,0
23731,ON,5,0,0.00,-27.00,28.00,-3.12,146,146,0.00,0,0.00,0.00,0.00,0.25,0.00,0.00,0,0,255,0
23852,ON,5,0,0.00,-27.00,28.00,-3.12,146,146,0.00,0,0.00,0.00,0.00,0.25,0.00,0.00,0,0,255,0
23973,ON,5,0,0.00,-27.00,28.00,-3.12,146,146,0.00,0,0.00,0.00,0.00,0.25,0.00,0.00,0,0,255,0
24093,ON,5,0,0.00,-27.00,29.00,-3.12,146,146,0.00,0,0.00,0.00,0.00,0.25,0.00,0.00,0,0,255,0
24214,ON,5,0,0.00,-27.00,29.00,-3.12,146,146,0.00,0,0.00,0.00,0.00,0.25,0.00,0.00,0,0,255,0
24335,ON,5,0,0.00,-27.00,29.00,-3.12,146,146,0.00,0,0.00,0.00,0.00,0.25,0.00,0.00,0,0,255,0
24455,ON,5,0,0.00,-27.00,29.00,-3.12,146,146,0.00,0,0.00,0.00,0.00,0.25,0.00,0.00,0,0,255,0
24576,ON,5,0,0.00,-27.00,29.00,-3.12,146,146,0.00,0,0.00,0.00,0.00,0.25,0.00,0.00,0,0,255,0
24696,ON,5,0,0.00,-27.00,28.00,-3.12,146,146,0.00,0,0.00,0.00,0.00,0.25,0.00,0.00,0,0,255,0
24817,ON,5,0,0.00,-27.00,29.00,-3.12,146,146,0.00,0,0.00,0.00,0.00,0.25,0.00,0.00,0,0,255,0
24938,ON,5,0,0.00,-27.00,29.00,-3.12,146,146,0.00,0,0.00,0.00,0.00,0.25,0.00,0.00,0,0,255,0
25058,ON,5,0,0.00,-27.00,29.00,-3.12,146,146,0.00,0,0.00,0.00,0.00,0.25,0.00,0.00,0,0,255,0
25179,ON,5,0,0.00,-27.00,29.00,-3.12,146,146,0.00,0,0.00,0.00,0.00,0.25,0.00,0.00,0,0,255,0
25300,ON,5,0,0.00,-27.00,29.00,-3.12,146,146,0.00,0,0.00,0.00,0.00,0.25,0.00,0.00,0,0,255,0
25420,ON,5,0,0.00,-27.00,29.00,-3.12,146,146,0.00,0,0.00,0.00,0.00,0.25,0.00,0.00,0,0,255,0
25541,ON,5,0,0.00,-27.00,29.00,-3.12,146,146,0.00,0,0.00,0.00,0.00,0.25,0.00,0.00,0,0,255,0
25662,ON,5,0,0.00,-27.00,29.00,-3.12,146,146,0.00,0,0.00,0.00,0.00,0.25,0.00,0.00,0,0,255,0
25782,ON,5,0,0.00,-27.00,28.00,-3.12,146,146,0.00,0,0.00,0.00,0.00,0.25,0.00,0.00,0,0,255,0
25903,ON,5,0,0.00,-27.00,28.00,-3.12,146,146,0.00,0,0.00,0.00,0.00,0.25,0.00,0.00,0,0,255,0
26023,ON,5,0,0.00,-27.00,29.00,-3.12,146,146,0.00,0,0.00,0.00,0.00,0.25,0.00,0.00,0,0,255,0
26144,ON,5,0,0.00,-27.00,29.00,-3.12,146,146,0.00,0,0.00,0.00,0.00,0.25,0.00,0.00,0,0,255,0
26265,ON,5,0,0.00,-27.00,29.00,-3.12,146,146,0.00,0,0.00,0.00,0.00,0.25,0.00,0.00,0,0,255,0
26385,ON,5,0,0.00,-27.00,28.00,-3.12,146,146,0.00,0,0.00,0.00,0.00,0.25,0.00,0.00,0,0,255,0
26506,ON,5,0,0.00,-27.00,28.00,-3.12,146,146,0.00,0,0.00,0.00,0.00,0.25,0.00,0.00,0,0,255,0
26627,ON,5,0,0.00,-27.00,29.00,-3.12,146,146,0.00,0,0.00,0.00,0.00,0.25,0.00,0.00,0,0,255,0
26747,ON,5,0,0.00,-27.00,29.00,-3.12,146,146,0.00,0,0.00,0.00,0.00,0.25,0.00,0.00,0,0,255,0
26868,ON,5,0,0.00,-27.00,29.00,-3.12,146,146,0.00,0,0.00,0.00,0.00,0.25,0.00,0.00,0,0,255,0
26989,ON,5,0,0.00,-27.00,29.00,-3.12,146,146,0.00,0,0.00,0.00,0.00,0.25,0.00,0.00,0,0,255,0
27109,ON,5,0,0.00,-27.00,28.00,-3.12,146,146,0.00,0,0.00,0.00,0.00,0.25,0.00,0.00,0,0,255,0
27230,ON,5,0,0.00,-27.00,28.00,-3.12,146,146,0.00,0,0.00,0.00,0.00,0.25,0.00,0.00,0,0,255,0
27351,ON,5,0,0.00,-27.00,29.00,-3.12,146,146,0.00,0,0.00,0.00,0.00,0.25,0.00,0.00,0,0,255,0
27471,ON,5,0,0.00,-27.00,29.00,-3.12,146,146,0.00,0,0.00,0.00,0.00,0.25,0.00,0.00,0,0,255,0
27592,ON,5,0,0.00,-27.00,29.00,-3.12,146,146,0.00,0,0.00,0.00,0.00,0.25,0.00,0.00,0,0,255,0
27712,ON,5,0,0.00,-27.00,29.00,-3.12,146,146,0.00,0,0.00,0.00,0.00,0.25,0.00,0.00,0,0,255,0
27833,ON,5,0,0.00,-27.00,29.00,-3.12,146,146,0.00,0,0.00,0.00,0.00,0.25,0.00,0.00,0,0,255,0
27954,ON,5,0,0.00,-27.00,28.00,-3.12,146,146,0.00,0,0.00,0.00,0.00,0.25,0.00,0.00,0,0,255,0
28074,ON,5,0,0.00,-27.00,29.00,-3.12,146,146,0.00,0,0.00,0.00,0.00,0.25,0.00,0.00,0,0,255,0
28195,ON,5,0,0.00,-27.00,29.00,-3.12,146,146,0.00,0,0.00,0.00,0.00,0.25,0.00,0.00,0,0,255,0
28316,ON,5,0,0.00,-27.00,29.00,-3.12,146,146,0.00,0,0.00,0.00,0.00,0.25,0.00,0.00,0,0,255,0
28436,ON,5,0,0.00,-27.00,29.00,-3.12,146,146,0.00,0,0.00,0.00,0.00,0.25,0.00,0.00,0,0,255,0
28557,ON,5,0,0.00,-27.00,29.00,-3.12,146,146,0.00,0,0.00,0.00,0.00,0.25,0.00,0.00,0,0,255,0
28678,ON,5,0,0.00,-27.00,28.00,-3.12,146,146,0.00,0,0.00,0.00,0.00,0.25,0.00,0.00,0,0,255,0
28798,ON,5,0,0.00,-27.00,28.00,-3.12,146,146,0.00,0,0.00,0.00,0.00,0.25,0.00,0.00,0,0,255,0
28919,ON,5,0,0.00,-27.00,29.00,-3.12,146,146,0.00,0,0.00,0.00,0.00,0.25,0.00,0.00,0,0,255,0
29039,ON,5,0,0.00,-27.00,29.00,-3.12,146,146,0.00,0,0.00,0.00,0.00,0.25,0.00,0.00,0,0,255,0
