2314,ON,5,0,0.00,-40.00,-40.00,-100.00,0,0,0.00,0,-64.00,0.00,0.00,0.00,-100.00,0.00,0,0,255,0
2435,ON,5,0,0.00,-27.00,29.00,-3.12,146,146,0.00,0,0.00,0.00,0.00,0.25,0.00,0.00,0,0,255,0
2555,ON,5,0,0.00,-27.00,29.00,-3.12,146,146,0.00,0,0.00,0.00,0.00,0.25,0.00,0.00,0,0,255,0
2797,ON,5,0,0.00,-27.00,29.00,-3.12,146,146,0.00,0,0.00,0.00,0.00,0.25,0.00,0.00,0,0,255,0
2922,ON,5,0,0.00,-27.00,29.00,-3.12,146,146,0.00,0,0.00,0.00,0.00,0.25,0.00,0.00,0,0,255,0
3042,ON,5,0,0.00,-27.00,28.00,-3.12,146,146,0.00,0,0.00,0.00,0.00,0.25,0.00,0.00,0,0,255,0
3163,ON,5,0,0.00,-27.00,28.00,-3.12,146,146,0.00,0,0.00,0.00,0.00,0.25,0.00,0.00,0,0,255,0
3284,ON,5,0,0.00,-27.00,28.00,-3.12,146,146,0.00,0,0.00,0.00,0.00,0.25,0.00,0.00,0,0,255,0
3404,ON,5,0,0.00,-27.00,29.00,-3.12,146,146,0.00,0,0.00,0.00,0.00,0.25,0.00,0.00,0,0,255,0
3525,ON,5,0,0.00,-27.00,29.00,-3.12,146,146,0.00,0,0.00,0.00,0.00,0.25,0.00,0.00,0,0,255,0
3646,ON,5,0,0.00,-27.00,29.00,-3.12,146,146,0.00,0,0.00,0.00,0.00,0.25,0.00,0.00,0,0,255,0
3766,ON,5,0,0.00,-27.00,29.00,-3.12,146,146,0.00,0,0.00,0.00,0.00,0.25,0.00,0.00,0,0,255,0
3887,ON,5,0,0.00,-27.00,29.00,-3.12,146,146,0.00,0,0.00,0.00,0.00,0.25,0.00,0.00,0,0,255,0
4008,ON,5,0,0.00,-27.00,28.00,-3.12,146,146,0.00,0,0.00,0.00,0.00,0.25,0.00,0.00,0,0,255,0
4128,ON,5,0,0.00,-27.00,28.00,-3.12,146,146,0.00,0,0.00,0.00,0.00,0.25,0.00,0.00,0,0,255,0
4249,ON,5,0,0.00,-27.00,28.00,-3.12,146,146,0.00,0,0.00,0.00,0.00,0.25,0.00,0.00,0,0,255,0
4369,ON,5,0,0.00,-27.00,29.00,-3.12,146,146,0.00,0,0.00,0.00,0.00,0.25,0.00,0.00,0,0,255,0
4490,ON,5,0,0.00,-27.00,28.00,-3.12,146,146,0.00,0,0.00,0.00,0.00,0.25,0.00,0.00,0,0,255,0
4611,ON,5,0,0.00,-27.00,28.00,-3.12,146,146,0.00,0,0.00,0.00,0.00,0.25,0.00,0.00,0,0,255,0
4731,ON,5,0,0.00,-27.00,28.00,-3.12,146,146,0.00,0,0.00,0.00,0.00,0.25,0.00,0.00,0,0,255,0
4852,ON,5,0,0.00,-27.00,28.00,-3.12,146,146,0.00,0,0.00,0.00,0.00,0.25,0.00,0.00,0,0,255,0
4973,ON,5,0,0.00,-27.00,28.00,-3.12,146,146,0.00,0,0.00,0.00,0.00,0.25,0.00,0.00,0,0,255,0
5093,ON,5,0,0.00,-27.00,28.00,-3.12,146,146,0.00,0,0.00,0.00,0.00,0.25,0.00,0.00,0,0,255,0
5214,ON,5,0,0.00,-27.00,28.00,-3.12,146,146,0.00,0,0.00,0.00,0.00,0.25,0.00,0.00,0,0,255,0
5335,ON,5,0,0.00,-27.00,28.00,-3.12,146,146,0.00,0,0.00,0.00,0.00,0.25,0.00,0.00,0,0,255,0
5455,ON,5,0,0.00,-27.00,28.00,-3.12,146,146,0.00,0,0.00,0.00,0.00,0.25,0.00,0.00,0,0,255,0
5576,ON,5,0,0.00,-27.00,28.00,-3.12,146,146,0.00,0,0.00,0.00,0.00,0.25,0.00,0.00,0,0,255,0
5696,ON,5,0,0.00,-27.00,29.00,-3.12,146,146,0.00,0,0.00,0.00,0.00,0.25,0.00,0.00,0,0,255,0
5817,ON,5,0,0.00,-27.00,29.00,-3.12,146,146,0.00,0,0.00,0.00,0.00,0.25,0.00,0.00,0,0,255,0
5938,ON,5,0,0.00,-27.00,28.00,-3.12,146,146,0.00,0,0.00,0.00,0.00,0.25,0.00,0.00,0,0,255,0
6058,ON,5,0,0.00,-27.00,29.00,-3.12,146,146,0.00,0,0.00,0.00,0.00,0.25,0.00,0.00,0,0,255,0
6179,ON,5,0,0.00,-27.00,29.00,-3.12,146,146,0.00,0,0.00,0.00,0.00,0.25,0.00,0.00,0,0,255,0
6300,ON,5,0,0.00,-27.00,28.00,-3.12,146,146,0.00,0,0.00,0.00,0.00,0.25,0.00,0.00,0,0,255,0
6420,ON,5,0,0.00,-27.00,28.00,-3.12,146,146,0.00,0,0.00,0.00,0.00,0.25,0.00,0.00,0,0,255,0
6541,ON,5,0,0.00,-27.00,28.00,-3.12,146,146,0.00,0,0.00,0.00,0.00,0.25,0.00,0.00,0,0,255,0
6662,ON,5,0,0.00,-27.00,28.00,-3.12,146,146,0.00,0,0.00,0.00,0.00,0.25,0.00,0.00,0,0,255,0
6782,ON,5,0,0.00,-27.00,29.00,-3.12,146,146,0.00,0,0.00,0.00,0.00,0.25,0.00,0.00,0,0,255,0
6903,ON,5,0,0.00,-27.00,29.00,-3.12,146,146,0.00,0,0.00,0.00,0.00,0.25,0.00,0.00,0,0,255,0
7024,ON,5,0,0.00,-27.00,28.00,-3.12,146,146,0.00,0,0.00,0.00,0.00,0.25,0.00,0.00,0,0,255,0
7144,ON,5,0,0.00,-27.00,28.00,-3.12,146,146,0.00,0,0.00,0.00,0.00,0.25,0.00,0.00,0,0,255,0
7265,ON,5,0,0.00,-27.00,28.00,-3.12,146,146,0.00,0,0.00,0.00,0.00,0.25,0.00,0.00,0,0,255,0
7385,ON,5,0,0.00,-27.00,28.00,-3.12,146,146,0.00,0,0.00,0.00,0.00,0.25,0.00,0.00,0,0,255,0
7506,ON,5,0,0.00,-27.00,28.00,-3.12,146,146,0.00,0,0.00,0.00,0.00,0.25,0.00,0.00,0,0,255,0
7627,ON,5,0,0.00,-27.00,28.00,-3.12,146,146,0.00,0,0.00,0.00,0.00,0.25,0.00,0.00,0,0,255,0
7747,ON,5,0,0.00,-27.00,29.00,-3.12,146,146,0.00,0,0.00,0.00,0.00,0.25,0.00,0.00,0,0,255,0
7868,ON,5,0,0.00,-27.00,29.00,-3.12,146,146,0.00,0,0.00,0.00,0.00,0.25,0.00,0.00,0,0,255,0
7989,ON,5,0,0.00,-27.00,28.00,-3.12,146,146,0.00,0,0.00,0.00,0.00,0.25,0.00,0.00,0,0,255,0
8109,ON,5,0,0.00,-27.00,28.00,-3.12,146,146,0.00,0,0.00,0.00,0.00,0.25,0.00,0.00,0,0,255,0
8230,ON,5,0,0.00,-27.00,28.00,-3.12,146,146,0.00,0,0.00,0.00,0.00,0.25,0.00,0.00,0,0,255,0
8351,ON,5,0,0.00,-27.00,29.00,-3.12,146,146,0.00,0,0.00,0.00,0.00,0.25,0.00,0.00,0,0,255,0
8471,ON,5,0,0.00,-27.00,29.00,-3.12,146,146,0.00,0,0.00,0.00,0.00,0.25,0.00,0.00,0,0,255,0
8592,ON,5,0,0.00,-27.00,29.00,-3.12,146,146,0.00,0,0.00,0.00,0.00,0.25,0.00,0.00,0,0,255,0
8712,ON,5,0,0.00,-27.00,28.00,-3.12,146,146,0.00,0,0.00,0.00,0.00,0.25,0.00,0.00,0,0,255,0
8833,ON,5,0,0.00,-27.00,28.00,-3.12,146,146,0.00,0,0.00,0.00,0.00,0.25,0.00,0.00,0,0,255,0
8954,ON,5,0,0.00,-27.00,28.00,-3.12,146,146,0.00,0,0.00,0.00,0.00,0.25,0.00,0.00,0,0,255,0
9074,ON,5,0,0.00,-27.00,28.00,-3.12,146,146,0.00,0,0.00,0.00,0.00,0.25,0.00,0.00,0,0,255,0
9195,ON,5,0,0.00,-27.00,28.00,-3.12,146,146,0.00,0,0.00,0.00,0.00,0.25,0.00,0.00,0,0,255,0
9316,ON,5,0,0.00,-27.00,29.00,-3.12,146,146,0.00,0,0.00,0.00,0.00,0.25,0.00,0.00,0,0,255,0
9436,ON,5,0,0.00,-27.00,29.00,-3.12,146,146,0.00,0,0.00,0.00,0.00,0.25,0.00,0.00,0,0,255,0
9557,ON,5,0,0.00,-27.00,28.00,-3.12,146,146,0.00,0,0.00,0.00,0.00,0.25,0.00,0.00,0,0,255,0
9678,ON,5,0,0.00,-27.00,28.00,-3.12,146,146,0.00,0,0.00,0.00,0.00,0.25,0.00,0.00,0,0,255,0
9798,ON,5,0,0.00,-27.00,29.00,-3.12,146,146,0.00,0,0.00,0.00,0.00,0.25,0.00,0.00,0,0,255,0
9919,ON,5,0,0.00,-27.00,29.00,-3.12,146,146,0.00,0,0.00,0.00,0.00,0.25,0.00,0.00,0,0,255,0
