2314,ON,5,0,0.00,-40.00,-40.00,-100.00,0,0,0.00,0,-64.00,0.00,0.00,0.00,-100.00,0.00,0,0,255,0
2542,ON,5,0,0.00,-27.00,30.00,-3.12,146,146,0.00,0,0.00,0.00,0.00,0.25,0.00,0.00,0,0,255,0
2649,ON,5,0,0.00,-27.00,30.00,-3.12,146,146,0.00,0,0.00,0.00,0.00,0.25,0.00,0.00,0,0,255,0
2753,ON,5,0,0.00,-27.00,30.00,-3.12,146,146,0.00,0,0.00,0.00,0.00,0.25,0.00,0.00,0,0,255,0
2857,ON,5,0,0.00,-27.00,30.00,-3.12,146,146,0.00,0,0.00,0.00,0.00,0.25,0.00,0.00,0,0,255,0
2964,ON,5,0,0.00,-27.00,30.00,-3.12,146,146,0.00,0,0.00,0.00,0.00,0.25,0.00,0.00,0,0,255,0
3068,ON,5,0,0.00,-27.00,30.00,-3.12,146,146,0.00,0,0.00,0.00,0.00,0.25,0.00,0.00,0,0,255,0
3173,ON,5,0,0.00,-27.00,30.00,-3.12,146,146,0.00,0,0.00,0.00,0.00,0.25,0.00,0.00,0,0,255,0
3278,ON,5,0,0.00,-27.00,30.00,-3.12,146,146,0.00,0,0.00,0.00,0.00,0.25,0.00,0.00,0,0,255,0
3382,ON,5,0,0.00,-27.00,30.00,-3.12,146,146,0.00,0,0.00,0.00,0.00,0.25,0.00,0.00,0,0,255,0
3486,ON,5,0,0.00,-27.00,30.00,-3.12,146,146,0.00,0,0.00,0.00,0.00,0.25,0.00,0.00,0,0,255,0
3594,ON,5,0,0.00,-27.00,30.00,-3.12,146,146,0.00,0,0.00,0.00,0.00,0.25,0.00,0.00,0,0,255,0
3699,ON,5,0,0.00,-27.00,30.00,-3.12,146,146,0.00,0,0.00,0.00,0.00,0.25,0.00,0.00,0,0,255,0
3804,ON,5,0,0.00,-27.00,30.00,-3.12,146,146,0.00,0,0.00,0.00,0.00,0.25,0.00,0.00,0,0,255,0
3908,ON,5,0,0.00,-27.00,30.00,-3.12,146,146,0.00,0,0.00,0.00,0.00,0.25,0.00,0.00,0,0,255,0
4013,ON,5,0,0.00,-27.00,30.00,-3.12,146,146,0.00,0,0.00,0.00,0.00,0.25,0.00,0.00,0,0,255,0
4118,ON,5,0,0.00,-27.00,30.00,-3.12,146,146,0.00,0,0.00,0.00,0.00,0.25,0.00,0.00,0,0,255,0
4226,ON,5,0,0.00,-27.00,30.00,-3.12,146,146,0.00,0,0.00,0.00,0.00,0.25,0.00,0.00,0,0,255,0
4330,ON,5,0,0.00,-27.00,30.00,-3.12,146,146,0.00,0,0.00,0.00,0.00,0.25,0.00,0.00,0,0,255,0
4434,ON,5,0,0.00,-27.00,30.00,-3.12,146,146,0.00,0,0.00,0.00,0.00,0.25,0.00,0.00,0,0,255,0
4539,ON,5,0,0.00,-27.00,30.00,-3.12,146,146,0.00,0,0.00,0.00,0.00,0.25,0.00,0.00,0,0,255,0
4643,ON,5,0,0.00,-27.00,30.00,-3.12,146,146,0.00,0,0.00,0.00,0.00,0.25,0.00,0.00,0,0,255,0
4747,ON,5,0,0.00,-27.00,30.00,-3.12,146,146,0.00,0,0.00,0.00,0.00,0.25,0.00,0.00,0,0,255,0
4855,ON,5,0,0.00,-27.00,30.00,-3.12,146,146,0.00,0,0.00,0.00,0.00,0.25,0.00,0.00,0,0,255,0
4960,ON,5,0,0.00,-27.00,30.00,-3.12,146,146,0.00,0,0.00,0.00,0.00,0.25,0.00,0.00,0,0,255,0
5065,ON,5,0,0.00,-27.00,30.00,-3.12,146,146,0.00,0,0.00,0.00,0.00,0.25,0.00,0.00,0,0,255,0
5170,ON,5,0,0.00,-27.00,30.00,-3.12,146,146,0.00,0,0.00,0.00,0.00,0.25,0.00,0.00,0,0,255,0
5274,ON,5,0,0.00,-27.00,30.00,-3.12,146,146,0.00,0,0.00,0.00,0.00,0.25,0.00,0.00,0,0,255,0
5379,ON,5,0,0.00,-27.00,30.00,-3.12,146,146,0.00,0,0.00,0.00,0.00,0.25,0.00,0.00,0,0,255,0
5487,ON,5,0,0.00,-27.00,30.00,-3.12,146,146,0.00,0,0.00,0.00,0.00,0.25,0.00,0.00,0,0,255,0
5592,ON,5,0,0.00,-27.00,30.00,-3.12,146,146,0.00,0,0.00,0.00,0.00,0.25,0.00,0.00,0,0,255,0
5697,ON,5,0,0.00,-27.00,30.00,-3.12,146,146,0.00,0,0.00,0.00,0.00,0.25,0.00,0.00,0,0,255,0
5802,ON,5,0,0.00,-27.00,30.00,-3.12,146,146,0.00,0,0.00,0.00,0.00,0.25,0.00,0.00,0,0,255,0
5907,ON,5,0,0.00,-27.00,30.00,-3.12,146,146,0.00,0,0.00,0.00,0.00,0.25,0.00,0.00,0,0,255,0
6011,ON,5,0,0.00,-27.00,30.00,-3.12,146,146,0.00,0,0.00,0.00,0.00,0.25,0.00,0.00,0,0,255,0
6119,ON,5,0,0.00,-27.00,30.00,-3.12,146,146,0.00,0,0.00,0.00,0.00,0.25,0.00,0.00,0,0,255,0
6224,ON,5,0,0.00,-27.00,30.00,-3.12,146,146,0.00,0,0.00,0.00,0.00,0.25,0.00,0.00,0,0,255,0
6329,ON,5,0,0.00,-27.00,30.00,-3.12,146,146,0.00,0,0.00,0.00,0.00,0.25,0.00,0.00,0,0,255,0
6433,ON,5,0,0.00,-27.00,30.00,-3.12,146,146,0.00,0,0.00,0.00,0.00,0.25,0.00,0.00,0,0,255,0
6537,ON,5,0,0.00,-27.00,30.00,-3.12,146,146,0.00,0,0.00,0.00,0.00,0.25,0.00,0.00,0,0,255,0
6642,ON,5,0,0.00,-27.00,30.00,-3.12,146,146,0.00,0,0.00,0.00,0.00,0.25,0.00,0.00,0,0,255,0
6750,ON,5,0,0.00,-27.00,30.00,-3.12,146,146,0.00,0,0.00,0.00,0.00,0.25,0.00,0.00,0,0,255,0
6855,ON,5,0,0.00,-27.00,30.00,-3.12,146,146,0.00,0,0.00,0.00,0.00,0.25,0.00,0.00,0,0,255,0
6960,ON,5,0,0.00,-27.00,30.00,-3.12,146,146,0.00,0,0.00,0.00,0.00,0.25,0.00,0.00,0,0,255,0
7065,ON,5,0,0.00,-27.00,30.00,-3.12,146,146,0.00,0,0.00,0.00,0.00,0.25,0.00,0.00,0,0,255,0
7170,ON,5,0,0.00,-27.00,30.00,-3.12,146,146,0.00,0,0.00,0.00,0.00,0.25,0.00,0.00,0,0,255,0
7275,ON,5,0,0.00,-27.00,30.00,-3.12,146,146,0.00,0,0.00,0.00,0.00,0.25,0.00,0.00,0,0,255,0
7383,ON,5,0,0.00,-27.00,30.00,-3.12,146,146,0.00,0,0.00,0.00,0.00,0.25,0.00,0.00,0,0,255,0
7488,ON,5,0,0.00,-27.00,30.00,-3.12,146,146,0.00,0,0.00,0.00,0.00,0.25,0.00,0.00,0,0,255,0
7592,ON,5,0,0.00,-27.00,30.00,-3.12,146,146,0.00,0,0.00,0.00,0.00,0.25,0.00,0.00,0,0,255,0
7697,ON,5,0,0.00,-27.00,30.00,-3.12,146,146,0.00,0,0.00,0.00,0.00,0.25,0.00,0.00,0,0,255,0
7802,ON,5,0,0.00,-27.00,30.00,-3.12,146,146,0.00,0,0.00,0.00,0.00,0.25,0.00,0.00,0,0,255,0
7907,ON,5,0,0.00,-27.00,30.00,-3.12,146,146,0.00,0,0.00,0.00,0.00,0.25,0.00,0.00,0,0,255,0
8015,ON,5,0,0.00,-27.00,30.00,-3.12,146,146,0.00,0,0.00,0.00,0.00,0.25,0.00,0.00,0,0,255,0
8119,ON,5,0,0.00,-27.00,30.00,-3.12,146,146,0.00,0,0.00,0.00,0.00,0.25,0.00,0.00,0,0,255,0
8223,ON,5,0,0.00,-27.00,30.00,-3.12,146,146,0.00,0,0.00,0.00,0.00,0.25,0.00,0.00,0,0,255,0
8328,ON,5,0,0.00,-27.00,30.00,-3.12,146,146,0.00,0,0.00,0.00,0.00,0.25,0.00,0.00,0,0,255,0
8432,ON,5,0,0.00,-27.00,30.00,-3.12,146,146,0.00,0,0.00,0.00,0.00,0.25,0.00,0.00,0,0,255,0
8536,ON,5,0,0.00,-27.00,30.00,-3.12,146,146,0.00,0,0.00,0.00,0.00,0.25,0.00,0.00,0,0,255,0
8644,ON,5,0,0.00,-27.00,30.00,-3.12,146,146,0.00,0,0.00,0.00,0.00,0.25,0.00,0.00,0,0,255,0
8749,ON,5,0,0.00,-27.00,30.00,-3.12,146,146,0.00,0,0.00,0.00,0.00,0.25,0.00,0.00,0,0,255,0
8853,ON,5,0,0.00,-27.00,30.00,-3.12,146,146,0.00,0,0.00,0.00,0.00,0.25,0.00,0.00,0,0,255,0
8958,ON,5,0,0.00,-27.00,30.00,-3.12,146,146,0.00,0,0.00,0.00,0.00,0.25,0.00,0.00,0,0,255,0
9062,ON,5,0,0.00,-27.00,30.00,-3.12,146,146,0.00,0,0.00,0.00,0.00,0.25,0.00,0.00,0,0,255,0
9167,ON,5,0,0.00,-27.00,30.00,-3.12,146,146,0.00,0,0.00,0.00,0.00,0.25,0.00,0.00,0,0,255,0
9275,ON,5,0,0.00,-27.00,30.00,-3.12,146,146,0.00,0,0.00,0.00,0.00,0.25,0.00,0.00,0,0,255,0
9380,ON,5,0,0.00,-27.00,30.00,-3.12,146,146,0.00,0,0.00,0.00,0.00,0.25,0.00,0.00,0,0,255,0
9484,ON,5,0,0.00,-27.00,30.00,-3.12,146,146,0.00,0,0.00,0.00,0.00,0.25,0.00,0.00,0,0,255,0
9589,ON,5,0,0.00,-27.00,30.00,-3.12,146,146,0.00,0,0.00,0.00,0.00,0.25,0.00,0.00,0,0,255,0
9694,ON,5,0,0.00,-27.00,30.00,-3.12,146,146,0.00,0,0.00,0.00,0.00,0.25,0.00,0.00,0,0,255,0
9798,ON,5,0,0.00,-27.00,30.00,-3.12,146,146,0.00,0,0.00,0.00,0.00,0.25,0.00,0.00,0,0,255,0
9906,ON,5,0,0.00,-27.00,30.00,-3.12,146,146,0.00,0,0.00,0.00,0.00,0.25,0.00,0.00,0,0,255,0
10011,ON,5,0,0.00,-27.00,30.00,-3.12,146,146,0.00,0,0.00,0.00,0.00,0.25,0.00,0.00,0,0,255,0
10116,ON,5,0,0.00,-27.00,30.00,-3.12,146,146,0.00,0,0.00,0.00,0.00,0.25,0.00,0.00,0,0,255,0
10221,ON,5,0,0.00,-27.00,30.00,-3.12,146,146,0.00,0,0.00,0.00,0.00,0.25,0.00,0.00,0,0,255,0
10325,ON,5,0,0.00,-27.00,30.00,-3.12,146,146,0.00,0,0.00,0.00,0.00,0.25,0.00,0.00,0,0,255,0
10430,ON,5,0,0.00,-27.00,30.00,-3.12,146,146,0.00,0,0.00,0.00,0.00,0.25,0.00,0.00,0,0,255,0
10538,ON,5,0,0.00,-27.00,30.00,-3.12,146,146,0.00,0,0.00,0.00,0.00,0.25,0.00,0.00,0,0,255,0
10643,ON,5,0,0.00,-27.00,30.00,-3.12,146,146,0.00,0,0.00,0.00,0.00,0.25,0.00,0.00,0,0,255,0
10747,ON,5,0,0.00,-27.00,30.00,-3.12,146,146,0.00,0,0.00,0.00,0.00,0.25,0.00,0.00,0,0,255,0
10852,ON,5,0,0.00,-27.00,30.00,-3.12,146,146,0.00,0,0.00,0.00,0.00,0.25,0.00,0.00,0,0,255,0
10957,ON,5,0,0.00,-27.00,30.00,-3.12,146,146,0.00,0,0.00,0.00,0.00,0.25,0.00,0.00,0,0,255,0
11061,ON,5,0,0.00,-27.00,30.00,-3.12,146,146,0.00,0,0.00,0.00,0.00,0.25,0.00,0.00,0,0,255,0
11169,ON,5,0,0.00,-27.00,30.00,-3.12,146,146,0.00,0,0.00,0.00,0.00,0.25,0.00,0.00,0,0,255,0
11274,ON,5,0,0.00,-27.00,30.00,-3.12,146,146,0.00,0,0.00,0.00,0.00,0.25,0.00,0.00,0,0,255,0
11378,ON,5,0,0.00,-27.00,30.00,-3.12,146,146,0.00,0,0.00,0.00,0.00,0.25,0.00,0.00,0,0,255,0
11482,ON,5,0,0.00,-27.00,30.00,-3.12,146,146,0.00,0,0.00,0.00,0.00,0.25,0.00,0.00,0,0,255,0
11586,ON,5,0,0.00,-27.00,30.00,-3.12,146,146,0.00,0,0.00,0.00,0.00,0.25,0.00,0.00,0,0,255,0
11691,ON,5,0,0.00,-27.00,30.00,-3.12,146,146,0.00,0,0.00,0.00,0.00,0.25,0.00,0.00,0,0,255,0
11799,ON,5,0,0.00,-27.00,30.00,-3.12,146,146,0.00,0,0.00,0.00,0.00,0.25,0.00,0.00,0,0,255,0
11903,ON,5,0,0.00,-27.00,30.00,-3.12,146,146,0.00,0,0.00,0.00,0.00,0.25,0.00,0.00,0,0,255,0
12007,ON,5,0,0.00,-27.00,30.00,-3.12,146,146,0.00,0,0.00,0.00,0.00,0.25,0.00,0.00,0,0,255,0
12111,ON,5,0,0.00,-27.00,30.00,-3.12,146,146,0.00,0,0.00,0.00,0.00,0.25,0.00,0.00,0,0,255,0
12215,ON,5,0,0.00,-27.00,30.00,-3.12,146,146,0.00,0,0.00,0.00,0.00,0.25,0.00,0.00,0,0,255,0
12319,ON,5,0,0.00,-27.00,30.00,-3.12,146,146,0.00,0,0.00,0.00,0.00,0.25,0.00,0.00,0,0,255,0
12426,ON,5,0,0.00,-27.00,30.00,-3.12,146,146,0.00,0,0.00,0.00,0.00,0.25,0.00,0.00,0,0,255,0
12530,ON,5,0,0.00,-27.00,30.00,-3.12,146,146,0.00,0,0.00,0.00,0.00,0.25,0.00,0.00,0,0,255,0
12634,ON,5,0,0.00,-27.00,30.00,-3.12,146,146,0.00,0,0.00,0.00,0.00,0.25,0.00,0.00,0,0,255,0
12738,ON,5,0,0.00,-27.00,30.00,-3.12,146,146,0.00,0,0.00,0.00,0.00,0.25,0.00,0.00,0,0,255,0
12842,ON,5,0,0.00,-27.00,30.00,-3.12,146,146,0.00,0,0.00,0.00,0.00,0.25,0.00,0.00,0,0,255,0
12946,ON,5,0,0.00,-27.00,30.00,-3.12,146,146,0.00,0,0.00,0.00,0.00,0.25,0.00,0.00,0,0,255,0
13054,ON,5,0,0.00,-27.00,30.00,-3.12,146,146,0.00,0,0.00,0.00,0.00,0.25,0.00,0.00,0,0,255,0
13158,ON,5,0,0.00,-27.00,30.00,-3.12,146,146,0.00,0,0.00,0.00,0.00,0.25,0.00,0.00,0,0,255,0
13262,ON,5,0,0.00,-27.00,30.00,-3.12,146,146,0.00,0,0.00,0.00,0.00,0.25,0.00,0.00,0,0,255,0
13366,ON,5,0,0.00,-27.00,30.00,-3.12,146,146,0.00,0,0.00,0.00,0.00,0.25,0.00,0.00,0,0,255,0
13470,ON,5,0,0.00,-27.00,30.00,-3.12,146,146,0.00,0,0.00,0.00,0.00,0.25,0.00,0.00,0,0,255,0
13574,ON,5,0,0.00,-27.00,30.00,-3.12,146,146,0.00,0,0.00,0.00,0.00,0.25,0.00,0.00,0,0,255,0
13682,ON,5,0,0.00,-27.00,30.00,-3.12,146,146,0.00,0,0.00,0.00,0.00,0.25,0.00,0.00,0,0,255,0
13786,ON,5,0,0.00,-27.00,30.00,-3.12,146,146,0.00,0,0.00,0.00,0.00,0.25,0.00,0.00,0,0,255,0
13890,ON,5,0,0.00,-27.00,30.00,-3.12,146,146,0.00,0,0.00,0.00,0.00,0.25,0.00,0.00,0,0,255,0
13994,ON,5,0,0.00,-27.00,30.00,-3.12,146,146,0.00,0,0.00,0.00,0.00,0.25,0.00,0.00,0,0,255,0
14098,ON,5,0,0.00,-27.00,30.00,-3.12,146,146,0.00,0,0.00,0.00,0.00,0.25,0.00,0.00,0,0,255,0
14202,ON,5,0,0.00,-27.00,30.00,-3.12,146,146,0.00,0,0.00,0.00,0.00,0.25,0.00,0.00,0,0,255,0
14310,ON,5,0,0.00,-27.00,30.00,-3.12,146,146,0.00,0,0.00,0.00,0.00,0.25,0.00,0.00,0,0,255,0
14414,ON,5,0,0.00,-27.00,30.00,-3.12,146,146,0.00,0,0.00,0.00,0.00,0.25,0.00,0.00,0,0,255,0
14518,ON,5,0,0.00,-27.00,30.00,-3.12,146,146,0.00,0,0.00,0.00,0.00,0.25,0.00,0.00,0,0,255,0
14623,ON,5,0,0.00,-27.00,30.00,-3.12,146,146,0.00,0,0.00,0.00,0.00,0.25,0.00,0.00,0,0,255,0
14727,ON,5,0,0.00,-27.00,30.00,-3.12,146,146,0.00,0,0.00,0.00,0.00,0.25,0.00,0.00,0,0,255,0
14831,ON,5,0,0.00,-27.00,30.00,-3.12,146,146,0.00,0,0.00,0.00,0.00,0.25,0.00,0.00,0,0,255,0
14938,ON,5,0,0.00,-27.00,30.00,-3.12,146,146,0.00,0,0.00,0.00,0.00,0.25,0.00,0.00,0,0,255,0
15043,ON,5,0,0.00,-27.00,30.00,-3.12,146,146,0.00,0,0.00,0.00,0.00,0.25,0.00,0.00,0,0,255,0
15147,ON,5,0,0.00,-27.00,30.00,-3.12,146,146,0.00,0,0.00,0.00,0.00,0.25,0.00,0.00,0,0,255,0
15252,ON,5,0,0.00,-27.00,30.00,-3.12,146,146,0.00,0,0.00,0.00,0.00,0.25,0.00,0.00,0,0,255,0
15356,ON,5,0,0.00,-27.00,30.00,-3.12,146,146,0.00,0,0.00,0.00,0.00,0.25,0.00,0.00,0,0,255,0
15461,ON,5,0,0.00,-27.00,30.00,-3.12,146,146,0.00,0,0.00,0.00,0.00,0.25,0.00,0.00,0,0,255,0
15569,ON,5,0,0.00,-27.00,30.00,-3.12,146,146,0.00,0,0.00,0.00,0.00,0.25,0.00,0.00,0,0,255,0
15674,ON,5,0,0.00,-27.00,30.00,-3.12,146,146,0.00,0,0.00,0.00,0.00,0.25,0.00,0.00,0,0,255,0
15778,ON,5,0,0.00,-27.00,30.00,-3.12,146,146,0.00,0,0.00,0.00,0.00,0.25,0.00,0.00,0,0,255,0
15883,ON,5,0,0.00,-27.00,30.00,-3.12,146,146,0.00,0,0.00,0.00,0.00,0.25,0.00,0.00,0,0,255,0
15988,ON,5,0,0.00,-27.00,30.00,-3.12,146,146,0.00,0,0.00,0.00,0.00,0.25,0.00,0.00,0,0,255,0
16093,ON,5,0,0.00,-27.00,30.00,-3.12,146,146,0.00,0,0.00,0.00,0.00,0.25,0.00,0.00,0,0,255,0
16201,ON,5,0,0.00,-27.00,30.00,-3.12,146,146,0.00,0,0.00,0.00,0.00,0.25,0.00,0.00,0,0,255,0
16306,ON,5,0,0.00,-27.00,30.00,-3.12,146,146,0.00,0,0.00,0.00,0.00,0.25,0.00,0.00,0,0,255,0
16411,ON,5,0,0.00,-27.00,30.00,-3.12,146,146,0.00,0,0.00,0.00,0.00,0.25,0.00,0.00,0,0,255,0
16516,ON,5,0,0.00,-27.00,30.00,-3.12,146,146,0.00,0,0.00,0.00,0.00,0.25,0.00,0.00,0,0,255,0
16621,ON,5,0,0.00,-27.00,30.00,-3.12,146,146,0.00,0,0.00,0.00,0.00,0.25,0.00,0.00,0,0,255,0
16726,ON,5,0,0.00,-27.00,30.00,-3.12,146,146,0.00,0,0.00,0.00,0.00,0.25,0.00,0.00,0,0,255,0
16834,ON,5,0,0.00,-27.00,30.00,-3.12,146,146,0.00,0,0.00,0.00,0.00,0.25,0.00,0.00,0,0,255,0
16939,ON,5,0,0.00,-27.00,30.00,-3.12,146,146,0.00,0,0.00,0.00,0.00,0.25,0.00,0.00,0,0,255,0
17044,ON,5,0,0.00,-27.00,30.00,-3.12,146,146,0.00,0,0.00,0.00,0.00,0.25,0.00,0.00,0,0,255,0
17154,ON,5,0,0.00,-27.00,30.00,-3.12,146,146,0.00,0,0.00,0.00,0.00,0.25,0.00,0.00,0,0,255,0
17258,ON,5,0,0.00,-27.00,30.00,-3.12,146,146,0.00,0,0.00,0.00,0.00,0.25,0.00,0.00,0,0,255,0
17362,ON,5,0,0.00,-27.00,30.00,-3.12,146,146,0.00,0,0.00,0.00,0.00,0.25,0.00,0.00,0,0,255,0
17469,ON,5,0,0.00,-27.00,30.00,-3.12,146,146,0.00,0,0.00,0.00,0.00,0.25,0.00,0.00,0,0,255,0
17573,ON,5,0,0.00,-27.00,30.00,-3.12,146,146,0.00,0,0.00,0.00,0.00,0.25,0.00,0.00,0,0,255,0
17677,ON,5,0,0.00,-27.00,30.00,-3.12,146,146,0.00,0,0.00,0.00,0.00,0.25,0.00,0.00,0,0,255,0
17781,ON,5,0,0.00,-27.00,30.00,-3.12,146,146,0.00,0,0.00,0.00,0.00,0.25,0.00,0.00,0,0,255,0
17885,ON,5,0,0.00,-27.00,30.00,-3.12,146,146,0.00,0,0.00,0.00,0.00,0.25,0.00,0.00,0,0,255,0
17990,ON,5,0,0.00,-27.00,30.00,-3.12,146,146,0.00,0,0.00,0.00,0.00,0.25,0.00,0.00,0,0,255,0
18098,ON,5,0,0.00,-27.00,30.00,-3.12,146,146,0.00,0,0.00,0.00,0.00,0.25,0.00,0.00,0,0,255,0
18202,ON,5,0,0.00,-27.00,30.00,-3.12,146,146,0.00,0,0.00,0.00,0.00,0.25,0.00,0.00,0,0,255,0
18306,ON,5,0,0.00,-27.00,30.00,-3.12,146,146,0.00,0,0.00,0.00,0.00,0.25,0.00,0.00,0,0,255,0
18411,ON,5,0,0.00,-27.00,30.00,-3.12,146,146,0.00,0,0.00,0.00,0.00,0.25,0.00,0.00,0,0,255,0
18515,ON,5,0,0.00,-27.00,30.00,-3.12,146,146,0.00,0,0.00,0.00,0.00,0.25,0.00,0.00,0,0,255,0
18620,ON,5,0,0.00,-27.00,30.00,-3.12,146,146,0.00,0,0.00,0.00,0.00,0.25,0.00,0.00,0,0,255,0
18728,ON,5,0,0.00,-27.00,30.00,-3.12,146,146,0.00,0,0.00,0.00,0.00,0.25,0.00,0.00,0,0,255,0
18832,ON,5,0,0.00,-27.00,30.00,-3.12,146,146,0.00,0,0.00,0.00,0.00,0.25,0.00,0.00,0,0,255,0
18936,ON,5,0,0.00,-27.00,30.00,-3.12,146,146,0.00,0,0.00,0.00,0.00,0.25,0.00,0.00,0,0,255,0
19040,ON,5,0,0.00,-27.00,30.00,-3.12,146,146,0.00,0,0.00,0.00,0.00,0.25,0.00,0.00,0,0,255,0
19144,ON,5,0,0.00,-27.00,30.00,-3.12,146,146,0.00,0,0.00,0.00,0.00,0.25,0.00,0.00,0,0,255,0
19248,ON,5,0,0.00,-27.00,30.00,-3.12,146,146,0.00,0,0.00,0.00,0.00,0.25,0.00,0.00,0,0,255,0
19356,ON,5,0,0.00,-27.00,30.00,-3.12,146,146,0.00,0,0.00,0.00,0.00,0.25,0.00,0.00,0,0,255,0
19460,ON,5,0,0.00,-27.00,30.00,-3.12,146,146,0.00,0,0.00,0.00,0.00,0.25,0.00,0.00,0,0,255,0
19564,ON,5,0,0.00,-27.00,30.00,-3.12,146,146,0.00,0,0.00,0.00,0.00,0.25,0.00,0.00,0,0,255,0
19668,ON,5,0,0.00,-27.00,30.00,-3.12,146,146,0.00,0,0.00,0.00,0.00,0.25,0.00,0.00,0,0,255,0
19772,ON,5,0,0.00,-27.00,30.00,-3.12,146,146,0.00,0,0.00,0.00,0.00,0.25,0.00,0.00,0,0,255,0
19876,ON,5,0,0.00,-27.00,30.00,-3.12,146,146,0.00,0,0.00,0.00,0.00,0.25,0.00,0.00,0,0,255,0
19983,ON,5,0,0.00,-27.00,30.00,-3.12,146,146,0.00,0,0.00,0.00,0.00,0.25,0.00,0.00,0,0,255,0
20087,ON,5,0,0.00,-27.00,30.00,-3.12,146,146,0.00,0,0.00,0.00,0.00,0.25,0.00,0.00,0,0,255,0
20191,ON,5,0,0.00,-27.00,30.00,-3.12,146,146,0.00,0,0.00,0.00,0.00,0.25,0.00,0.00,0,0,255,0
20295,ON,5,0,0.00,-27.00,30.00,-3.12,146,146,0.00,0,0.00,0.00,0.00,0.25,0.00,0.00,0,0,255,0
20399,ON,5,0,0.00,-27.00,30.00,-3.12,146,146,0.00,0,0.00,0.00,0.00,0.25,0.00,0.00,0,0,255,0
20503,ON,5,0,0.00,-27.00,30.00,-3.12,146,146,0.00,0,0.00,0.00,0.00,0.25,0.00,0.00,0,0,255,0
20610,ON,5,0,0.00,-27.00,30.00,-3.12,146,146,0.00,0,0.00,0.00,0.00,0.25,0.00,0.00,0,0,255,0
20714,ON,5,0,0.00,-27.00,30.00,-3.12,146,146,0.00,0,0.00,0.00,0.00,0.25,0.00,0.00,0,0,255,0
20818,ON,5,0,0.00,-27.00,30.00,-3.12,146,146,0.00,0,0.00,0.00,0.00,0.25,0.00,0.00,0,0,255,0
20922,ON,5,0,0.00,-27.00,30.00,-3.12,146,146,0.00,0,0.00,0.00,0.00,0.25,0.00,0.00,0,0,255,0
21026,ON,5,0,0.00,-27.00,30.00,-3.12,146,146,0.00,0,0.00,0.00,0.00,0.25,0.00,0.00,0,0,255,0
21130,ON,5,0,0.00,-27.00,30.00,-3.12,146,146,0.00,0,0.00,0.00,0.00,0.25,0.00,0.00,0,0,255,0
21237,ON,5,0,0.00,-27.00,30.00,-3.12,146,146,0.00,0,0.00,0.00,0.00,0.25,0.00,0.00,0,0,255,0
21341,ON,5,0,0.00,-27.00,30.00,-3.12,146,146,0.00,0,0.00,0.00,0.00,0.25,0.00,0.00,0,0,255,0
21445,ON,5,0,0.00,-27.00,30.00,-3.12,146,146,0.00,0,0.00,0.00,0.00,0.25,0.00,0.00,0,0,255,0
21549,ON,5,0,0.00,-27.00,30.00,-3.12,146,146,0.00,0,0.00,0.00,0.00,0.25,0.00,0.00,0,0,255,0
21653,ON,5,0,0.00,-27.00,30.00,-3.12,146,146,0.00,0,0.00,0.00,0.00,0.25,0.00,0.00,0,0,255,0
21757,ON,5,0,0.00,-27.00,30.00,-3.12,146,146,0.00,0,0.00,0.00,0.00,0.25,0.00,0.00,0,0,255,0
21865,ON,5,0,0.00,-27.00,30.00,-3.12,146,146,0.00,0,0.00,0.00,0.00,0.25,0.00,0.00,0,0,255,0
21969,ON,5,0,0.00,-27.00,30.00,-3.12,146,146,0.00,0,0.00,0.00,0.00,0.25,0.00,0.00,0,0,255,0
22073,ON,5,0,0.00,-27.00,30.00,-3.12,146,146,0.00,0,0.00,0.00,0.00,0.25,0.00,0.00,0,0,255,0
22177,ON,5,0,0.00,-27.00,30.00,-3.12,146,146,0.00,0,0.00,0.00,0.00,0.25,0.00,0.00,0,0,255,0
22281,ON,5,0,0.00,-27.00,30.00,-3.12,146,146,0.00,0,0.00,0.00,0.00,0.25,0.00,0.00,0,0,255,0
22385,ON,5,0,0.00,-27.00,30.00,-3.12,146,146,0.00,0,0.00,0.00,0.00,0.25,0.00,0.00,0,0,255,0
22493,ON,5,0,0.00,-27.00,30.00,-3.12,146,146,0.00,0,0.00,0.00,0.00,0.25,0.00,0.00,0,0,255,0
22597,ON,5,0,0.00,-27.00,30.00,-3.12,146,146,0.00,0,0.00,0.00,0.00,0.25,0.00,0.00,0,0,255,0
22701,ON,5,0,0.00,-27.00,30.00,-3.12,146,146,0.00,0,0.00,0.00,0.00,0.25,0.00,0.00,0,0,255,0
22805,ON,5,0,0.00,-27.00,30.00,-3.12,146,146,0.00,0,0.00,0.00,0.00,0.25,0.00,0.00,0,0,255,0
22909,ON,5,0,0.00,-27.00,30.00,-3.12,146,146,0.00,0,0.00,0.00,0.00,0.25,0.00,0.00,0,0,255,0
23013,ON,5,0,0.00,-27.00,30.00,-3.12,146,146,0.00,0,0.00,0.00,0.00,0.25,0.00,0.00,0,0,255,0
23121,ON,5,0,0.00,-27.00,30.00,-3.12,146,146,0.00,0,0.00,0.00,0.00,0.25,0.00,0.00,0,0,255,0
23225,ON,5,0,0.00,-27.00,30.00,-3.12,146,146,0.00,0,0.00,0.00,0.00,0.25,0.00,0.00,0,0,255,0
23329,ON,5,0,0.00,-27.00,30.00,-3.12,146,146,0.00,0,0.00,0.00,0.00,0.25,0.00,0.00,0,0,255,0
23433,ON,5,0,0.00,-27.00,30.00,-3.12,146,146,0.00,0,0.00,0.00,0.00,0.25,0.00,0.00,0,0,255,0
