2314,ON,5,0,0.00,-40.00,-40.00,-100.00,0,0,0.00,0,-64.00,0.00,0.00,0.00,-100.00,0.00,0,0,255,0
2421,ON,5,0,0.00,-27.00,27.00,-3.12,146,146,0.00,0,0.00,0.00,0.00,0.25,0.00,0.00,0,0,255,0
2525,ON,5,0,0.00,-27.00,27.00,-3.12,146,146,0.00,0,0.00,0.00,0.00,0.25,0.00,0.00,0,0,255,0
2629,ON,5,0,0.00,-27.00,27.00,-3.12,146,146,0.00,0,0.00,0.00,0.00,0.25,0.00,0.00,0,0,255,0
2733,ON,5,0,0.00,-27.00,27.00,-3.12,146,146,0.00,0,0.00,0.00,0.00,0.25,0.00,0.00,0,0,255,0
2840,ON,5,0,0.00,-27.00,27.00,-3.12,146,146,0.00,0,0.00,0.00,0.00,0.25,0.00,0.00,0,0,255,0
2944,ON,5,0,0.00,-27.00,27.00,-3.12,146,146,0.00,0,0.00,0.00,0.00,0.25,0.00,0.00,0,0,255,0
3048,ON,5,0,0.00,-27.00,27.00,-3.12,146,146,0.00,0,0.00,0.00,0.00,0.25,0.00,0.00,0,0,255,0
3152,ON,5,0,0.00,-27.00,27.00,-3.12,146,146,0.00,0,0.00,0.00,0.00,0.25,0.00,0.00,0,0,255,0
3256,ON,5,0,0.00,-27.00,27.00,-3.12,146,146,0.00,0,0.00,0.00,0.00,0.25,0.00,0.00,0,0,255,0
3360,ON,5,0,0.00,-27.00,27.00,-3.12,146,146,0.00,0,0.00,0.00,0.00,0.25,0.00,0.00,0,0,255,0
3468,ON,5,0,0.00,-27.00,27.00,-3.12,146,146,0.00,0,0.00,0.00,0.00,0.25,0.00,0.00,0,0,255,0
3572,ON,5,0,0.00,-27.00,27.00,-3.12,146,146,0.00,0,0.00,0.00,0.00,0.25,0.00,0.00,0,0,255,0
3676,ON,5,0,0.00,-27.00,27.00,-3.12,146,146,0.00,0,0.00,0.00,0.00,0.25,0.00,0.00,0,0,255,0
3780,ON,5,0,0.00,-27.00,27.00,-3.12,146,146,0.00,0,0.00,0.00,0.00,0.25,0.00,0.00,0,0,255,0
3884,ON,5,0,0.00,-27.00,27.00,-3.12,146,146,0.00,0,0.00,0.00,0.00,0.25,0.00,0.00,0,0,255,0
3988,ON,5,0,0.00,-27.00,27.00,-3.12,146,146,0.00,0,0.00,0.00,0.00,0.25,0.00,0.00,0,0,255,0
4095,ON,5,0,0.00,-27.00,27.00,-3.12,146,146,0.00,0,0.00,0.00,0.00,0.25,0.00,0.00,0,0,255,0
4199,ON,5,0,0.00,-27.00,27.00,-3.12,146,146,0.00,0,0.00,0.00,0.00,0.25,0.00,0.00,0,0,255,0
4303,ON,5,0,0.00,-27.00,27.00,-3.12,146,146,0.00,0,0.00,0.00,0.00,0.25,0.00,0.00,0,0,255,0
4407,ON,5,0,0.00,-27.00,27.00,-3.12,146,146,0.00,0,0.00,0.00,0.00,0.25,0.00,0.00,0,0,255,0
4511,ON,5,0,0.00,-27.00,27.00,-3.12,146,146,0.00,0,0.00,0.00,0.00,0.25,0.00,0.00,0,0,255,0
4615,ON,5,0,0.00,-27.00,27.00,-3.12,146,146,0.00,0,0.00,0.00,0.00,0.25,0.00,0.00,0,0,255,0
4723,ON,5,0,0.00,-27.00,27.00,-3.12,146,146,0.00,0,0.00,0.00,0.00,0.25,0.00,0.00,0,0,255,0
4827,ON,5,0,0.00,-27.00,27.00,-3.12,146,146,0.00,0,0.00,0.00,0.00,0.25,0.00,0.00,0,0,255,0
4931,ON,5,0,0.00,-27.00,27.00,-3.12,146,146,0.00,0,0.00,0.00,0.00,0.25,0.00,0.00,0,0,255,0
5035,ON,5,0,0.00,-27.00,27.00,-3.12,146,146,0.00,0,0.00,0.00,0.00,0.25,0.00,0.00,0,0,255,0
5139,ON,5,0,0.00,-27.00,27.00,-3.12,146,146,0.00,0,0.00,0.00,0.00,0.25,0.00,0.00,0,0,255,0
5243,ON,5,0,0.00,-27.00,27.00,-3.12,146,146,0.00,0,0.00,0.00,0.00,0.25,0.00,0.00,0,0,255,0
5350,ON,5,0,0.00,-27.00,27.00,-3.12,146,146,0.00,0,0.00,0.00,0.00,0.25,0.00,0.00,0,0,255,0
5455,ON,5,0,0.00,-27.00,27.00,-3.12,146,146,0.00,0,0.00,0.00,0.00,0.25,0.00,0.00,0,0,255,0
5560,ON,5,0,0.00,-27.00,27.00,-3.12,146,146,0.00,0,0.00,0.00,0.00,0.25,0.00,0.00,0,0,255,0
5664,ON,5,0,0.00,-27.00,27.00,-3.12,146,146,0.00,0,0.00,0.00,0.00,0.25,0.00,0.00,0,0,255,0
5768,ON,5,0,0.00,-27.00,27.00,-3.12,146,146,0.00,0,0.00,0.00,0.00,0.25,0.00,0.00,0,0,255,0
5872,ON,5,0,0.00,-27.00,27.00,-3.12,146,146,0.00,0,0.00,0.00,0.00,0.25,0.00,0.00,0,0,255,0
5980,ON,5,0,0.00,-27.00,27.00,-3.12,146,146,0.00,0,0.00,0.00,0.00,0.25,0.00,0.00,0,0,255,0
6084,ON,5,0,0.00,-27.00,27.00,-3.12,146,146,0.00,0,0.00,0.00,0.00,0.25,0.00,0.00,0,0,255,0
6188,ON,5,0,0.00,-27.00,27.00,-3.12,146,146,0.00,0,0.00,0.00,0.00,0.25,0.00,0.00,0,0,255,0
6292,ON,5,0,0.00,-27.00,27.00,-3.12,146,146,0.00,0,0.00,0.00,0.00,0.25,0.00,0.00,0,0,255,0
6396,ON,5,0,0.00,-27.00,27.00,-3.12,146,146,0.00,0,0.00,0.00,0.00,0.25,0.00,0.00,0,0,255,0
6500,ON,5,0,0.00,-27.00,27.00,-3.12,146,146,0.00,0,0.00,0.00,0.00,0.25,0.00,0.00,0,0,255,0
6607,ON,5,0,0.00,-27.00,27.00,-3.12,146,146,0.00,0,0.00,0.00,0.00,0.25,0.00,0.00,0,0,255,0
6711,ON,5,0,0.00,-27.00,27.00,-3.12,146,146,0.00,0,0.00,0.00,0.00,0.25,0.00,0.00,0,0,255,0
6815,ON,5,0,0.00,-27.00,27.00,-3.12,146,146,0.00,0,0.00,0.00,0.00,0.25,0.00,0.00,0,0,255,0
6919,ON,5,0,0.00,-27.00,27.00,-3.12,146,146,0.00,0,0.00,0.00,0.00,0.25,0.00,0.00,0,0,255,0
7023,ON,5,0,0.00,-27.00,27.00,-3.12,146,146,0.00,0,0.00,0.00,0.00,0.25,0.00,0.00,0,0,255,0
7127,ON,5,0,0.00,-27.00,27.00,-3.12,146,146,0.00,0,0.00,0.00,0.00,0.25,0.00,0.00,0,0,255,0
7234,ON,5,0,0.00,-27.00,27.00,-3.12,146,146,0.00,0,0.00,0.00,0.00,0.25,0.00,0.00,0,0,255,0
7338,ON,5,0,0.00,-27.00,27.00,-3.12,146,146,0.00,0,0.00,0.00,0.00,0.25,0.00,0.00,0,0,255,0
7442,ON,5,0,0.00,-27.00,27.00,-3.12,146,146,0.00,0,0.00,0.00,0.00,0.25,0.00,0.00,0,0,255,0
7546,ON,5,0,0.00,-27.00,27.00,-3.12,146,146,0.00,0,0.00,0.00,0.00,0.25,0.00,0.00,0,0,255,0
7650,ON,5,0,0.00,-27.00,27.00,-3.12,146,146,0.00,0,0.00,0.00,0.00,0.25,0.00,0.00,0,0,255,0
7754,ON,5,0,0.00,-27.00,27.00,-3.12,146,146,0.00,0,0.00,0.00,0.00,0.25,0.00,0.00,0,0,255,0
7862,ON,5,0,0.00,-27.00,27.00,-3.12,146,146,0.00,0,0.00,0.00,0.00,0.25,0.00,0.00,0,0,255,0
7967,ON,5,0,0.00,-27.00,27.00,-3.12,146,146,0.00,0,0.00,0.00,0.00,0.25,0.00,0.00,0,0,255,0
8071,ON,5,0,0.00,-27.00,27.00,-3.12,146,146,0.00,0,0.00,0.00,0.00,0.25,0.00,0.00,0,0,255,0
8175,ON,5,0,0.00,-27.00,27.00,-3.12,146,146,0.00,0,0.00,0.00,0.00,0.25,0.00,0.00,0,0,255,0
8279,ON,5,0,0.00,-27.00,27.00,-3.12,146,146,0.00,0,0.00,0.00,0.00,0.25,0.00,0.00,0,0,255,0
8383,ON,5,0,0.00,-27.00,27.00,-3.12,146,146,0.00,0,0.00,0.00,0.00,0.25,0.00,0.00,0,0,255,0
8491,ON,5,0,0.00,-27.00,27.00,-3.12,146,146,0.00,0,0.00,0.00,0.00,0.25,0.00,0.00,0,0,255,0
8596,ON,5,0,0.00,-27.00,27.00,-3.12,146,146,0.00,0,0.00,0.00,0.00,0.25,0.00,0.00,0,0,255,0
8701,ON,5,0,0.00,-27.00,27.00,-3.12,146,146,0.00,0,0.00,0.00,0.00,0.25,0.00,0.00,0,0,255,0
8805,ON,5,0,0.00,-27.00,27.00,-3.12,146,146,0.00,0,0.00,0.00,0.00,0.25,0.00,0.00,0,0,255,0
8909,ON,5,0,0.00,-27.00,27.00,-3.12,146,146,0.00,0,0.00,0.00,0.00,0.25,0.00,0.00,0,0,255,0
9013,ON,5,0,0.00,-27.00,27.00,-3.12,146,146,0.00,0,0.00,0.00,0.00,0.25,0.00,0.00,0,0,255,0
9120,ON,5,0,0.00,-27.00,27.00,-3.12,146,146,0.00,0,0.00,0.00,0.00,0.25,0.00,0.00,0,0,255,0
9224,ON,5,0,0.00,-27.00,27.00,-3.12,146,146,0.00,0,0.00,0.00,0.00,0.25,0.00,0.00,0,0,255,0
9328,ON,5,0,0.00,-27.00,27.00,-3.12,146,146,0.00,0,0.00,0.00,0.00,0.25,0.00,0.00,0,0,255,0
9432,ON,5,0,0.00,-27.00,27.00,-3.12,146,146,0.00,0,0.00,0.00,0.00,0.25,0.00,0.00,0,0,255,0
9536,ON,5,0,0.00,-27.00,27.00,-3.12,146,146,0.00,0,0.00,0.00,0.00,0.25,0.00,0.00,0,0,255,0
9640,ON,5,0,0.00,-27.00,27.00,-3.12,146,146,0.00,0,0.00,0.00,0.00,0.25,0.00,0.00,0,0,255,0
9747,ON,5,0,0.00,-27.00,27.00,-3.12,146,146,0.00,0,0.00,0.00,0.00,0.25,0.00,0.00,0,0,255,0
9851,ON,5,0,0.00,-27.00,27.00,-3.12,146,146,0.00,0,0.00,0.00,0.00,0.25,0.00,0.00,0,0,255,0
9955,ON,5,0,0.00,-27.00,27.00,-3.12,146,146,0.00,0,0.00,0.00,0.00,0.25,0.00,0.00,0,0,255,0
10059,ON,5,0,0.00,-27.00,27.00,-3.12,146,146,0.00,0,0.00,0.00,0.00,0.25,0.00,0.00,0,0,255,0
10163,ON,5,0,0.00,-27.00,27.00,-3.12,146,146,0.00,0,0.00,0.00,0.00,0.25,0.00,0.00,0,0,255,0
10267,ON,5,0,0.00,-27.00,27.00,-3.12,146,146,0.00,0,0.00,0.00,0.00,0.25,0.00,0.00,0,0,255,0
10375,ON,5,0,0.00,-27.00,27.00,-3.12,146,146,0.00,0,0.00,0.00,0.00,0.25,0.00,0.00,0,0,255,0
10479,ON,5,0,0.00,-27.00,27.00,-3.12,146,146,0.00,0,0.00,0.00,0.00,0.25,0.00,0.00,0,0,255,0
10583,ON,5,0,0.00,-27.00,27.00,-3.12,146,146,0.00,0,0.00,0.00,0.00,0.25,0.00,0.00,0,0,255,0
10687,ON,5,0,0.00,-27.00,27.00,-3.12,146,146,0.00,0,0.00,0.00,0.00,0.25,0.00,0.00,0,0,255,0
10791,ON,5,0,0.00,-27.00,27.00,-3.12,146,146,0.00,0,0.00,0.00,0.00,0.25,0.00,0.00,0,0,255,0
10895,ON,5,0,0.00,-27.00,27.00,-3.12,146,146,0.00,0,0.00,0.00,0.00,0.25,0.00,0.00,0,0,255,0
11003,ON,5,0,0.00,-27.00,27.00,-3.12,146,146,0.00,0,0.00,0.00,0.00,0.25,0.00,0.00,0,0,255,0
11107,ON,5,0,0.00,-27.00,27.00,-3.12,146,146,0.00,0,0.00,0.00,0.00,0.25,0.00,0.00,0,0,255,0
11211,ON,5,0,0.00,-27.00,27.00,-3.12,146,146,0.00,0,0.00,0.00,0.00,0.25,0.00,0.00,0,0,255,0
11315,ON,5,0,0.00,-27.00,27.00,-3.12,146,146,0.00,0,0.00,0.00,0.00,0.25,0.00,0.00,0,0,255,0
11419,ON,5,0,0.00,-27.00,27.00,-3.12,146,146,0.00,0,0.00,0.00,0.00,0.25,0.00,0.00,0,0,255,0
11523,ON,5,0,0.00,-27.00,27.00,-3.12,146,146,0.00,0,0.00,0.00,0.00,0.25,0.00,0.00,0,0,255,0
11630,ON,5,0,0.00,-27.00,27.00,-3.12,146,146,0.00,0,0.00,0.00,0.00,0.25,0.00,0.00,0,0,255,0
11734,ON,5,0,0.00,-27.00,27.00,-3.12,146,146,0.00,0,0.00,0.00,0.00,0.25,0.00,0.00,0,0,255,0
11838,ON,5,0,0.00,-27.00,27.00,-3.12,146,146,0.00,0,0.00,0.00,0.00,0.25,0.00,0.00,0,0,255,0
11942,ON,5,0,0.00,-27.00,27.00,-3.12,146,146,0.00,0,0.00,0.00,0.00,0.25,0.00,0.00,0,0,255,0
12046,ON,5,0,0.00,-27.00,27.00,-3.12,146,146,0.00,0,0.00,0.00,0.00,0.25,0.00,0.00,0,0,255,0
12150,ON,5,0,0.00,-27.00,27.00,-3.12,146,146,0.00,0,0.00,0.00,0.00,0.25,0.00,0.00,0,0,255,0
