1139,OFF,0,0,0.00,-40.00,-40.00,-100.00,0,0,0.00,0,-64.00,0.00,0.00,0.00,-100.00,0.00,0,0,0,0
1246,OFF,0,0,0.00,-40.00,-40.00,-100.00,0,0,0.00,0,-64.00,0.00,0.00,0.00,-100.00,0.00,0,0,0,0
1354,OFF,0,0,0.00,-40.00,-40.00,-100.00,0,0,0.00,0,-64.00,0.00,0.00,0.00,-100.00,0.00,0,0,0,0
1458,OFF,0,0,0.00,-40.00,-40.00,-100.00,0,0,0.00,0,-64.00,0.00,0.00,0.00,-100.00,0.00,0,0,0,0
1562,OFF,0,0,0.00,-40.00,-40.00,-100.00,0,0,0.00,0,-64.00,0.00,0.00,0.00,-100.00,0.00,0,0,0,0
1666,OFF,0,0,0.00,-40.00,-40.00,-100.00,0,0,0.00,0,-64.00,0.00,0.00,0.00,-100.00,0.00,0,0,0,0
1770,OFF,0,0,0.00,-40.00,-40.00,-100.00,0,0,0.00,0,-64.00,0.00,0.00,0.00,-100.00,0.00,0,0,0,0
1875,OFF,0,0,0.00,-40.00,-40.00,-100.00,0,0,0.00,0,-64.00,0.00,0.00,0.00,-100.00,0.00,0,0,0,0
1983,OFF,0,0,0.00,-40.00,-40.00,-100.00,0,0,0.00,0,-64.00,0.00,0.00,0.00,-100.00,0.00,0,0,0,0
2088,OFF,0,0,0.00,-40.00,-40.00,-100.00,0,0,0.00,0,-64.00,0.00,0.00,0.00,-100.00,0.00,0,0,0,0
2193,OFF,0,0,0.00,-40.00,-40.00,-100.00,0,0,0.00,0,-64.00,0.00,0.00,0.00,-100.00,0.00,0,0,0,0
2298,OFF,0,0,0.00,-40.00,-40.00,-100.00,0,0,0.00,0,-64.00,0.00,0.00,0.00,-100.00,0.00,0,0,0,0
2403,OFF,0,0,0.00,-40.00,-40.00,-100.00,0,0,0.00,0,-64.00,0.00,0.00,0.00,-100.00,0.00,0,0,0,0
2508,OFF,0,0,0.00,-40.00,-40.00,-100.00,0,0,0.00,0,-64.00,0.00,0.00,0.00,-100.00,0.00,0,0,0,0
2616,OFF,0,0,0.00,-40.00,-40.00,-100.00,0,0,0.00,0,-64.00,0.00,0.00,0.00,-100.00,0.00,0,0,0,0
2720,OFF,0,0,0.00,-40.00,-40.00,-100.00,0,0,0.00,0,-64.00,0.00,0.00,0.00,-100.00,0.00,0,0,0,0
2824,OFF,0,0,0.00,-40.00,-40.00,-100.00,0,0,0.00,0,-64.00,0.00,0.00,0.00,-100.00,0.00,0,0,0,0
2928,OFF,0,0,0.00,-40.00,-40.00,-100.00,0,0,0.00,0,-64.00,0.00,0.00,0.00,-100.00,0.00,0,0,0,0
3032,OFF,0,0,0.00,-40.00,-40.00,-100.00,0,0,0.00,0,-64.00,0.00,0.00,0.00,-100.00,0.00,0,0,0,0
3136,OFF,0,0,0.00,-40.00,-40.00,-100.00,0,0,0.00,0,-64.00,0.00,0.00,0.00,-100.00,0.00,0,0,0,0
3244,OFF,0,0,0.00,-40.00,-40.00,-100.00,0,0,0.00,0,-64.00,0.00,0.00,0.00,-100.00,0.00,0,0,0,0
3348,OFF,0,0,0.00,-40.00,-40.00,-100.00,0,0,0.00,0,-64.00,0.00,0.00,0.00,-100.00,0.00,0,0,0,0
3452,OFF,0,0,0.00,-40.00,-40.00,-100.00,0,0,0.00,0,-64.00,0.00,0.00,0.00,-100.00,0.00,0,0,0,0
3556,OFF,0,0,0.00,-40.00,-40.00,-100.00,0,0,0.00,0,-64.00,0.00,0.00,0.00,-100.00,0.00,0,0,0,0
3660,OFF,0,0,0.00,-40.00,-40.00,-100.00,0,0,0.00,0,-64.00,0.00,0.00,0.00,-100.00,0.00,0,0,0,0
3764,OFF,0,0,0.00,-40.00,-40.00,-100.00,0,0,0.00,0,-64.00,0.00,0.00,0.00,-100.00,0.00,0,0,0,0
3871,OFF,0,0,0.00,-40.00,-40.00,-100.00,0,0,0.00,0,-64.00,0.00,0.00,0.00,-100.00,0.00,0,0,0,0
3975,OFF,0,0,0.00,-40.00,-40.00,-100.00,0,0,0.00,0,-64.00,0.00,0.00,0.00,-100.00,0.00,0,0,0,0
4079,OFF,0,0,0.00,-40.00,-40.00,-100.00,0,0,0.00,0,-64.00,0.00,0.00,0.00,-100.00,0.00,0,0,0,0
4183,OFF,0,0,0.00,-40.00,-40.00,-100.00,0,0,0.00,0,-64.00,0.00,0.00,0.00,-100.00,0.00,0,0,0,0
4287,OFF,0,0,0.00,-40.00,-40.00,-100.00,0,0,0.00,0,-64.00,0.00,0.00,0.00,-100.00,0.00,0,0,0,0
4391,OFF,0,0,0.00,-40.00,-40.00,-100.00,0,0,0.00,0,-64.00,0.00,0.00,0.00,-100.00,0.00,0,0,0,0
4499,OFF,0,0,0.00,-40.00,-40.00,-100.00,0,0,0.00,0,-64.00,0.00,0.00,0.00,-100.00,0.00,0,0,0,0
4603,OFF,0,0,0.00,-40.00,-40.00,-100.00,0,0,0.00,0,-64.00,0.00,0.00,0.00,-100.00,0.00,0,0,0,0
4707,OFF,0,0,0.00,-40.00,-40.00,-100.00,0,0,0.00,0,-64.00,0.00,0.00,0.00,-100.00,0.00,0,0,0,0
4811,OFF,0,0,0.00,-40.00,-40.00,-100.00,0,0,0.00,0,-64.00,0.00,0.00,0.00,-100.00,0.00,0,0,0,0
4915,OFF,0,0,0.00,-40.00,-40.00,-100.00,0,0,0.00,0,-64.00,0.00,0.00,0.00,-100.00,0.00,0,0,0,0
5019,OFF,0,0,0.00,-40.00,-40.00,-100.00,0,0,0.00,0,-64.00,0.00,0.00,0.00,-100.00,0.00,0,0,0,0
5127,OFF,0,0,0.00,-40.00,-40.00,-100.00,0,0,0.00,0,-64.00,0.00,0.00,0.00,-100.00,0.00,0,0,0,0
5231,OFF,0,0,0.00,-40.00,-40.00,-100.00,0,0,0.00,0,-64.00,0.00,0.00,0.00,-100.00,0.00,0,0,0,0
5335,OFF,0,0,0.00,-40.00,-40.00,-100.00,0,0,0.00,0,-64.00,0.00,0.00,0.00,-100.00,0.00,0,0,0,0
5439,OFF,0,0,0.00,-40.00,-40.00,-100.00,0,0,0.00,0,-64.00,0.00,0.00,0.00,-100.00,0.00,0,0,0,0
5543,OFF,0,0,0.00,-40.00,-40.00,-100.00,0,0,0.00,0,-64.00,0.00,0.00,0.00,-100.00,0.00,0,0,0,0
5647,OFF,0,0,0.00,-40.00,-40.00,-100.00,0,0,0.00,0,-64.00,0.00,0.00,0.00,-100.00,0.00,0,0,0,0
5755,OFF,0,0,0.00,-40.00,-40.00,-100.00,0,0,0.00,0,-64.00,0.00,0.00,0.00,-100.00,0.00,0,0,0,0
5859,OFF,0,0,0.00,-40.00,-40.00,-100.00,0,0,0.00,0,-64.00,0.00,0.00,0.00,-100.00,0.00,0,0,0,0
5963,OFF,0,0,0.00,-40.00,-40.00,-100.00,0,0,0.00,0,-64.00,0.00,0.00,0.00,-100.00,0.00,0,0,0,0
6067,OFF,0,0,0.00,-40.00,-40.00,-100.00,0,0,0.00,0,-64.00,0.00,0.00,0.00,-100.00,0.00,0,0,0,0
6171,OFF,0,0,0.00,-40.00,-40.00,-100.00,0,0,0.00,0,-64.00,0.00,0.00,0.00,-100.00,0.00,0,0,0,0
6275,OFF,0,0,0.00,-40.00,-40.00,-100.00,0,0,0.00,0,-64.00,0.00,0.00,0.00,-100.00,0.00,0,0,0,0
6383,OFF,0,0,0.00,-40.00,-40.00,-100.00,0,0,0.00,0,-64.00,0.00,0.00,0.00,-100.00,0.00,0,0,0,0
6487,OFF,0,0,0.00,-40.00,-40.00,-100.00,0,0,0.00,0,-64.00,0.00,0.00,0.00,-100.00,0.00,0,0,0,0
6591,OFF,0,0,0.00,-40.00,-40.00,-100.00,0,0,0.00,0,-64.00,0.00,0.00,0.00,-100.00,0.00,0,0,0,0
6695,OFF,0,0,0.00,-40.00,-40.00,-100.00,0,0,0.00,0,-64.00,0.00,0.00,0.00,-100.00,0.00,0,0,0,0
6799,OFF,0,0,0.00,-40.00,-40.00,-100.00,0,0,0.00,0,-64.00,0.00,0.00,0.00,-100.00,0.00,0,0,0,0
6903,OFF,0,0,0.00,-40.00,-40.00,-100.00,0,0,0.00,0,-64.00,0.00,0.00,0.00,-100.00,0.00,0,0,0,0
7011,OFF,0,0,0.00,-40.00,-40.00,-100.00,0,0,0.00,0,-64.00,0.00,0.00,0.00,-100.00,0.00,0,0,0,0
7115,OFF,0,0,0.00,-40.00,-40.00,-100.00,0,0,0.00,0,-64.00,0.00,0.00,0.00,-100.00,0.00,0,0,0,0
7219,OFF,0,0,0.00,-40.00,-40.00,-100.00,0,0,0.00,0,-64.00,0.00,0.00,0.00,-100.00,0.00,0,0,0,0
7323,OFF,0,0,0.00,-40.00,-40.00,-100.00,0,0,0.00,0,-64.00,0.00,0.00,0.00,-100.00,0.00,0,0,0,0
7427,OFF,0,0,0.00,-40.00,-40.00,-100.00,0,0,0.00,0,-64.00,0.00,0.00,0.00,-100.00,0.00,0,0,0,0
7531,OFF,0,0,0.00,-40.00,-40.00,-100.00,0,0,0.00,0,-64.00,0.00,0.00,0.00,-100.00,0.00,0,0,0,0
7639,OFF,0,0,0.00,-40.00,-40.00,-100.00,0,0,0.00,0,-64.00,0.00,0.00,0.00,-100.00,0.00,0,0,0,0
7743,OFF,0,0,0.00,-40.00,-40.00,-100.00,0,0,0.00,0,-64.00,0.00,0.00,0.00,-100.00,0.00,0,0,0,0
7847,OFF,0,0,0.00,-40.00,-40.00,-100.00,0,0,0.00,0,-64.00,0.00,0.00,0.00,-100.00,0.00,0,0,0,0
7951,OFF,0,0,0.00,-40.00,-40.00,-100.00,0,0,0.00,0,-64.00,0.00,0.00,0.00,-100.00,0.00,0,0,0,0
8055,OFF,0,0,0.00,-40.00,-40.00,-100.00,0,0,0.00,0,-64.00,0.00,0.00,0.00,-100.00,0.00,0,0,0,0
8159,OFF,0,0,0.00,-40.00,-40.00,-100.00,0,0,0.00,0,-64.00,0.00,0.00,0.00,-100.00,0.00,0,0,0,0
8267,OFF,0,0,0.00,-40.00,-40.00,-100.00,0,0,0.00,0,-64.00,0.00,0.00,0.00,-100.00,0.00,0,0,0,0
8371,OFF,0,0,0.00,-40.00,-40.00,-100.00,0,0,0.00,0,-64.00,0.00,0.00,0.00,-100.00,0.00,0,0,0,0
8475,OFF,0,0,0.00,-40.00,-40.00,-100.00,0,0,0.00,0,-64.00,0.00,0.00,0.00,-100.00,0.00,0,0,0,0
8579,OFF,0,0,0.00,-40.00,-40.00,-100.00,0,0,0.00,0,-64.00,0.00,0.00,0.00,-100.00,0.00,0,0,0,0
8683,OFF,0,0,0.00,-40.00,-40.00,-100.00,0,0,0.00,0,-64.00,0.00,0.00,0.00,-100.00,0.00,0,0,0,0
8787,OFF,0,0,0.00,-40.00,-40.00,-100.00,0,0,0.00,0,-64.00,0.00,0.00,0.00,-100.00,0.00,0,0,0,0
8895,OFF,0,0,0.00,-40.00,-40.00,-100.00,0,0,0.00,0,-64.00,0.00,0.00,0.00,-100.00,0.00,0,0,0,0
8999,OFF,0,0,0.00,-40.00,-40.00,-100.00,0,0,0.00,0,-64.00,0.00,0.00,0.00,-100.00,0.00,0,0,0,0
9103,OFF,0,0,0.00,-40.00,-40.00,-100.00,0,0,0.00,0,-64.00,0.00,0.00,0.00,-100.00,0.00,0,0,0,0
9207,OFF,0,0,0.00,-40.00,-40.00,-100.00,0,0,0.00,0,-64.00,0.00,0.00,0.00,-100.00,0.00,0,0,0,0
9311,OFF,0,0,0.00,-40.00,-40.00,-100.00,0,0,0.00,0,-64.00,0.00,0.00,0.00,-100.00,0.00,0,0,0,0
9415,OFF,0,0,0.00,-40.00,-40.00,-100.00,0,0,0.00,0,-64.00,0.00,0.00,0.00,-100.00,0.00,0,0,0,0
9523,OFF,0,0,0.00,-40.00,-40.00,-100.00,0,0,0.00,0,-64.00,0.00,0.00,0.00,-100.00,0.00,0,0,0,0
9627,OFF,0,0,0.00,-40.00,-40.00,-100.00,0,0,0.00,0,-64.00,0.00,0.00,0.00,-100.00,0.00,0,0,0,0
9731,OFF,0,0,0.00,-40.00,-40.00,-100.00,0,0,0.00,0,-64.00,0.00,0.00,0.00,-100.00,0.00,0,0,0,0
9835,OFF,0,0,0.00,-40.00,-40.00,-100.00,0,0,0.00,0,-64.00,0.00,0.00,0.00,-100.00,0.00,0,0,0,0
9939,OFF,0,0,0.00,-40.00,-40.00,-100.00,0,0,0.00,0,-64.00,0.00,0.00,0.00,-100.00,0.00,0,0,0,0
10043,OFF,0,0,0.00,-40.00,-40.00,-100.00,0,0,0.00,0,-64.00,0.00,0.00,0.00,-100.00,0.00,0,0,0,0
10151,OFF,0,0,0.00,-40.00,-40.00,-100.00,0,0,0.00,0,-64.00,0.00,0.00,0.00,-100.00,0.00,0,0,0,0
10255,OFF,0,0,0.00,-40.00,-40.00,-100.00,0,0,0.00,0,-64.00,0.00,0.00,0.00,-100.00,0.00,0,0,0,0
10359,OFF,0,0,0.00,-40.00,-40.00,-100.00,0,0,0.00,0,-64.00,0.00,0.00,0.00,-100.00,0.00,0,0,0,0
10463,OFF,0,0,0.00,-40.00,-40.00,-100.00,0,0,0.00,0,-64.00,0.00,0.00,0.00,-100.00,0.00,0,0,0,0
10567,OFF,0,0,0.00,-40.00,-40.00,-100.00,0,0,0.00,0,-64.00,0.00,0.00,0.00,-100.00,0.00,0,0,0,0
10671,OFF,0,0,0.00,-40.00,-40.00,-100.00,0,0,0.00,0,-64.00,0.00,0.00,0.00,-100.00,0.00,0,0,0,0
10779,OFF,0,0,0.00,-40.00,-40.00,-100.00,0,0,0.00,0,-64.00,0.00,0.00,0.00,-100.00,0.00,0,0,0,0
10883,OFF,0,0,0.00,-40.00,-40.00,-100.00,0,0,0.00,0,-64.00,0.00,0.00,0.00,-100.00,0.00,0,0,0,0
10987,OFF,0,0,0.00,-40.00,-40.00,-100.00,0,0,0.00,0,-64.00,0.00,0.00,0.00,-100.00,0.00,0,0,0,0
11091,OFF,0,0,0.00,-40.00,-40.00,-100.00,0,0,0.00,0,-64.00,0.00,0.00,0.00,-100.00,0.00,0,0,0,0
11196,OFF,0,0,0.00,-40.00,-40.00,-100.00,0,0,0.00,0,-64.00,0.00,0.00,0.00,-100.00,0.00,0,0,0,0
11301,OFF,0,0,0.00,-40.00,-40.00,-100.00,0,0,0.00,0,-64.00,0.00,0.00,0.00,-100.00,0.00,0,0,0,0
11409,OFF,0,0,0.00,-40.00,-40.00,-100.00,0,0,0.00,0,-64.00,0.00,0.00,0.00,-100.00,0.00,0,0,0,0
11514,OFF,0,0,0.00,-40.00,-40.00,-100.00,0,0,0.00,0,-64.00,0.00,0.00,0.00,-100.00,0.00,0,0,0,0
11618,OFF,0,0,0.00,-40.00,-40.00,-100.00,0,0,0.00,0,-64.00,0.00,0.00,0.00,-100.00,0.00,0,0,0,0
11722,OFF,0,0,0.00,-40.00,-40.00,-100.00,0,0,0.00,0,-64.00,0.00,0.00,0.00,-100.00,0.00,0,0,0,0
11827,OFF,0,0,0.00,-40.00,-40.00,-100.00,0,0,0.00,0,-64.00,0.00,0.00,0.00,-100.00,0.00,0,0,0,0
11931,OFF,0,0,0.00,-40.00,-40.00,-100.00,0,0,0.00,0,-64.00,0.00,0.00,0.00,-100.00,0.00,0,0,0,0
12038,OFF,0,0,0.00,-40.00,-40.00,-100.00,0,0,0.00,0,-64.00,0.00,0.00,0.00,-100.00,0.00,0,0,0,0
12142,OFF,0,0,0.00,-40.00,-40.00,-100.00,0,0,0.00,0,-64.00,0.00,0.00,0.00,-100.00,0.00,0,0,0,0
12246,OFF,0,0,0.00,-40.00,-40.00,-100.00,0,0,0.00,0,-64.00,0.00,0.00,0.00,-100.00,0.00,0,0,0,0
12351,OFF,0,0,0.00,-40.00,-40.00,-100.00,0,0,0.00,0,-64.00,0.00,0.00,0.00,-100.00,0.00,0,0,0,0
12455,OFF,0,0,0.00,-40.00,-40.00,-100.00,0,0,0.00,0,-64.00,0.00,0.00,0.00,-100.00,0.00,0,0,0,0
12559,OFF,0,0,0.00,-40.00,-40.00,-100.00,0,0,0.00,0,-64.00,0.00,0.00,0.00,-100.00,0.00,0,0,0,0
12667,OFF,0,0,0.00,-40.00,-40.00,-100.00,0,0,0.00,0,-64.00,0.00,0.00,0.00,-100.00,0.00,0,0,0,0
12771,OFF,0,0,0.00,-40.00,-40.00,-100.00,0,0,0.00,0,-64.00,0.00,0.00,0.00,-100.00,0.00,0,0,0,0
12875,OFF,0,0,0.00,-40.00,-40.00,-100.00,0,0,0.00,0,-64.00,0.00,0.00,0.00,-100.00,0.00,0,0,0,0
12979,OFF,0,0,0.00,-40.00,-40.00,-100.00,0,0,0.00,0,-64.00,0.00,0.00,0.00,-100.00,0.00,0,0,0,0
13083,OFF,0,0,0.00,-40.00,-40.00,-100.00,0,0,0.00,0,-64.00,0.00,0.00,0.00,-100.00,0.00,0,0,0,0
13187,OFF,0,0,0.00,-40.00,-40.00,-100.00,0,0,0.00,0,-64.00,0.00,0.00,0.00,-100.00,0.00,0,0,0,0
13295,OFF,0,0,0.00,-40.00,-40.00,-100.00,0,0,0.00,0,-64.00,0.00,0.00,0.00,-100.00,0.00,0,0,0,0
13399,OFF,0,0,0.00,-40.00,-40.00,-100.00,0,0,0.00,0,-64.00,0.00,0.00,0.00,-100.00,0.00,0,0,0,0
13503,OFF,0,0,0.00,-40.00,-40.00,-100.00,0,0,0.00,0,-64.00,0.00,0.00,0.00,-100.00,0.00,0,0,0,0
13608,OFF,0,0,0.00,-40.00,-40.00,-100.00,0,0,0.00,0,-64.00,0.00,0.00,0.00,-100.00,0.00,0,0,0,0
13713,OFF,0,0,0.00,-40.00,-40.00,-100.00,0,0,0.00,0,-64.00,0.00,0.00,0.00,-100.00,0.00,0,0,0,0
13817,OFF,0,0,0.00,-40.00,-40.00,-100.00,0,0,0.00,0,-64.00,0.00,0.00,0.00,-100.00,0.00,0,0,0,0
13925,OFF,0,0,0.00,-40.00,-40.00,-100.00,0,0,0.00,0,-64.00,0.00,0.00,0.00,-100.00,0.00,0,0,0,0
14029,OFF,0,0,0.00,-40.00,-40.00,-100.00,0,0,0.00,0,-64.00,0.00,0.00,0.00,-100.00,0.00,0,0,0,0
14134,OFF,0,0,0.00,-40.00,-40.00,-100.00,0,0,0.00,0,-64.00,0.00,0.00,0.00,-100.00,0.00,0,0,0,0
14238,OFF,0,0,0.00,-40.00,-40.00,-100.00,0,0,0.00,0,-64.00,0.00,0.00,0.00,-100.00,0.00,0,0,0,0
14343,OFF,0,0,0.00,-40.00,-40.00,-100.00,0,0,0.00,0,-64.00,0.00,0.00,0.00,-100.00,0.00,0,0,0,0
14447,OFF,0,0,0.00,-40.00,-40.00,-100.00,0,0,0.00,0,-64.00,0.00,0.00,0.00,-100.00,0.00,0,0,0,0
14555,OFF,0,0,0.00,-40.00,-40.00,-100.00,0,0,0.00,0,-64.00,0.00,0.00,0.00,-100.00,0.00,0,0,0,0
14659,OFF,0,0,0.00,-40.00,-40.00,-100.00,0,0,0.00,0,-64.00,0.00,0.00,0.00,-100.00,0.00,0,0,0,0
14763,OFF,0,0,0.00,-40.00,-40.00,-100.00,0,0,0.00,0,-64.00,0.00,0.00,0.00,-100.00,0.00,0,0,0,0
14867,OFF,0,0,0.00,-40.00,-40.00,-100.00,0,0,0.00,0,-64.00,0.00,0.00,0.00,-100.00,0.00,0,0,0,0
14971,OFF,0,0,0.00,-40.00,-40.00,-100.00,0,0,0.00,0,-64.00,0.00,0.00,0.00,-100.00,0.00,0,0,0,0
15076,OFF,0,0,0.00,-40.00,-40.00,-100.00,0,0,0.00,0,-64.00,0.00,0.00,0.00,-100.00,0.00,0,0,0,0
15184,OFF,0,0,0.00,-40.00,-40.00,-100.00,0,0,0.00,0,-64.00,0.00,0.00,0.00,-100.00,0.00,0,0,0,0
15288,OFF,0,0,0.00,-40.00,-40.00,-100.00,0,0,0.00,0,-64.00,0.00,0.00,0.00,-100.00,0.00,0,0,0,0
15392,OFF,0,0,0.00,-40.00,-40.00,-100.00,0,0,0.00,0,-64.00,0.00,0.00,0.00,-100.00,0.00,0,0,0,0
15496,OFF,0,0,0.00,-40.00,-40.00,-100.00,0,0,0.00,0,-64.00,0.00,0.00,0.00,-100.00,0.00,0,0,0,0
15600,OFF,0,0,0.00,-40.00,-40.00,-100.00,0,0,0.00,0,-64.00,0.00,0.00,0.00,-100.00,0.00,0,0,0,0
15704,OFF,0,0,0.00,-40.00,-40.00,-100.00,0,0,0.00,0,-64.00,0.00,0.00,0.00,-100.00,0.00,0,0,0,0
15812,OFF,0,0,0.00,-40.00,-40.00,-100.00,0,0,0.00,0,-64.00,0.00,0.00,0.00,-100.00,0.00,0,0,0,0
15916,OFF,0,0,0.00,-40.00,-40.00,-100.00,0,0,0.00,0,-64.00,0.00,0.00,0.00,-100.00,0.00,0,0,0,0
16020,OFF,0,0,0.00,-40.00,-40.00,-100.00,0,0,0.00,0,-64.00,0.00,0.00,0.00,-100.00,0.00,0,0,0,0
16124,OFF,0,0,0.00,-40.00,-40.00,-100.00,0,0,0.00,0,-64.00,0.00,0.00,0.00,-100.00,0.00,0,0,0,0
16228,OFF,0,0,0.00,-40.00,-40.00,-100.00,0,0,0.00,0,-64.00,0.00,0.00,0.00,-100.00,0.00,0,0,0,0
16332,OFF,0,0,0.00,-40.00,-40.00,-100.00,0,0,0.00,0,-64.00,0.00,0.00,0.00,-100.00,0.00,0,0,0,0
16440,OFF,0,0,0.00,-40.00,-40.00,-100.00,0,0,0.00,0,-64.00,0.00,0.00,0.00,-100.00,0.00,0,0,0,0
16544,OFF,0,0,0.00,-40.00,-40.00,-100.00,0,0,0.00,0,-64.00,0.00,0.00,0.00,-100.00,0.00,0,0,0,0
16648,OFF,0,0,0.00,-40.00,-40.00,-100.00,0,0,0.00,0,-64.00,0.00,0.00,0.00,-100.00,0.00,0,0,0,0
16752,OFF,0,0,0.00,-40.00,-40.00,-100.00,0,0,0.00,0,-64.00,0.00,0.00,0.00,-100.00,0.00,0,0,0,0
16856,OFF,0,0,0.00,-40.00,-40.00,-100.00,0,0,0.00,0,-64.00,0.00,0.00,0.00,-100.00,0.00,0,0,0,0
16960,OFF,0,0,0.00,-40.00,-40.00,-100.00,0,0,0.00,0,-64.00,0.00,0.00,0.00,-100.00,0.00,0,0,0,0
17067,OFF,0,0,0.00,-40.00,-40.00,-100.00,0,0,0.00,0,-64.00,0.00,0.00,0.00,-100.00,0.00,0,0,0,0
17171,OFF,0,0,0.00,-40.00,-40.00,-100.00,0,0,0.00,0,-64.00,0.00,0.00,0.00,-100.00,0.00,0,0,0,0
17275,OFF,0,0,0.00,-40.00,-40.00,-100.00,0,0,0.00,0,-64.00,0.00,0.00,0.00,-100.00,0.00,0,0,0,0
17379,OFF,0,0,0.00,-40.00,-40.00,-100.00,0,0,0.00,0,-64.00,0.00,0.00,0.00,-100.00,0.00,0,0,0,0
17483,OFF,0,0,0.00,-40.00,-40.00,-100.00,0,0,0.00,0,-64.00,0.00,0.00,0.00,-100.00,0.00,0,0,0,0
17587,OFF,0,0,0.00,-40.00,-40.00,-100.00,0,0,0.00,0,-64.00,0.00,0.00,0.00,-100.00,0.00,0,0,0,0
17695,OFF,0,0,0.00,-40.00,-40.00,-100.00,0,0,0.00,0,-64.00,0.00,0.00,0.00,-100.00,0.00,0,0,0,0
17799,OFF,0,0,0.00,-40.00,-40.00,-100.00,0,0,0.00,0,-64.00,0.00,0.00,0.00,-100.00,0.00,0,0,0,0
17903,OFF,0,0,0.00,-40.00,-40.00,-100.00,0,0,0.00,0,-64.00,0.00,0.00,0.00,-100.00,0.00,0,0,0,0
18007,OFF,0,0,0.00,-40.00,-40.00,-100.00,0,0,0.00,0,-64.00,0.00,0.00,0.00,-100.00,0.00,0,0,0,0
18111,OFF,0,0,0.00,-40.00,-40.00,-100.00,0,0,0.00,0,-64.00,0.00,0.00,0.00,-100.00,0.00,0,0,0,0
18215,OFF,0,0,0.00,-40.00,-40.00,-100.00,0,0,0.00,0,-64.00,0.00,0.00,0.00,-100.00,0.00,0,0,0,0
18323,OFF,0,0,0.00,-40.00,-40.00,-100.00,0,0,0.00,0,-64.00,0.00,0.00,0.00,-100.00,0.00,0,0,0,0
18427,OFF,0,0,0.00,-40.00,-40.00,-100.00,0,0,0.00,0,-64.00,0.00,0.00,0.00,-100.00,0.00,0,0,0,0
18531,OFF,0,0,0.00,-40.00,-40.00,-100.00,0,0,0.00,0,-64.00,0.00,0.00,0.00,-100.00,0.00,0,0,0,0
18635,ON,5,0,0.00,-40.00,-40.00,-100.00,0,0,0.00,0,-64.00,0.00,0.00,0.00,-100.00,0.00,0,0,0,0
18739,ON,5,0,0.00,30.00,26.00,-3.12,146,146,0.00,0,0.00,0.00,0.00,0.25,0.00,0.00,0,0,0,0
18843,ON,5,0,0.00,29.00,26.00,-3.12,146,146,0.00,0,0.00,0.00,0.00,0.25,0.00,11.56,42,0,0,0
18950,ON,5,0,0.00,30.00,26.00,-3.12,146,146,0.00,0,0.00,0.00,0.00,0.25,0.00,11.25,242,0,0,0
19054,ON,5,0,0.00,30.00,26.00,-3.12,146,146,0.00,0,0.00,0.00,0.00,0.25,0.00,11.17,163,0,0,0
19158,ON,5,0,0.00,30.00,26.00,-3.12,146,146,0.00,0,0.00,0.00,0.00,0.25,0.00,11.09,85,0,0,0
19262,ON,5,0,0.00,30.00,26.00,-3.12,146,146,0.00,0,0.00,0.00,0.00,0.25,0.00,11.09,85,0,0,0
19366,ON,5,0,0.00,30.00,26.00,-3.12,146,146,0.00,0,0.00,0.00,0.00,0.25,0.00,11.02,7,0,0,0
19470,ON,5,0,0.00,30.00,26.00,-3.12,146,146,0.00,0,0.00,0.00,0.00,0.25,0.00,11.02,7,0,0,0
19577,ON,5,0,0.00,30.00,26.00,-3.12,146,146,0.00,0,0.00,0.00,0.00,0.25,0.00,10.94,185,0,0,0
19681,ON,5,0,0.00,30.00,26.00,-3.12,146,146,0.00,0,0.00,0.00,0.00,0.25,0.00,10.94,185,0,0,0
19785,ON,5,0,0.00,30.00,26.00,-3.12,146,146,0.00,0,0.00,0.00,0.00,0.25,0.00,10.94,185,0,0,0
19889,ON,5,0,0.00,30.00,26.00,-3.12,146,146,0.00,0,0.00,0.00,0.00,0.25,0.00,10.94,185,0,0,0
19993,ON,5,0,0.00,30.00,26.00,-3.12,146,146,0.00,0,0.00,0.00,0.00,0.25,0.00,10.94,185,0,0,0
20097,ON,5,0,0.00,30.00,26.00,-3.12,146,146,0.00,0,0.00,0.00,0.00,0.25,0.00,10.94,185,0,0,0
20205,ON,5,0,0.00,30.00,26.00,-3.12,146,146,0.00,0,0.00,0.00,0.00,0.25,0.00,10.94,185,0,0,0
20309,ON,5,0,0.00,30.00,26.00,-3.12,146,146,0.00,0,0.00,0.00,0.00,0.25,0.00,10.94,185,0,0,0
20413,ON,5,0,0.00,30.00,26.00,-3.12,146,146,0.00,0,0.00,0.00,0.00,0.25,0.00,10.94,185,0,0,0
20517,ON,5,0,0.00,30.00,26.00,-3.12,146,146,0.00,0,0.00,0.00,0.00,0.25,0.00,10.94,185,0,0,0
20621,ON,5,0,0.00,30.00,26.00,-3.12,146,146,0.00,0,0.00,0.00,0.00,0.25,0.00,10.94,185,0,0,0
20725,ON,5,0,0.00,30.00,26.00,-3.12,146,146,0.00,0,0.00,0.00,0.00,0.25,0.00,10.86,107,0,0,0
20833,ON,5,0,0.00,30.00,26.00,-3.12,146,146,0.00,0,0.00,0.00,0.00,0.25,0.00,10.86,107,0,0,0
20937,ON,5,0,0.00,30.00,26.00,-3.12,146,146,0.00,0,0.00,0.00,0.00,0.25,0.00,10.86,107,0,0,0
21041,ON,5,0,0.00,30.00,26.00,-3.12,146,146,0.00,0,0.00,0.00,0.00,0.25,0.00,10.94,185,0,0,0
21146,ON,5,0,0.00,30.00,26.00,-3.12,146,146,0.00,0,0.00,0.00,0.00,0.25,0.00,10.86,107,0,0,0
21251,ON,5,0,0.00,30.00,26.00,-3.12,146,146,0.00,0,0.00,0.00,0.00,0.25,0.00,10.86,107,0,0,0
21356,ON,5,0,0.00,30.00,26.00,-3.12,146,146,0.00,0,0.00,0.00,0.00,0.25,0.00,10.94,185,0,0,0
21464,ON,5,0,0.00,30.00,26.00,-3.12,146,146,0.00,0,0.00,0.00,0.00,0.25,0.00,10.86,107,0,0,0
21569,ON,5,0,0.00,30.00,26.00,-3.12,146,146,0.00,0,0.00,0.00,0.00,0.25,0.00,10.86,107,0,0,0
21673,ON,5,0,0.00,30.00,26.00,-3.12,146,146,0.00,0,0.00,0.00,0.00,0.25,0.00,10.86,107,0,0,0
21777,ON,5,0,0.00,30.00,26.00,-3.12,146,146,0.00,0,0.00,0.00,0.00,0.25,0.00,0.00,0,0,0,0
21881,ON,5,0,0.00,30.00,26.00,-3.12,146,146,0.00,0,0.00,0.00,0.00,0.25,0.00,0.00,0,0,0,0
21985,ON,5,0,0.00,30.00,26.00,-3.12,146,146,0.00,0,0.00,0.00,0.00,0.25,0.00,0.00,0,0,0,0
22093,ON,5,0,0.00,30.00,26.00,-3.12,146,146,0.00,0,0.00,0.00,0.00,0.25,0.00,0.00,0,0,0,0
22197,ON,5,0,0.00,30.00,26.00,-3.12,146,146,0.00,0,0.00,0.00,0.00,0.25,0.00,0.00,0,0,0,0
22301,ON,5,0,0.00,30.00,26.00,-3.12,146,146,0.00,0,0.00,0.00,0.00,0.25,0.00,0.00,0,0,0,0
22406,ON,5,0,0.00,30.00,26.00,-3.12,146,146,0.00,0,0.00,0.00,0.00,0.25,0.00,0.00,0,0,0,0
22510,ON,5,0,0.00,30.00,26.00,-3.12,146,146,0.00,0,0.00,0.00,0.00,0.25,0.00,0.00,0,0,0,0
22614,ON,5,0,0.00,30.00,26.00,-3.12,146,146,0.00,0,0.00,0.00,0.00,0.25,0.00,0.00,0,0,0,0
22722,ON,5,0,0.00,30.00,26.00,-3.12,146,146,0.00,0,0.00,0.00,0.00,0.25,0.00,0.00,0,0,0,0
22827,ON,5,0,0.00,30.00,26.00,-3.12,146,146,0.00,0,0.00,0.00,0.00,0.25,0.00,0.00,0,0,0,0
22932,ON,5,0,0.00,30.00,26.00,-3.12,146,146,0.00,0,0.00,0.00,0.00,0.25,0.00,0.00,0,0,0,0
23036,ON,5,0,0.00,30.00,26.00,-3.12,146,146,0.00,0,0.00,0.00,0.00,0.25,0.00,0.00,0,0,0,0
23140,ON,5,0,0.00,30.00,26.00,-3.12,146,146,0.00,0,0.00,0.00,0.00,0.25,0.00,0.00,0,0,0,0
23245,ON,5,0,0.00,30.00,26.00,-3.12,146,146,0.00,0,0.00,0.00,0.00,0.25,0.00,0.00,0,0,0,0
23353,ON,5,0,0.00,30.00,26.00,-3.12,146,146,0.00,0,0.00,0.00,0.00,0.25,0.00,0.00,0,0,0,0
23458,ON,5,0,0.00,30.00,26.00,-3.12,146,146,0.00,0,0.00,0.00,0.00,0.25,0.00,0.00,0,0,0,0
23562,ON,5,0,0.00,30.00,26.00,-3.12,146,146,0.00,0,0.00,0.00,0.00,0.25,0.00,0.00,0,0,0,0
23667,ON,5,0,0.00,30.00,26.00,-3.12,146,146,0.00,0,0.00,0.00,0.00,0.25,0.00,0.00,0,0,0,0
23772,ON,5,0,0.00,30.00,26.00,-3.12,146,146,0.00,0,0.00,0.00,0.00,0.25,0.00,0.00,0,0,0,0
23877,ON,5,0,0.00,30.00,26.00,-3.12,146,146,0.00,0,0.00,0.00,0.00,0.25,0.00,0.00,0,0,0,0
23985,ON,5,0,0.00,30.00,26.00,-3.12,146,146,0.00,0,0.00,0.00,0.00,0.25,0.00,0.00,0,0,0,0
24090,ON,5,0,0.00,30.00,26.00,-3.12,146,146,0.00,0,0.00,0.00,0.00,0.25,0.00,0.00,0,0,0,0
24195,ON,5,0,0.00,30.00,26.00,-3.12,146,146,0.00,0,0.00,0.00,0.00,0.25,0.00,0.00,0,0,0,0
24300,ON,5,0,0.00,30.00,26.00,-3.12,146,146,0.00,0,0.00,0.00,0.00,0.25,0.00,0.00,0,0,0,0
24405,ON,5,0,0.00,30.00,26.00,-3.12,146,146,0.00,0,0.00,0.00,0.00,0.25,0.00,0.00,0,0,0,0
24510,ON,5,0,0.00,30.00,26.00,-3.12,146,146,0.00,0,0.00,0.00,0.00,0.25,0.00,0.00,0,0,0,0
24618,ON,5,0,0.00,30.00,26.00,-3.12,146,146,0.00,0,0.00,0.00,0.00,0.25,0.00,0.00,0,0,0,0
24722,ON,5,0,0.00,30.00,26.00,-3.12,146,146,0.00,0,0.00,0.00,0.00,0.25,0.00,0.00,0,0,0,0
24826,ON,5,0,0.00,30.00,26.00,-3.12,146,146,0.00,0,0.00,0.00,0.00,0.25,0.00,0.00,0,0,0,0
24930,ON,5,0,0.00,30.00,26.00,-3.12,146,146,0.00,0,0.00,0.00,0.00,0.25,0.00,0.00,0,0,0,0
25034,ON,5,0,0.00,30.00,26.00,-3.12,146,146,0.00,0,0.00,0.00,0.00,0.25,0.00,0.00,0,0,0,0
25138,ON,5,0,0.00,30.00,26.00,-3.12,146,146,0.00,0,0.00,0.00,0.00,0.25,0.00,0.00,0,0,0,0
25254,ON,5,0,0.00,30.00,26.00,-3.12,146,146,0.00,0,0.00,0.00,0.00,0.25,0.00,0.00,0,0,0,0
25368,ON,5,0,0.00,30.00,26.00,-3.12,146,146,0.00,0,0.00,0.00,0.00,0.25,0.00,0.00,0,0,0,0
25473,ON,5,0,0.00,30.00,26.00,-3.12,146,146,0.00,0,0.00,0.00,0.00,0.25,0.00,0.00,0,0,0,0
25577,ON,5,0,0.00,30.00,26.00,-3.12,146,146,0.00,0,0.00,0.00,0.00,0.25,0.00,0.00,0,0,0,0
25681,ON,5,0,0.00,30.00,26.00,-3.12,146,146,0.00,0,0.00,0.00,0.00,0.25,0.00,0.00,0,0,0,0
25785,ON,5,0,0.00,30.00,26.00,-3.12,146,146,0.00,0,0.00,0.00,0.00,0.25,0.00,0.00,0,0,0,0
25893,ON,5,0,0.00,30.00,26.00,-3.12,146,146,0.00,0,0.00,0.00,0.00,0.25,0.00,0.00,0,0,0,0
25997,ON,5,0,0.00,30.00,26.00,-3.12,146,146,0.00,0,0.00,0.00,0.00,0.25,0.00,0.00,0,0,0,0
26101,ON,5,0,0.00,30.00,26.00,-3.12,146,146,0.00,0,0.00,0.00,0.00,0.25,0.00,0.00,0,0,0,0
26205,ON,5,0,0.00,30.00,26.00,-3.12,146,146,0.00,0,0.00,0.00,0.00,0.25,0.00,0.00,0,0,0,0
26309,ON,5,0,0.00,30.00,26.00,-3.12,146,146,0.00,0,0.00,0.00,0.00,0.25,0.00,0.00,0,0,0,0
26413,ON,5,0,0.00,30.00,26.00,-3.12,146,146,0.00,0,0.00,0.00,0.00,0.25,0.00,0.00,0,0,0,0
26521,ON,5,0,0.00,30.00,26.00,-3.12,146,146,0.00,0,0.00,0.00,0.00,0.25,0.00,0.00,0,0,0,0
26625,ON,5,0,0.00,30.00,26.00,-3.12,146,146,0.00,0,0.00,0.00,0.00,0.25,0.00,0.00,0,0,0,0
26729,ON,5,0,0.00,30.00,26.00,-3.12,146,146,0.00,0,0.00,0.00,0.00,0.25,0.00,0.00,0,0,0,0
26833,ON,5,0,0.00,30.00,26.00,-3.12,146,146,0.00,0,0.00,0.00,0.00,0.25,0.00,0.00,0,0,0,0
26937,ON,5,0,0.00,30.00,26.00,-3.12,146,146,0.00,0,0.00,0.00,0.00,0.25,0.00,0.00,0,0,0,0
27042,ON,5,0,0.00,30.00,26.00,-3.12,146,146,0.00,0,0.00,0.00,0.00,0.25,0.00,0.00,0,0,0,0
27150,ON,5,0,0.00,30.00,26.00,-3.12,146,146,0.00,0,0.00,0.00,0.00,0.25,0.00,0.00,0,0,0,0
27254,ON,5,0,0.00,30.00,26.00,-3.12,146,146,0.00,0,0.00,0.00,0.00,0.25,0.00,0.00,0,0,0,0
27358,ON,5,0,0.00,30.00,26.00,-3.12,146,146,0.00,0,0.00,0.00,0.00,0.25,0.00,0.00,0,0,0,0
27463,ON,5,0,0.00,30.00,26.00,-3.12,146,146,0.00,0,0.00,0.00,0.00,0.25,0.00,0.00,0,0,0,0
27568,ON,5,0,0.00,30.00,26.00,-3.12,146,146,0.00,0,0.00,0.00,0.00,0.25,0.00,0.00,0,0,0,0
27673,ON,5,0,0.00,30.00,26.00,-3.12,146,146,0.00,0,0.00,0.00,0.00,0.25,0.00,0.00,0,0,0,0
27781,ON,5,0,0.00,30.00,26.00,-3.12,146,146,0.00,0,0.00,0.00,0.00,0.25,0.00,0.00,0,0,0,0
27886,ON,5,0,0.00,30.00,26.00,-3.12,146,146,0.00,0,0.00,0.00,0.00,0.25,0.00,0.00,0,0,0,0
27991,ON,5,0,0.00,30.00,26.00,-3.12,146,146,0.00,0,0.00,0.00,0.00,0.25,0.00,0.00,0,0,0,0
28096,ON,5,0,0.00,30.00,26.00,-3.12,146,146,0.00,0,0.00,0.00,0.00,0.25,0.00,0.00,0,0,0,0
28200,ON,5,0,0.00,30.00,26.00,-3.12,146,146,0.00,0,0.00,0.00,0.00,0.25,0.00,0.00,0,0,0,0
28304,ON,5,0,0.00,30.00,26.00,-3.12,146,146,0.00,0,0.00,0.00,0.00,0.25,0.00,0.00,0,0,0,0
28412,ON,5,0,0.00,30.00,26.00,-3.12,146,146,0.00,0,0.00,0.00,0.00,0.25,0.00,0.00,0,0,0,0
28517,ON,5,0,0.00,30.00,26.00,-3.12,146,146,0.00,0,0.00,0.00,0.00,0.25,0.00,0.00,0,0,0,0
28621,ON,5,0,0.00,30.00,26.00,-3.12,146,146,0.00,0,0.00,0.00,0.00,0.25,0.00,0.00,0,0,0,0
28725,ON,5,0,0.00,30.00,26.00,-3.12,146,146,0.00,0,0.00,0.00,0.00,0.25,0.00,0.00,0,0,0,0
28829,ON,5,0,0.00,30.00,26.00,-3.12,146,146,0.00,0,0.00,0.00,0.00,0.25,0.00,0.00,0,0,0,0
28933,ON,5,0,0.00,30.00,26.00,-3.12,146,146,0.00,0,0.00,0.00,0.00,0.25,0.00,0.00,0,0,0,0
29041,ON,5,0,0.00,30.00,26.00,-3.12,146,146,0.00,0,0.00,0.00,0.00,0.25,0.00,0.00,0,0,0,0
29145,ON,5,0,0.00,30.00,26.00,-3.12,146,146,0.00,0,0.00,0.00,0.00,0.25,0.00,0.00,0,0,0,0
29249,ON,5,0,0.00,30.00,26.00,-3.12,146,146,0.00,0,0.00,0.00,0.00,0.25,0.00,0.00,0,0,0,0
29354,ON,5,0,0.00,30.00,26.00,-3.12,146,146,0.00,0,0.00,0.00,0.00,0.25,0.00,0.00,0,0,0,0
29459,ON,5,0,0.00,30.00,26.00,-3.12,146,146,0.00,0,0.00,0.00,0.00,0.25,0.00,0.00,0,0,0,0
29564,ON,5,0,0.00,30.00,26.00,-3.12,146,146,0.00,0,0.00,0.00,0.00,0.25,0.00,0.00,0,0,0,0
29672,ON,5,0,0.00,30.00,26.00,-3.12,146,146,0.00,0,0.00,0.00,0.00,0.25,0.00,0.00,0,0,0,0
29777,ON,5,0,0.00,30.00,26.00,-3.12,146,146,0.00,0,0.00,0.00,0.00,0.25,0.00,0.00,0,0,0,0
29882,ON,5,0,0.00,30.00,26.00,-3.12,146,146,0.00,0,0.00,0.00,0.00,0.25,0.00,0.00,0,0,0,0
29987,ON,5,0,0.00,30.00,26.00,-3.12,146,146,0.00,0,0.00,0.00,0.00,0.25,0.00,0.00,0,0,0,0
30092,ON,5,0,0.00,30.00,26.00,-3.12,146,146,0.00,0,0.00,0.00,0.00,0.25,0.00,0.00,0,0,0,0
30197,ON,5,0,0.00,30.00,26.00,-3.12,146,146,0.00,0,0.00,0.00,0.00,0.25,0.00,0.00,0,0,0,0
30305,ON,5,0,0.00,30.00,26.00,-3.12,146,146,0.00,0,0.00,0.00,0.00,0.25,0.00,0.00,0,0,0,0
30410,ON,5,0,0.00,30.00,26.00,-3.12,146,146,0.00,0,0.00,0.00,0.00,0.25,0.00,0.00,0,0,0,0
30515,ON,5,0,0.00,30.00,26.00,-3.12,146,146,0.00,0,0.00,0.00,0.00,0.25,0.00,0.00,0,0,0,0
30620,ON,5,0,0.00,30.00,26.00,-3.12,146,146,0.00,0,0.00,0.00,0.00,0.25,0.00,0.00,0,0,0,0
30724,ON,5,0,0.00,30.00,26.00,-3.12,146,146,0.00,0,0.00,0.00,0.00,0.25,0.00,0.00,0,0,0,0
30828,ON,5,0,0.00,30.00,26.00,-3.12,146,146,0.00,0,0.00,0.00,0.00,0.25,0.00,0.00,0,0,0,0
30936,ON,5,0,0.00,30.00,26.00,-3.12,146,146,0.00,0,0.00,0.00,0.00,0.25,0.00,0.00,0,0,0,0
31041,ON,5,0,0.00,30.00,26.00,-3.12,146,146,0.00,0,0.00,0.00,0.00,0.25,0.00,0.00,0,0,0,0
31146,ON,5,0,0.00,30.00,26.00,-3.12,146,146,0.00,0,0.00,0.00,0.00,0.25,0.00,0.00,0,0,0,0
31250,ON,5,0,0.00,30.00,26.00,-3.12,146,146,0.00,0,0.00,0.00,0.00,0.25,0.00,0.00,0,0,0,0
31355,ON,5,0,0.00,30.00,26.00,-3.12,146,146,0.00,0,0.00,0.00,0.00,0.25,0.00,0.00,0,0,0,0
31459,ON,5,0,0.00,30.00,26.00,-3.12,146,146,0.00,0,0.00,0.00,0.00,0.25,0.00,0.00,0,0,0,0
31567,ON,5,0,0.00,30.00,26.00,-3.12,146,146,0.00,0,0.00,0.00,0.00,0.25,0.00,0.00,0,0,0,0
31671,ON,5,0,0.00,30.00,26.00,-3.12,146,146,0.00,0,0.00,0.00,0.00,0.25,0.00,0.00,0,0,0,0
31776,ON,5,0,0.00,30.00,26.00,-3.12,146,146,0.00,0,0.00,0.00,0.00,0.25,0.00,0.00,0,0,0,0
31880,ON,5,0,0.00,30.00,26.00,-3.12,146,146,0.00,0,0.00,0.00,0.00,0.25,0.00,0.00,0,0,0,0
31984,ON,5,0,0.00,30.00,26.00,-3.12,146,146,0.00,0,0.00,0.00,0.00,0.25,0.00,0.00,0,0,0,0
32088,ON,5,0,0.00,30.00,26.00,-3.12,146,146,0.00,0,0.00,0.00,0.00,0.25,0.00,0.00,0,0,0,0
32196,ON,5,0,0.00,30.00,26.00,-3.12,146,146,0.00,0,0.00,0.00,0.00,0.25,0.00,0.00,0,0,0,0
32300,ON,5,0,0.00,30.00,26.00,-3.12,146,146,0.00,0,0.00,0.00,0.00,0.25,0.00,0.00,0,0,0,0
32404,ON,5,0,0.00,30.00,26.00,-3.12,146,146,0.00,0,0.00,0.00,0.00,0.25,0.00,0.00,0,0,0,0
32509,ON,5,0,0.00,30.00,26.00,-3.12,146,146,0.00,0,0.00,0.00,0.00,0.25,0.00,0.00,0,0,0,0
32614,ON,5,0,0.00,30.00,26.00,-3.12,146,146,0.00,0,0.00,0.00,0.00,0.25,0.00,0.00,0,0,0,0
32719,ON,5,0,0.00,30.00,26.00,-3.12,146,146,0.00,0,0.00,0.00,0.00,0.25,0.00,0.00,0,0,0,0
32827,ON,5,0,0.00,30.00,26.00,-3.12,146,146,0.00,0,0.00,0.00,0.00,0.25,0.00,0.00,0,0,0,0
32931,ON,5,0,0.00,30.00,26.00,-3.12,146,146,0.00,0,0.00,0.00,0.00,0.25,0.00,0.00,0,0,0,0
33036,ON,5,0,0.00,30.00,26.00,-3.12,146,146,0.00,0,0.00,0.00,0.00,0.25,0.00,0.00,0,0,0,0
33140,ON,5,0,0.00,30.00,26.00,-3.12,146,146,0.00,0,0.00,0.00,0.00,0.25,0.00,0.00,0,0,0,0
33244,ON,5,0,0.00,30.00,26.00,-3.12,146,146,0.00,0,0.00,0.00,0.00,0.25,0.00,0.00,0,0,0,0
33348,ON,5,0,0.00,30.00,26.00,-3.12,146,146,0.00,0,0.00,0.00,0.00,0.25,0.00,0.00,0,0,0,0
33456,ON,5,0,0.00,30.00,26.00,-3.12,146,146,0.00,0,0.00,0.00,0.00,0.25,0.00,0.00,0,0,0,0
33561,ON,5,0,0.00,30.00,26.00,-3.12,146,146,0.00,0,0.00,0.00,0.00,0.25,0.00,0.00,0,0,0,0
33665,ON,5,0,0.00,30.00,26.00,-3.12,146,146,0.00,0,0.00,0.00,0.00,0.25,0.00,0.00,0,0,0,0
33769,ON,5,0,0.00,30.00,26.00,-3.12,146,146,0.00,0,0.00,0.00,0.00,0.25,0.00,0.00,0,0,0,0
33874,ON,5,0,0.00,30.00,26.00,-3.12,146,146,0.00,0,0.00,0.00,0.00,0.25,0.00,0.00,0,0,0,0
33979,ON,5,0,0.00,30.00,26.00,-3.12,146,146,0.00,0,0.00,0.00,0.00,0.25,0.00,6.88,219,0,0,0
34087,ON,5,0,0.00,30.00,26.00,-3.12,146,146,0.00,0,0.00,0.00,0.00,0.25,0.00,9.69,215,0,0,0
34191,ON,5,0,0.00,30.00,26.00,-3.12,146,146,165.00,0,0.00,0.00,0.00,0.25,0.00,9.22,2,0,0,0
34296,ON,5,0,0.00,30.00,26.00,-3.12,146,146,217.75,0,0.00,0.00,0.00,0.25,0.00,9.77,37,0,0,0
34401,ON,5,0,0.00,30.00,26.00,-3.12,146,146,215.50,0,0.00,0.00,0.00,0.25,0.00,9.84,115,0,0,0
34505,ON,5,0,0.00,30.00,26.00,-3.12,146,146,236.50,0,10.00,0.00,0.00,0.25,0.00,9.61,137,0,0,0
34610,ON,5,0,0.00,30.00,26.00,-3.12,146,146,260.50,0,10.00,0.00,0.00,0.25,0.00,10.00,16,0,0,0
34718,ON,5,0,0.00,30.00,26.00,-3.12,146,146,269.50,0,10.00,0.00,0.00,0.25,0.00,9.69,215,0,0,0
34823,ON,5,0,0.00,30.00,26.00,-3.12,146,146,271.25,0,10.00,0.00,0.00,0.25,0.00,9.77,37,0,0,0
34927,ON,5,0,0.00,30.00,26.00,-3.12,146,146,271.75,0,10.00,0.00,0.00,0.25,0.00,10.00,16,0,0,0
35032,ON,5,0,0.00,30.00,26.00,-3.12,146,146,272.25,0,10.00,0.00,0.00,0.25,0.00,9.92,193,0,0,0
35137,ON,5,0,0.00,30.00,26.00,-3.12,146,146,272.50,0,10.00,0.00,0.00,0.25,0.00,9.38,159,0,0,0
35242,ON,5,0,0.00,30.00,26.00,-3.12,146,146,273.75,0,10.00,0.00,0.00,0.25,0.00,9.84,115,0,0,0
35350,ON,5,0,0.00,30.00,26.00,-3.12,146,146,274.00,0,10.00,0.00,0.00,0.25,0.00,9.92,193,0,0,0
35455,ON,5,0,0.00,30.00,26.00,-3.12,146,146,274.50,0,10.00,0.00,0.00,0.25,0.00,9.92,193,0,0,0
35560,ON,5,0,0.00,30.00,26.00,-3.12,146,146,275.00,0,10.00,0.00,0.00,0.25,0.00,9.53,59,0,0,0
35665,ON,5,0,0.00,30.00,26.00,-3.12,146,146,275.75,0,10.00,0.00,0.00,0.25,0.00,9.77,37,0,0,0
35770,ON,5,0,0.00,30.00,26.00,-3.12,146,146,276.00,0,10.00,0.00,0.00,0.25,0.00,9.61,137,0,0,0
35874,ON,5,0,0.00,30.00,26.00,-3.12,146,146,325.75,0,10.00,0.00,0.00,0.25,0.00,11.33,64,0,0,0
35982,ON,5,8,0.00,30.00,26.00,-3.12,146,146,1099.50,0,10.00,0.00,0.00,0.25,0.00,12.11,77,0,0,0
36087,ON,5,8,0.00,30.00,26.00,-3.12,146,146,1637.50,0,10.00,0.00,0.00,0.25,0.00,12.11,77,0,0,0
36191,ON,5,8,0.00,30.00,26.00,-3.12,146,146,1919.00,0,10.00,0.00,0.00,0.25,0.00,12.42,133,0,0,0
36295,ON,5,8,0.00,30.00,26.00,-3.12,146,146,1942.00,0,9.00,0.00,0.00,0.25,0.00,12.19,155,0,0,0
36399,ON,5,8,0.00,30.00,26.00,-3.12,146,146,1901.50,0,10.00,0.00,0.00,0.25,0.00,12.19,155,0,0,0
36503,ON,5,8,0.00,30.00,26.00,-3.12,146,146,1770.25,0,10.00,0.00,0.00,0.25,0.00,12.19,155,0,0,0
36611,ON,5,8,0.00,30.00,26.00,-3.12,146,146,1520.50,0,10.00,0.00,0.00,0.25,0.00,12.11,77,0,0,0
36715,ON,5,8,0.00,30.00,27.00,-3.12,146,146,1405.25,0,10.00,0.00,0.00,0.25,0.00,12.27,233,0,0,0
36819,ON,5,8,0.00,30.00,26.00,-3.12,146,146,1275.00,0,10.00,0.00,0.00,0.25,0.00,12.11,77,0,0,0
36923,ON,5,8,0.00,30.00,26.00,-3.12,146,146,1236.50,0,10.00,0.00,0.00,0.25,0.00,12.11,77,0,0,0
37027,ON,5,8,0.00,30.00,26.00,-3.12,146,146,1516.00,0,10.00,0.00,0.00,0.25,0.00,12.19,155,0,0,0
37131,ON,5,8,0.00,30.00,26.00,-3.12,146,146,1565.00,0,10.00,0.00,0.00,0.25,0.00,11.95,177,0,0,0
37239,ON,5,8,0.00,30.00,26.00,-3.12,146,146,1686.50,0,10.00,0.00,0.00,0.25,0.00,12.11,77,0,0,0
37343,ON,5,8,0.00,30.00,26.00,-3.12,146,146,1689.00,0,10.00,0.00,0.00,0.25,0.00,12.27,233,0,0,0
37447,ON,5,8,0.00,30.00,26.00,-3.12,146,146,1653.50,0,10.00,0.00,0.00,0.25,0.00,13.98,160,0,0,0
37551,ON,5,8,0.00,30.00,26.00,-3.12,146,146,1255.75,0,10.00,0.00,0.00,0.25,0.00,13.83,4,0,0,0
37655,ON,5,8,0.00,30.00,26.00,-3.12,146,146,989.00,0,10.00,0.00,0.00,0.25,0.00,13.75,182,0,0,0
37759,ON,5,8,0.00,30.00,26.00,-3.12,146,146,776.75,0,10.00,0.00,0.00,0.25,0.00,12.50,212,0,0,0
37867,ON,5,0,0.00,30.00,26.00,-3.12,146,146,676.50,0,10.00,0.00,0.00,0.25,0.00,12.42,133,0,0,0
37973,ON,5,0,0.00,30.00,26.00,-3.12,146,146,401.50,0,10.00,0.00,0.00,0.25,0.00,12.42,133,0,0,0
38077,ON,5,0,0.00,30.00,26.00,-3.12,146,146,401.50,0,10.00,0.00,0.00,0.25,0.00,12.42,133,0,0,0
38181,ON,5,0,0.00,30.00,26.00,-3.12,146,146,0.00,0,10.00,0.00,0.00,0.25,0.00,12.42,133,0,0,0
38285,ON,5,0,0.00,30.00,26.00,-3.12,146,146,0.00,0,10.00,0.00,0.00,0.25,0.00,12.42,133,0,0,0
38393,ON,5,0,0.00,30.00,26.00,-3.12,146,146,0.00,0,10.00,0.00,0.00,0.25,0.00,12.42,133,0,0,0
38497,ON,5,0,0.00,30.00,26.00,-3.12,146,146,0.00,0,10.00,0.00,0.00,0.25,0.00,12.42,133,0,0,0
38601,ON,5,0,0.00,30.00,26.00,-3.12,146,146,0.00,0,10.00,0.00,0.00,0.25,0.00,12.42,133,0,0,0
38705,ON,5,0,0.00,30.00,26.00,-3.12,146,146,0.00,0,10.00,0.00,0.00,0.25,0.00,12.42,133,0,0,0
38809,ON,5,0,0.00,30.00,26.00,-3.12,146,146,0.00,0,10.00,0.00,0.00,0.25,0.00,12.42,133,0,0,0
38913,ON,5,0,0.00,30.00,26.00,-3.12,146,146,0.00,0,10.00,0.00,0.00,0.25,0.00,12.42,133,0,0,0
39021,ON,5,0,0.00,30.00,26.00,-3.12,146,146,0.00,0,10.00,0.00,0.00,0.25,0.00,3.91,66,0,0,0
39125,ON,5,0,0.00,30.00,26.00,-3.12,146,146,0.00,0,10.00,0.00,0.00,0.25,0.00,0.00,0,0,0,0
39229,ON,5,0,0.00,30.00,26.00,-3.12,146,146,0.00,0,10.00,0.00,0.00,0.25,0.00,0.00,0,0,0,0
39333,ON,5,0,0.00,30.00,26.00,-3.12,146,146,0.00,0,10.00,0.00,0.00,0.25,0.00,0.00,0,0,0,0
39437,ON,5,0,0.00,30.00,26.00,-3.12,146,146,0.00,0,10.00,0.00,0.00,0.25,0.00,0.00,0,0,0,0
39541,ON,5,0,0.00,30.00,26.00,-3.12,146,146,0.00,0,10.00,0.00,0.00,0.25,0.00,0.00,0,0,0,0
39649,ON,5,0,0.00,30.00,26.00,-3.12,146,146,0.00,0,10.00,0.00,0.00,0.25,0.00,0.00,0,0,0,0
39754,ON,5,0,0.00,30.00,26.00,-3.12,146,146,0.00,0,10.00,0.00,0.00,0.25,0.00,0.00,0,0,0,0
39858,ON,5,0,0.00,30.00,26.00,-3.12,146,146,0.00,0,10.00,0.00,0.00,0.25,0.00,0.00,0,0,0,0
39962,ON,5,0,0.00,30.00,26.00,-3.12,146,146,0.00,0,10.00,0.00,0.00,0.25,0.00,0.00,0,0,0,0
40066,ON,5,0,0.00,30.00,26.00,-3.12,146,146,0.00,0,10.00,0.00,0.00,0.25,0.00,0.00,0,0,0,0
40171,ON,5,0,0.00,30.00,26.00,-3.12,146,146,0.00,0,10.00,0.00,0.00,0.25,0.00,0.00,0,0,0,0
40279,ON,5,0,0.00,30.00,26.00,-3.12,146,146,0.00,0,10.00,0.00,0.00,0.25,0.00,0.00,0,0,0,0
40383,ON,5,0,0.00,30.00,26.00,-3.12,146,146,0.00,0,10.00,0.00,0.00,0.25,0.00,0.00,0,0,0,0
40488,ON,5,0,0.00,30.00,26.00,-3.12,146,146,0.00,0,10.00,0.00,0.00,0.25,0.00,0.00,0,0,0,0
40593,ON,5,0,0.00,30.00,26.00,-3.12,146,146,0.00,0,10.00,0.00,0.00,0.25,0.00,0.00,0,0,0,0
40698,ON,5,0,0.00,30.00,26.00,-3.12,146,146,0.00,0,10.00,0.00,0.00,0.25,0.00,0.00,0,0,0,0
40803,ON,5,0,0.00,30.00,26.00,-3.12,146,146,0.00,0,10.00,0.00,0.00,0.25,0.00,0.00,0,0,0,0
40911,ON,5,0,0.00,30.00,26.00,-3.12,146,146,0.00,0,10.00,0.00,0.00,0.25,0.00,0.00,0,0,0,0
41016,ON,5,0,0.00,30.00,26.00,-3.12,146,146,0.00,0,10.00,0.00,0.00,0.25,0.00,0.00,0,0,0,0
41121,ON,5,0,0.00,30.00,26.00,-3.12,146,146,0.00,0,10.00,0.00,0.00,0.25,0.00,0.00,0,0,0,0
41226,ON,5,0,0.00,30.00,26.00,-3.12,146,146,0.00,0,10.00,0.00,0.00,0.25,0.00,0.00,0,0,0,0
41334,ON,5,0,0.00,30.00,26.00,-3.12,146,146,0.00,0,10.00,0.00,0.00,0.25,0.00,0.00,0,0,0,0
41438,ON,5,0,0.00,30.00,26.00,-3.12,146,146,0.00,0,10.00,0.00,0.00,0.25,0.00,0.00,0,0,0,0
41546,ON,5,0,0.00,30.00,26.00,-3.12,146,146,0.00,0,10.00,0.00,0.00,0.25,0.00,0.00,0,0,0,0
41650,ON,5,0,0.00,30.00,26.00,-3.12,146,146,0.00,0,10.00,0.00,0.00,0.25,0.00,0.00,0,0,0,0
41754,ON,5,0,0.00,30.00,26.00,-3.12,146,146,0.00,0,10.00,0.00,0.00,0.25,0.00,0.00,0,0,0,0
41858,ON,5,0,0.00,30.00,26.00,-3.12,146,146,0.00,0,10.00,0.00,0.00,0.25,0.00,0.00,0,0,0,0
41962,ON,5,0,0.00,30.00,26.00,-3.12,146,146,0.00,0,10.00,0.00,0.00,0.25,0.00,0.00,0,0,0,0
42066,ON,5,0,0.00,30.00,26.00,-3.12,146,146,0.00,0,10.00,0.00,0.00,0.25,0.00,0.00,0,0,0,0
42174,ON,5,0,0.00,30.00,26.00,-3.12,146,146,0.00,0,10.00,0.00,0.00,0.25,0.00,0.00,0,0,0,0
42278,ON,5,0,0.00,30.00,26.00,-3.12,146,146,0.00,0,10.00,0.00,0.00,0.25,0.00,0.00,0,0,0,0
42382,ON,5,0,0.00,30.00,26.00,-3.12,146,146,0.00,0,10.00,0.00,0.00,0.25,0.00,0.00,0,0,0,0
42486,ON,5,0,0.00,30.00,26.00,-3.12,146,146,0.00,0,10.00,0.00,0.00,0.25,0.00,0.00,0,0,0,0
42590,ON,5,0,0.00,30.00,26.00,-3.12,146,146,0.00,0,10.00,0.00,0.00,0.25,0.00,0.00,0,0,0,0
42694,ON,5,0,0.00,30.00,26.00,-3.12,146,146,0.00,0,10.00,0.00,0.00,0.25,0.00,0.00,0,0,0,0
42802,ON,5,0,0.00,30.00,26.00,-3.12,146,146,0.00,0,10.00,0.00,0.00,0.25,0.00,0.00,0,0,0,0
42906,ON,5,0,0.00,30.00,26.00,-3.12,146,146,0.00,0,10.00,0.00,0.00,0.25,0.00,0.00,0,0,0,0
43010,ON,5,0,0.00,30.00,26.00,-3.12,146,146,0.00,0,10.00,0.00,0.00,0.25,0.00,0.00,0,0,0,0
43114,ON,5,0,0.00,30.00,26.00,-3.12,146,146,0.00,0,10.00,0.00,0.00,0.25,0.00,0.00,0,0,0,0
43218,ON,5,0,0.00,30.00,26.00,-3.12,146,146,0.00,0,10.00,0.00,0.00,0.25,0.00,0.00,0,0,0,0
43322,ON,5,0,0.00,30.00,26.00,-3.12,146,146,0.00,0,10.00,0.00,0.00,0.25,0.00,0.00,0,0,0,0
43430,ON,5,0,0.00,30.00,26.00,-3.12,146,146,0.00,0,10.00,0.00,0.00,0.25,0.00,0.00,0,0,0,0
43534,ON,5,0,0.00,30.00,26.00,-3.12,146,146,0.00,0,10.00,0.00,0.00,0.25,0.00,0.00,0,0,0,0
43638,ON,5,0,0.00,30.00,26.00,-3.12,146,146,0.00,0,10.00,0.00,0.00,0.25,0.00,0.00,0,0,0,0
43742,ON,5,0,0.00,30.00,26.00,-3.12,146,146,0.00,0,10.00,0.00,0.00,0.25,0.00,0.00,0,0,0,0
43846,ON,5,0,0.00,30.00,26.00,-3.12,146,146,0.00,0,10.00,0.00,0.00,0.25,0.00,0.00,0,0,0,0
43950,ON,5,0,0.00,30.00,26.00,-3.12,146,146,0.00,0,10.00,0.00,0.00,0.25,0.00,0.00,0,0,0,0
44058,ON,5,0,0.00,30.00,26.00,-3.12,146,146,0.00,0,10.00,0.00,0.00,0.25,0.00,0.00,0,0,0,0
44162,ON,5,0,0.00,30.00,26.00,-3.12,146,146,0.00,0,10.00,0.00,0.00,0.25,0.00,0.00,0,0,0,0
44266,ON,5,0,0.00,30.00,26.00,-3.12,146,146,0.00,0,10.00,0.00,0.00,0.25,0.00,0.00,0,0,0,0
44370,ON,5,0,0.00,30.00,26.00,-3.12,146,146,0.00,0,10.00,0.00,0.00,0.25,0.00,0.00,0,0,0,0
44474,ON,5,0,0.00,30.00,26.00,-3.12,146,146,0.00,0,10.00,0.00,0.00,0.25,0.00,0.00,0,0,0,0
44578,ON,5,0,0.00,30.00,26.00,-3.12,146,146,0.00,0,10.00,0.00,0.00,0.25,0.00,0.00,0,0,0,0
44686,ON,5,0,0.00,30.00,26.00,-3.12,146,146,0.00,0,10.00,0.00,0.00,0.25,0.00,0.00,0,0,0,0
44790,ON,5,0,0.00,30.00,26.00,-3.12,146,146,0.00,0,10.00,0.00,0.00,0.25,0.00,0.00,0,0,0,0
44894,ON,5,0,0.00,30.00,26.00,-3.12,146,146,0.00,0,10.00,0.00,0.00,0.25,0.00,0.00,0,0,0,0
44998,ON,5,0,0.00,30.00,26.00,-3.12,146,146,0.00,0,10.00,0.00,0.00,0.25,0.00,0.00,0,0,0,0
45102,ON,5,0,0.00,30.00,26.00,-3.12,146,146,0.00,0,10.00,0.00,0.00,0.25,0.00,0.00,0,0,0,0
45206,ON,5,0,0.00,30.00,26.00,-3.12,146,146,0.00,0,10.00,0.00,0.00,0.25,0.00,0.00,0,0,0,0
45314,ON,5,0,0.00,30.00,26.00,-3.12,146,146,0.00,0,10.00,0.00,0.00,0.25,0.00,0.00,0,0,0,0
45418,ON,5,0,0.00,30.00,26.00,-3.12,146,146,0.00,0,10.00,0.00,0.00,0.25,0.00,0.00,0,0,0,0
45522,ON,5,0,0.00,30.00,26.00,-3.12,146,146,0.00,0,10.00,0.00,0.00,0.25,0.00,0.00,0,0,0,0
45626,ON,5,0,0.00,30.00,26.00,-3.12,146,146,0.00,0,10.00,0.00,0.00,0.25,0.00,0.00,0,0,0,0
45730,ON,5,0,0.00,30.00,26.00,-3.12,146,146,0.00,0,10.00,0.00,0.00,0.25,0.00,0.00,0,0,0,0
45834,ON,5,0,0.00,30.00,26.00,-3.12,146,146,0.00,0,10.00,0.00,0.00,0.25,0.00,0.00,0,0,0,0
45942,ON,5,0,0.00,30.00,26.00,-3.12,146,146,0.00,0,10.00,0.00,0.00,0.25,0.00,0.00,0,0,0,0
46046,ON,5,0,0.00,30.00,26.00,-3.12,146,146,0.00,0,10.00,0.00,0.00,0.25,0.00,0.00,0,0,0,0
46150,ON,5,0,0.00,30.00,26.00,-3.12,146,146,0.00,0,10.00,0.00,0.00,0.25,0.00,0.00,0,0,0,0
46254,ON,5,0,0.00,30.00,26.00,-3.12,146,146,0.00,0,10.00,0.00,0.00,0.25,0.00,0.00,0,0,0,0
46358,ON,5,0,0.00,30.00,26.00,-3.12,146,146,0.00,0,10.00,0.00,0.00,0.25,0.00,0.00,0,0,0,0
46462,ON,5,0,0.00,30.00,26.00,-3.12,146,146,0.00,0,10.00,0.00,0.00,0.25,0.00,0.00,0,0,0,0
46570,ON,5,0,0.00,30.00,26.00,-3.12,146,146,0.00,0,10.00,0.00,0.00,0.25,0.00,0.00,0,0,0,0
46674,ON,5,0,0.00,30.00,26.00,-3.12,146,146,0.00,0,10.00,0.00,0.00,0.25,0.00,0.00,0,0,0,0
46778,ON,5,0,0.00,30.00,26.00,-3.12,146,146,0.00,0,10.00,0.00,0.00,0.25,0.00,0.00,0,0,0,0
46882,ON,5,0,0.00,30.00,26.00,-3.12,146,146,0.00,0,10.00,0.00,0.00,0.25,0.00,0.00,0,0,0,0
46986,ON,5,0,0.00,30.00,26.00,-3.12,146,146,0.00,0,10.00,0.00,0.00,0.25,0.00,0.00,0,0,0,0
47090,ON,5,0,0.00,30.00,26.00,-3.12,146,146,0.00,0,10.00,0.00,0.00,0.25,0.00,0.00,0,0,0,0
47197,ON,5,0,0.00,30.00,26.00,-3.12,146,146,0.00,0,10.00,0.00,0.00,0.25,0.00,0.00,0,0,0,0
47301,ON,5,0,0.00,30.00,26.00,-3.12,146,146,0.00,0,10.00,0.00,0.00,0.25,0.00,0.00,0,0,0,0
47405,ON,5,0,0.00,30.00,26.00,-3.12,146,146,0.00,0,10.00,0.00,0.00,0.25,0.00,0.00,0,0,0,0
47509,ON,5,0,0.00,30.00,26.00,-3.12,146,146,0.00,0,10.00,0.00,0.00,0.25,0.00,0.00,0,0,0,0
47613,ON,5,0,0.00,30.00,26.00,-3.12,146,146,0.00,0,10.00,0.00,0.00,0.25,0.00,0.00,0,0,0,0
47717,ON,5,0,0.00,30.00,26.00,-3.12,146,146,0.00,0,10.00,0.00,0.00,0.25,0.00,0.00,0,0,0,0
47824,ON,5,0,0.00,30.00,26.00,-3.12,146,146,0.00,0,10.00,0.00,0.00,0.25,0.00,0.00,0,0,0,0
47928,ON,5,0,0.00,30.00,26.00,-3.12,146,146,0.00,0,10.00,0.00,0.00,0.25,0.00,0.00,0,0,0,0
48032,ON,5,0,0.00,30.00,26.00,-3.12,146,146,0.00,0,10.00,0.00,0.00,0.25,0.00,0.00,0,0,0,0
48136,ON,5,0,0.00,30.00,26.00,-3.12,146,146,0.00,0,10.00,0.00,0.00,0.25,0.00,0.00,0,0,0,0
48240,ON,5,0,0.00,30.00,26.00,-3.12,146,146,0.00,0,10.00,0.00,0.00,0.25,0.00,0.00,0,0,0,0
48344,ON,5,0,0.00,30.00,26.00,-3.12,146,146,0.00,0,10.00,0.00,0.00,0.25,0.00,0.00,0,0,0,0
48452,ON,5,0,0.00,30.00,26.00,-3.12,146,146,0.00,0,10.00,0.00,0.00,0.25,0.00,0.00,0,0,0,0
48556,ON,5,0,0.00,30.00,26.00,-3.12,146,146,0.00,0,10.00,0.00,0.00,0.25,0.00,0.00,0,0,0,0
48660,ON,5,0,0.00,30.00,26.00,-3.12,146,146,0.00,0,10.00,0.00,0.00,0.25,0.00,0.00,0,0,0,0
48764,ON,5,0,0.00,30.00,26.00,-3.12,146,146,0.00,0,10.00,0.00,0.00,0.25,0.00,0.00,0,0,0,0
48868,ON,5,0,0.00,30.00,26.00,-3.12,146,146,0.00,0,10.00,0.00,0.00,0.25,0.00,0.00,0,0,0,0
48972,ON,5,0,0.00,30.00,26.00,-3.12,146,146,0.00,0,10.00,0.00,0.00,0.25,0.00,0.00,0,0,0,0
49079,ON,5,0,0.00,30.00,26.00,-3.12,146,146,0.00,0,10.00,0.00,0.00,0.25,0.00,0.00,0,0,0,0
49183,ON,5,0,0.00,30.00,26.00,-3.12,146,146,0.00,0,10.00,0.00,0.00,0.25,0.00,0.00,0,0,0,0
49287,ON,5,0,0.00,30.00,26.00,-3.12,146,146,0.00,0,10.00,0.00,0.00,0.25,0.00,0.00,0,0,0,0
49391,ON,5,0,0.00,30.00,26.00,-3.12,146,146,0.00,0,10.00,0.00,0.00,0.25,0.00,0.00,0,0,0,0
49495,ON,5,0,0.00,30.00,26.00,-3.12,146,146,0.00,0,10.00,0.00,0.00,0.25,0.00,0.00,0,0,0,0
49599,ON,5,0,0.00,30.00,26.00,-3.12,146,146,0.00,0,10.00,0.00,0.00,0.25,0.00,0.00,0,0,0,0
49707,ON,5,0,0.00,30.00,26.00,-3.12,146,146,0.00,0,10.00,0.00,0.00,0.25,0.00,0.00,0,0,0,0
49811,ON,5,0,0.00,30.00,26.00,-3.12,146,146,0.00,0,10.00,0.00,0.00,0.25,0.00,0.00,0,0,0,0
49915,ON,5,0,0.00,30.00,26.00,-3.12,146,146,0.00,0,10.00,0.00,0.00,0.25,0.00,0.00,0,0,0,0
50019,ON,5,0,0.00,30.00,26.00,-3.12,146,146,0.00,0,10.00,0.00,0.00,0.25,0.00,0.00,0,0,0,0
50123,ON,5,0,0.00,30.00,26.00,-3.12,146,146,0.00,0,10.00,0.00,0.00,0.25,0.00,0.00,0,0,0,0
50227,ON,5,0,0.00,30.00,26.00,-3.12,146,146,0.00,0,10.00,0.00,0.00,0.25,0.00,0.00,0,0,0,0
50335,ON,5,0,0.00,30.00,26.00,-3.12,146,146,0.00,0,10.00,0.00,0.00,0.25,0.00,0.00,0,0,0,0
50439,ON,5,0,0.00,30.00,26.00,-3.12,146,146,0.00,0,10.00,0.00,0.00,0.25,0.00,0.00,0,0,0,0
50543,ON,5,0,0.00,30.00,26.00,-3.12,146,146,0.00,0,10.00,0.00,0.00,0.25,0.00,0.00,0,0,0,0
50647,ON,5,0,0.00,30.00,26.00,-3.12,146,146,0.00,0,10.00,0.00,0.00,0.25,0.00,0.00,0,0,0,0
50751,ON,5,0,0.00,30.00,26.00,-3.12,146,146,0.00,0,10.00,0.00,0.00,0.25,0.00,0.00,0,0,0,0
50855,ON,5,0,0.00,30.00,26.00,-3.12,146,146,0.00,0,10.00,0.00,0.00,0.25,0.00,0.00,0,0,0,0
50963,ON,5,0,0.00,30.00,26.00,-3.12,146,146,0.00,0,10.00,0.00,0.00,0.25,0.00,0.00,0,0,0,0
51067,ON,5,0,0.00,30.00,26.00,-3.12,146,146,0.00,0,10.00,0.00,0.00,0.25,0.00,0.00,0,0,0,0
51171,ON,5,0,0.00,30.00,26.00,-3.12,146,146,0.00,0,10.00,0.00,0.00,0.25,0.00,0.00,0,0,0,0
51275,ON,5,0,0.00,30.00,26.00,-3.12,146,146,0.00,0,10.00,0.00,0.00,0.25,0.00,0.00,0,0,0,0
51379,ON,5,0,0.00,30.00,26.00,-3.12,146,146,0.00,0,10.00,0.00,0.00,0.25,0.00,0.00,0,0,0,0
51483,ON,5,0,0.00,30.00,26.00,-3.12,146,146,0.00,0,10.00,0.00,0.00,0.25,0.00,0.00,0,0,0,0
51591,ON,5,0,0.00,30.00,26.00,-3.12,146,146,0.00,0,10.00,0.00,0.00,0.25,0.00,0.00,0,0,0,0
51695,ON,5,0,0.00,30.00,26.00,-3.12,146,146,0.00,0,10.00,0.00,0.00,0.25,0.00,0.00,0,0,0,0
51799,ON,5,0,0.00,30.00,26.00,-3.12,146,146,0.00,0,10.00,0.00,0.00,0.25,0.00,0.00,0,0,0,0
51903,ON,5,0,0.00,30.00,26.00,-3.12,146,146,0.00,0,10.00,0.00,0.00,0.25,0.00,0.00,0,0,0,0
52007,ON,5,0,0.00,30.00,26.00,-3.12,146,146,0.00,0,10.00,0.00,0.00,0.25,0.00,0.00,0,0,0,0
52111,ON,5,0,0.00,30.00,26.00,-3.12,146,146,0.00,0,10.00,0.00,0.00,0.25,0.00,0.00,0,0,0,0
52219,ON,5,0,0.00,30.00,26.00,-3.12,146,146,0.00,0,10.00,0.00,0.00,0.25,0.00,0.00,0,0,0,0
52323,ON,5,0,0.00,30.00,26.00,-3.12,146,146,0.00,0,10.00,0.00,0.00,0.25,0.00,0.00,0,0,0,0
52427,ON,5,0,0.00,30.00,26.00,-3.12,146,146,0.00,0,10.00,0.00,0.00,0.25,0.00,0.00,0,0,0,0
52531,ON,5,0,0.00,30.00,26.00,-3.12,146,146,0.00,0,10.00,0.00,0.00,0.25,0.00,0.00,0,0,0,0
52635,ON,5,0,0.00,30.00,26.00,-3.12,146,146,0.00,0,10.00,0.00,0.00,0.25,0.00,0.00,0,0,0,0
52739,ON,5,0,0.00,30.00,26.00,-3.12,146,146,0.00,0,10.00,0.00,0.00,0.25,0.00,0.00,0,0,0,0
52847,ON,5,0,0.00,30.00,26.00,-3.12,146,146,0.00,0,10.00,0.00,0.00,0.25,0.00,0.00,0,0,0,0
52951,ON,5,0,0.00,30.00,26.00,-3.12,146,146,0.00,0,10.00,0.00,0.00,0.25,0.00,0.00,0,0,0,0
53055,ON,5,0,0.00,30.00,26.00,-3.12,146,146,0.00,0,10.00,0.00,0.00,0.25,0.00,0.00,0,0,0,0
53159,ON,5,0,0.00,30.00,26.00,-3.12,146,146,0.00,0,10.00,0.00,0.00,0.25,0.00,0.00,0,0,0,0
53263,ON,5,0,0.00,30.00,26.00,-3.12,146,146,0.00,0,10.00,0.00,0.00,0.25,0.00,0.00,0,0,0,0
53367,ON,5,0,0.00,30.00,26.00,-3.12,146,146,0.00,0,10.00,0.00,0.00,0.25,0.00,0.00,0,0,0,0
53475,ON,5,0,0.00,30.00,26.00,-3.12,146,146,0.00,0,10.00,0.00,0.00,0.25,0.00,0.00,0,0,0,0
53579,ON,5,0,0.00,30.00,26.00,-3.12,146,146,0.00,0,10.00,0.00,0.00,0.25,0.00,0.00,0,0,0,0
53683,ON,5,0,0.00,30.00,26.00,-3.12,146,146,0.00,0,10.00,0.00,0.00,0.25,0.00,0.00,0,0,0,0
53787,ON,5,0,0.00,30.00,26.00,-3.12,146,146,0.00,0,10.00,0.00,0.00,0.25,0.00,0.00,0,0,0,0
53891,ON,5,0,0.00,30.00,26.00,-3.12,146,146,0.00,0,10.00,0.00,0.00,0.25,0.00,0.00,0,0,0,0
53995,ON,5,0,0.00,30.00,26.00,-3.12,146,146,0.00,0,10.00,0.00,0.00,0.25,0.00,0.00,0,0,0,0
54103,ON,5,0,0.00,30.00,26.00,-3.12,146,146,0.00,0,10.00,0.00,0.00,0.25,0.00,0.00,0,0,0,0
54207,ON,5,0,0.00,30.00,26.00,-3.12,146,146,0.00,0,10.00,0.00,0.00,0.25,0.00,0.00,0,0,0,0
54311,ON,5,0,0.00,30.00,26.00,-3.12,146,146,0.00,0,10.00,0.00,0.00,0.25,0.00,0.00,0,0,0,0
54415,ON,5,0,0.00,30.00,26.00,-3.12,146,146,0.00,0,10.00,0.00,0.00,0.25,0.00,0.00,0,0,0,0
54519,ON,5,0,0.00,30.00,26.00,-3.12,146,146,0.00,0,10.00,0.00,0.00,0.25,0.00,0.00,0,0,0,0
54623,ON,5,0,0.00,30.00,26.00,-3.12,146,146,0.00,0,10.00,0.00,0.00,0.25,0.00,0.00,0,0,0,0
54731,ON,5,0,0.00,30.00,26.00,-3.12,146,146,0.00,0,10.00,0.00,0.00,0.25,0.00,0.00,0,0,0,0
54835,ON,5,0,0.00,30.00,26.00,-3.12,146,146,0.00,0,10.00,0.00,0.00,0.25,0.00,0.00,0,0,0,0
54939,ON,5,0,0.00,30.00,26.00,-3.12,146,146,0.00,0,10.00,0.00,0.00,0.25,0.00,0.00,0,0,0,0
55043,ON,5,0,0.00,30.00,26.00,-3.12,146,146,0.00,0,10.00,0.00,0.00,0.25,0.00,0.00,0,0,0,0
55147,ON,5,0,0.00,30.00,26.00,-3.12,146,146,0.00,0,10.00,0.00,0.00,0.25,0.00,0.00,0,0,0,0
55251,ON,5,0,0.00,30.00,26.00,-3.12,146,146,0.00,0,10.00,0.00,0.00,0.25,0.00,0.00,0,0,0,0
55359,ON,5,0,0.00,30.00,26.00,-3.12,146,146,0.00,0,10.00,0.00,0.00,0.25,0.00,0.00,0,0,0,0
55463,ON,5,0,0.00,30.00,26.00,-3.12,146,146,0.00,0,10.00,0.00,0.00,0.25,0.00,0.00,0,0,0,0
55567,ON,5,0,0.00,30.00,26.00,-3.12,146,146,0.00,0,10.00,0.00,0.00,0.25,0.00,0.00,0,0,0,0
55671,ON,5,0,0.00,30.00,26.00,-3.12,146,146,0.00,0,10.00,0.00,0.00,0.25,0.00,0.00,0,0,0,0
55775,ON,5,0,0.00,30.00,26.00,-3.12,146,146,0.00,0,10.00,0.00,0.00,0.25,0.00,0.00,0,0,0,0
55879,ON,5,0,0.00,30.00,26.00,-3.12,146,146,0.00,0,10.00,0.00,0.00,0.25,0.00,0.00,0,0,0,0
55987,ON,5,0,0.00,30.00,26.00,-3.12,146,146,0.00,0,10.00,0.00,0.00,0.25,0.00,0.00,0,0,0,0
56091,ON,5,0,0.00,30.00,26.00,-3.12,146,146,0.00,0,10.00,0.00,0.00,0.25,0.00,0.00,0,0,0,0
56195,ON,5,0,0.00,30.00,26.00,-3.12,146,146,0.00,0,10.00,0.00,0.00,0.25,0.00,0.00,0,0,0,0
56299,ON,5,0,0.00,30.00,26.00,-3.12,146,146,0.00,0,10.00,0.00,0.00,0.25,0.00,0.00,0,0,0,0
56403,ON,5,0,0.00,30.00,26.00,-3.12,146,146,0.00,0,10.00,0.00,0.00,0.25,0.00,0.00,0,0,0,0
56507,ON,5,0,0.00,30.00,26.00,-3.12,146,146,0.00,0,10.00,0.00,0.00,0.25,0.00,0.00,0,0,0,0
56614,ON,5,0,0.00,30.00,26.00,-3.12,146,146,0.00,0,10.00,0.00,0.00,0.25,0.00,0.00,0,0,0,0
56718,ON,5,0,0.00,30.00,26.00,-3.12,146,146,0.00,0,10.00,0.00,0.00,0.25,0.00,0.00,0,0,0,0
56822,ON,5,0,0.00,30.00,26.00,-3.12,146,146,0.00,0,10.00,0.00,0.00,0.25,0.00,0.00,0,0,0,0
56926,ON,5,0,0.00,30.00,26.00,-3.12,146,146,0.00,0,10.00,0.00,0.00,0.25,0.00,0.00,0,0,0,0
57030,ON,5,0,0.00,30.00,26.00,-3.12,146,146,0.00,0,10.00,0.00,0.00,0.25,0.00,0.00,0,0,0,0
57134,ON,5,0,0.00,30.00,26.00,-3.12,146,146,0.00,0,10.00,0.00,0.00,0.25,0.00,0.00,0,0,0,0
57241,ON,5,0,0.00,30.00,26.00,-3.12,146,146,0.00,0,10.00,0.00,0.00,0.25,0.00,0.00,0,0,0,0
57345,ON,5,0,0.00,30.00,26.00,-3.12,146,146,0.00,0,10.00,0.00,0.00,0.25,0.00,0.00,0,0,0,0
57449,ON,5,0,0.00,30.00,26.00,-3.12,146,146,0.00,0,10.00,0.00,0.00,0.25,0.00,0.00,0,0,0,0
57553,ON,5,0,0.00,30.00,26.00,-3.12,146,146,0.00,0,10.00,0.00,0.00,0.25,0.00,0.00,0,0,0,0
57657,ON,5,0,0.00,30.00,26.00,-3.12,146,146,0.00,0,10.00,0.00,0.00,0.25,0.00,0.00,0,0,0,0
57761,ON,5,0,0.00,30.00,26.00,-3.12,146,146,0.00,0,10.00,0.00,0.00,0.25,0.00,0.00,0,0,0,0
57869,ON,5,0,0.00,30.00,26.00,-3.12,146,146,0.00,0,10.00,0.00,0.00,0.25,0.00,0.00,0,0,0,0
57973,ON,5,0,0.00,30.00,26.00,-3.12,146,146,0.00,0,10.00,0.00,0.00,0.25,0.00,0.00,0,0,0,0
58077,ON,5,0,0.00,30.00,26.00,-3.12,146,146,0.00,0,10.00,0.00,0.00,0.25,0.00,0.00,0,0,0,0
58181,ON,5,0,0.00,30.00,26.00,-3.12,146,146,0.00,0,10.00,0.00,0.00,0.25,0.00,0.00,0,0,0,0
58285,ON,5,0,0.00,30.00,26.00,-3.12,146,146,0.00,0,10.00,0.00,0.00,0.25,0.00,0.00,0,0,0,0
58389,ON,5,0,0.00,30.00,26.00,-3.12,146,146,0.00,0,10.00,0.00,0.00,0.25,0.00,0.00,0,0,0,0
58497,ON,5,0,0.00,30.00,26.00,-3.12,146,146,0.00,0,10.00,0.00,0.00,0.25,0.00,0.00,0,0,0,0
58601,ON,5,0,0.00,30.00,26.00,-3.12,146,146,0.00,0,10.00,0.00,0.00,0.25,0.00,0.00,0,0,0,0
58705,ON,5,0,0.00,30.00,26.00,-3.12,146,146,0.00,0,10.00,0.00,0.00,0.25,0.00,0.00,0,0,0,0
58809,ON,5,0,0.00,30.00,26.00,-3.12,146,146,0.00,0,10.00,0.00,0.00,0.25,0.00,0.00,0,0,0,0
58913,ON,5,0,0.00,30.00,26.00,-3.12,146,146,0.00,0,10.00,0.00,0.00,0.25,0.00,0.00,0,0,0,0
59017,ON,5,0,0.00,30.00,26.00,-3.12,146,146,0.00,0,10.00,0.00,0.00,0.25,0.00,0.00,0,0,0,0
59125,ON,5,0,0.00,30.00,26.00,-3.12,146,146,0.00,0,10.00,0.00,0.00,0.25,0.00,0.00,0,0,0,0
59229,ON,5,0,0.00,30.00,26.00,-3.12,146,146,0.00,0,10.00,0.00,0.00,0.25,0.00,0.00,0,0,0,0
59333,ON,5,0,0.00,30.00,26.00,-3.12,146,146,0.00,0,10.00,0.00,0.00,0.25,0.00,0.00,0,0,0,0
59437,ON,5,0,0.00,30.00,26.00,-3.12,146,146,0.00,0,10.00,0.00,0.00,0.25,0.00,0.00,0,0,0,0
59541,ON,5,0,0.00,30.00,26.00,-3.12,146,146,0.00,0,10.00,0.00,0.00,0.25,0.00,0.00,0,0,0,0
59645,ON,5,0,0.00,30.00,26.00,-3.12,146,146,0.00,0,10.00,0.00,0.00,0.25,0.00,0.00,0,0,0,0
59753,ON,5,0,0.00,30.00,26.00,-3.12,146,146,0.00,0,10.00,0.00,0.00,0.25,0.00,0.00,0,0,0,0
59857,ON,5,0,0.00,30.00,26.00,-3.12,146,146,0.00,0,10.00,0.00,0.00,0.25,0.00,0.00,0,0,0,0
59961,ON,5,0,0.00,30.00,26.00,-3.12,146,146,0.00,0,10.00,0.00,0.00,0.25,0.00,0.00,0,0,0,0
60065,ON,5,0,0.00,30.00,26.00,-3.12,146,146,0.00,0,10.00,0.00,0.00,0.25,0.00,0.00,0,0,0,0
60169,ON,5,0,0.00,30.00,26.00,-3.12,146,146,0.00,0,10.00,0.00,0.00,0.25,0.00,0.00,0,0,0,0
60273,ON,5,0,0.00,30.00,26.00,-3.12,146,146,0.00,0,10.00,0.00,0.00,0.25,0.00,0.00,0,0,0,0
60381,ON,5,0,0.00,30.00,26.00,-3.12,146,146,0.00,0,10.00,0.00,0.00,0.25,0.00,0.00,0,0,0,0
60485,ON,5,0,0.00,30.00,26.00,-3.12,146,146,0.00,0,10.00,0.00,0.00,0.25,0.00,0.00,0,0,0,0
60589,ON,5,0,0.00,30.00,26.00,-3.12,146,146,0.00,0,10.00,0.00,0.00,0.25,0.00,0.00,0,0,0,0
60693,ON,5,0,0.00,30.00,26.00,-3.12,146,146,0.00,0,10.00,0.00,0.00,0.25,0.00,0.00,0,0,0,0
60797,ON,5,0,0.00,30.00,26.00,-3.12,146,146,0.00,0,10.00,0.00,0.00,0.25,0.00,0.00,0,0,0,0
60901,ON,5,0,0.00,30.00,26.00,-3.12,146,146,0.00,0,10.00,0.00,0.00,0.25,0.00,0.00,0,0,0,0
61009,ON,5,0,0.00,30.00,26.00,-3.12,146,146,0.00,0,10.00,0.00,0.00,0.25,0.00,0.00,0,0,0,0
61113,ON,5,0,0.00,30.00,26.00,-3.12,146,146,0.00,0,10.00,0.00,0.00,0.25,0.00,0.00,0,0,0,0
61217,ON,5,0,0.00,30.00,26.00,-3.12,146,146,0.00,0,10.00,0.00,0.00,0.25,0.00,0.00,0,0,0,0
61321,ON,5,0,0.00,30.00,26.00,-3.12,146,146,0.00,0,10.00,0.00,0.00,0.25,0.00,0.00,0,0,0,0
61425,ON,5,0,0.00,30.00,26.00,-3.12,146,146,0.00,0,10.00,0.00,0.00,0.25,0.00,0.00,0,0,0,0
61530,ON,5,0,0.00,30.00,26.00,-3.12,146,146,0.00,0,10.00,0.00,0.00,0.25,0.00,0.00,0,0,0,0
61637,ON,5,0,0.00,30.00,26.00,-3.12,146,146,0.00,0,10.00,0.00,0.00,0.25,0.00,0.00,0,0,0,0
61741,ON,5,0,0.00,30.00,26.00,-3.12,146,146,0.00,0,10.00,0.00,0.00,0.25,0.00,0.00,0,0,0,0
61845,ON,5,0,0.00,30.00,26.00,-3.12,146,146,0.00,0,10.00,0.00,0.00,0.25,0.00,0.00,0,0,0,0
61949,ON,5,0,0.00,30.00,26.00,-3.12,146,146,0.00,0,10.00,0.00,0.00,0.25,0.00,0.00,0,0,0,0
62053,ON,5,0,0.00,30.00,26.00,-3.12,146,146,0.00,0,10.00,0.00,0.00,0.25,0.00,0.00,0,0,0,0
62157,ON,5,0,0.00,30.00,26.00,-3.12,146,146,0.00,0,10.00,0.00,0.00,0.25,0.00,0.00,0,0,0,0
