1100,OFF,0,0,0.00,-40.00,-40.00,-100.00,0,0,0.00,0,-64.00,0.00,0.00,0.00,-100.00,0.00,0,0,0,0
1208,OFF,0,0,0.00,-40.00,-40.00,-100.00,0,0,0.00,0,-64.00,0.00,0.00,0.00,-100.00,0.00,0,0,0,0
1313,OFF,0,0,0.00,-40.00,-40.00,-100.00,0,0,0.00,0,-64.00,0.00,0.00,0.00,-100.00,0.00,0,0,0,0
1421,OFF,0,0,0.00,-40.00,-40.00,-100.00,0,0,0.00,0,-64.00,0.00,0.00,0.00,-100.00,0.00,0,0,0,0
1525,OFF,0,0,0.00,-40.00,-40.00,-100.00,0,0,0.00,0,-64.00,0.00,0.00,0.00,-100.00,0.00,0,0,0,0
1629,OFF,0,0,0.00,-40.00,-40.00,-100.00,0,0,0.00,0,-64.00,0.00,0.00,0.00,-100.00,0.00,0,0,0,0
1734,OFF,0,0,0.00,-40.00,-40.00,-100.00,0,0,0.00,0,-64.00,0.00,0.00,0.00,-100.00,0.00,0,0,0,0
1839,ON,5,0,0.00,56.00,25.00,3.91,99,101,0.00,0,0.00,0.00,0.00,0.25,0.00,0.00,0,0,0,0
1944,ON,5,0,0.00,56.00,26.00,0.78,99,101,0.00,0,0.00,0.39,0.00,0.25,0.00,11.33,64,2,0,0
2052,ON,5,0,0.00,56.00,26.00,-1.56,99,101,0.00,0,0.00,0.00,0.00,0.25,0.00,11.17,163,2,0,0
2157,ON,5,0,0.00,56.00,26.00,-2.34,99,101,0.00,0,0.00,0.00,0.00,0.25,0.00,11.17,163,2,0,0
2262,ON,5,0,0.00,56.00,26.00,-2.34,99,101,0.00,0,0.00,0.00,0.00,0.25,0.00,11.17,163,2,0,0
2367,ON,5,0,0.00,56.00,26.00,-3.12,99,101,0.00,0,0.00,0.00,0.00,0.25,0.00,11.17,163,2,0,0
2472,ON,5,0,0.00,56.00,26.00,-3.12,99,101,0.00,0,0.00,0.00,0.00,0.25,0.00,11.17,163,2,0,0
2577,ON,5,0,0.00,57.00,26.00,-3.12,99,99,0.00,0,0.00,0.00,0.00,0.25,0.00,11.17,163,2,0,0
2685,ON,5,0,0.00,56.00,26.00,-3.12,99,99,0.00,0,0.00,0.00,0.00,0.25,0.00,11.17,163,2,0,0
2790,ON,5,0,0.00,56.00,26.00,-3.12,99,99,0.00,0,0.00,0.00,0.00,0.25,0.00,11.09,85,2,0,0
2895,ON,5,0,0.00,57.00,26.00,-3.12,99,99,0.00,0,0.00,0.00,0.00,0.25,0.00,11.09,85,2,0,0
3000,ON,5,0,0.00,57.00,26.00,-3.12,99,99,0.00,0,0.00,0.00,0.00,0.25,0.00,11.17,163,2,0,0
3105,ON,5,0,0.00,57.00,26.00,-3.12,99,99,0.00,0,0.00,0.00,0.00,0.25,0.00,11.09,85,2,0,0
3209,ON,5,0,0.00,56.00,26.00,-3.12,99,99,0.00,0,0.00,0.00,0.00,0.25,0.00,11.09,85,2,0,0
3317,ON,5,0,0.00,57.00,26.00,-3.12,99,99,0.00,0,0.00,0.00,0.00,0.25,0.00,11.09,85,2,0,0
3422,ON,5,0,0.00,56.00,26.00,-3.12,99,99,0.00,0,0.00,0.00,0.00,0.25,0.00,11.09,85,2,0,0
3527,ON,5,0,0.00,57.00,26.00,-3.12,99,99,0.00,0,0.00,0.00,0.00,0.25,0.00,11.09,85,2,0,0
3632,ON,5,0,0.00,57.00,26.00,-3.12,99,99,0.00,0,0.00,0.00,0.00,0.25,0.00,11.09,85,2,0,0
3737,ON,5,0,0.00,57.00,26.00,-3.12,99,99,0.00,0,0.00,0.00,0.00,0.25,0.00,11.09,85,2,0,0
3842,ON,5,0,0.00,57.00,26.00,-3.12,99,99,0.00,0,0.00,0.00,0.00,0.25,0.00,11.09,85,2,0,0
3950,ON,5,0,0.00,57.00,26.00,-3.12,99,99,0.00,0,0.00,0.00,0.00,0.25,0.00,11.09,85,2,0,0
4055,ON,5,0,0.00,57.00,26.00,-3.12,99,99,0.00,0,0.00,0.00,0.00,0.25,0.00,11.09,85,2,0,0
4160,ON,5,0,0.00,57.00,26.00,-3.12,99,99,0.00,0,0.00,0.00,0.00,0.25,0.00,11.02,7,2,0,0
4265,ON,5,0,0.00,57.00,26.00,-3.12,99,99,0.00,0,0.00,0.00,0.00,0.25,0.00,11.09,85,2,0,0
4370,ON,5,0,0.00,57.00,26.00,-3.12,99,99,0.00,0,0.00,0.00,0.00,0.25,0.00,11.02,7,2,0,0
4475,ON,5,0,0.00,57.00,26.00,-3.12,99,99,0.00,0,0.00,0.00,0.00,0.25,0.00,11.02,7,2,0,0
4583,ON,5,0,0.00,57.00,26.00,-3.12,99,99,0.00,0,0.00,0.00,0.00,0.25,0.00,11.02,7,2,0,0
4688,ON,5,0,0.00,57.00,26.00,-3.12,99,99,0.00,0,0.00,0.00,0.00,0.25,0.00,11.02,7,2,0,0
4793,ON,5,0,0.00,57.00,26.00,-3.12,99,99,0.00,0,0.00,0.00,0.00,0.25,0.00,11.02,7,2,0,0
4898,ON,5,0,0.00,56.00,25.00,-3.12,99,99,0.00,0,0.00,0.00,0.00,0.25,0.00,11.02,7,2,0,0
5003,ON,5,0,0.00,56.00,25.00,-3.12,99,99,0.00,0,0.00,0.00,0.00,0.25,0.00,0.00,0,2,0,0
5108,ON,5,0,0.00,56.00,25.00,-3.12,99,99,0.00,0,0.00,0.00,0.00,0.25,0.00,0.00,0,2,0,0
5216,ON,5,0,0.00,56.00,25.00,-3.12,99,99,0.00,0,0.00,0.00,0.00,0.25,0.00,0.00,0,2,0,0
5321,ON,5,0,0.00,56.00,25.00,-3.12,99,99,0.00,0,0.00,0.00,0.00,0.25,0.00,0.00,0,2,0,0
5426,ON,5,0,0.00,56.00,25.00,-3.12,100,99,0.00,0,0.00,0.00,0.00,0.25,0.00,0.00,0,2,0,0
5531,ON,5,0,0.00,56.00,25.00,-3.12,99,99,0.00,0,0.00,0.00,0.00,0.25,0.00,0.00,0,2,0,0
5636,ON,5,0,0.00,56.00,25.00,-3.12,99,99,0.00,0,0.00,0.00,0.00,0.25,0.00,0.00,0,2,0,0
5741,ON,5,0,0.00,56.00,25.00,-3.12,99,99,0.00,0,0.00,0.00,0.00,0.25,0.00,0.00,0,2,0,0
5849,ON,5,0,0.00,56.00,25.00,-3.12,99,99,0.00,0,0.00,0.00,0.00,0.25,0.00,0.00,0,2,0,0
5954,ON,5,0,0.00,56.00,25.00,-3.12,99,99,0.00,0,0.00,0.00,0.00,0.25,0.00,0.00,0,2,0,0
6059,ON,5,0,0.00,56.00,25.00,-3.12,99,99,0.00,0,0.00,0.00,0.00,0.25,0.00,0.00,0,2,0,0
6164,ON,5,0,0.00,56.00,25.00,-3.12,99,99,0.00,0,0.00,0.00,0.00,0.25,0.00,0.00,0,2,0,0
6269,ON,5,0,0.00,56.00,25.00,-3.12,99,100,0.00,0,0.00,0.00,0.00,0.25,0.00,0.00,0,2,0,0
6373,ON,5,0,0.00,56.00,25.00,-3.12,99,99,0.00,0,0.00,0.00,0.00,0.25,0.00,0.00,0,2,0,0
6481,ON,5,0,0.00,56.00,25.00,-3.12,99,99,0.00,0,0.00,0.00,0.00,0.25,0.00,0.00,0,2,0,0
6586,ON,5,0,0.00,56.00,25.00,-3.12,99,99,0.00,0,0.00,0.00,0.00,0.25,0.00,0.00,0,2,0,0
6691,ON,5,0,0.00,56.00,25.00,-3.12,99,99,0.00,0,0.00,0.00,0.00,0.25,0.00,0.00,0,2,0,0
6795,ON,5,0,0.00,56.00,25.00,-3.12,99,99,0.00,0,0.00,0.00,0.00,0.25,0.00,0.00,0,2,0,0
6900,ON,5,0,0.00,56.00,25.00,-3.12,99,99,0.00,0,0.00,0.00,0.00,0.25,0.00,0.00,0,2,0,0
7004,ON,5,0,0.00,56.00,25.00,-3.12,99,99,0.00,0,0.00,0.00,0.00,0.25,0.00,0.00,0,2,0,0
7112,ON,5,0,0.00,56.00,25.00,-3.12,100,99,0.00,0,0.00,0.00,0.00,0.25,0.00,0.00,0,2,0,0
7217,ON,5,0,0.00,56.00,25.00,-3.12,99,99,0.00,0,0.00,0.00,0.00,0.25,0.00,0.00,0,2,0,0
7322,ON,5,0,0.00,56.00,25.00,-3.12,99,99,0.00,0,0.00,0.00,0.00,0.25,0.00,0.00,0,2,0,0
7426,ON,5,0,0.00,56.00,25.00,-3.12,99,99,0.00,0,0.00,0.00,0.00,0.25,0.00,0.00,0,2,0,0
7531,ON,5,0,0.00,56.00,25.00,-3.12,99,99,0.00,0,0.00,0.00,0.00,0.25,0.00,0.00,0,2,0,0
7635,ON,5,0,0.00,56.00,25.00,-3.12,99,99,0.00,0,0.00,0.00,0.00,0.25,0.00,0.00,0,2,0,0
7743,ON,5,0,0.00,56.00,25.00,-3.12,99,99,0.00,0,0.00,0.00,0.00,0.25,0.00,0.00,0,2,0,0
7848,ON,5,0,0.00,56.00,25.00,-3.12,99,99,0.00,0,0.00,0.00,0.00,0.25,0.00,0.00,0,2,0,0
7953,ON,5,0,0.00,56.00,25.00,-3.12,99,99,0.00,0,0.00,0.00,0.00,0.25,0.00,0.00,0,2,0,0
8058,ON,5,0,0.00,56.00,25.00,-3.12,99,99,0.00,0,0.00,0.00,0.00,0.25,0.00,0.00,0,2,0,0
8163,ON,5,0,0.00,56.00,25.00,-3.12,99,99,0.00,0,0.00,0.00,0.00,0.25,0.00,0.00,0,2,0,0
8268,ON,5,0,0.00,56.00,25.00,-3.12,99,99,0.00,0,0.00,0.00,0.00,0.25,0.00,0.00,0,2,0,0
8376,ON,5,0,0.00,56.00,25.00,-3.12,99,99,0.00,0,0.00,0.00,0.00,0.25,0.00,0.00,0,2,0,0
8481,ON,5,0,0.00,56.00,25.00,-3.12,99,99,0.00,0,0.00,0.00,0.00,0.25,0.00,0.00,0,2,0,0
8586,ON,5,0,0.00,56.00,25.00,-3.12,99,99,0.00,0,0.00,0.00,0.00,0.25,0.00,0.00,0,2,0,0
8691,ON,5,0,0.00,56.00,25.00,-3.12,99,99,0.00,0,0.00,0.00,0.00,0.25,0.00,0.00,0,2,0,0
8796,ON,5,0,0.00,56.00,25.00,-3.12,99,99,0.00,0,0.00,0.00,0.00,0.25,0.00,0.00,0,2,0,0
8901,ON,5,0,0.00,56.00,25.00,-3.12,99,99,0.00,0,0.00,0.00,0.00,0.25,0.00,0.00,0,2,0,0
9009,ON,5,0,0.00,56.00,25.00,-3.12,99,99,0.00,0,0.00,0.00,0.00,0.25,0.00,0.00,0,2,0,0
9114,ON,5,0,0.00,56.00,25.00,-3.12,99,99,0.00,0,0.00,0.00,0.00,0.25,0.00,0.00,0,2,0,0
9219,ON,5,0,0.00,56.00,25.00,-3.12,99,99,0.00,0,0.00,0.00,0.00,0.25,0.00,0.00,0,2,0,0
9324,ON,5,0,0.00,57.00,26.00,-3.12,99,99,0.00,0,0.00,0.00,0.00,0.25,0.00,8.44,245,2,0,0
9429,ON,5,0,0.00,57.00,26.00,-3.12,99,99,0.00,0,0.00,0.00,0.00,0.25,0.00,9.69,215,2,0,0
9533,ON,5,0,0.00,57.00,26.00,-3.12,54,99,203.00,0,0.00,0.00,0.00,0.25,0.00,9.77,37,2,0,0
9641,ON,5,0,0.00,57.00,26.00,-3.12,99,99,219.50,0,0.00,0.00,0.00,0.25,0.00,9.53,59,2,0,0
9746,ON,5,8,0.00,57.00,26.00,-3.12,45,99,808.50,0,10.00,0.00,0.00,0.25,0.00,9.84,115,2,0,0
9851,ON,5,8,0.00,57.00,26.00,-3.12,52,99,1573.00,0,10.00,0.00,0.00,0.25,0.00,10.47,228,2,0,0
9956,ON,5,8,0.00,58.00,26.00,-3.12,62,99,1603.50,0,10.00,0.00,0.00,0.25,0.00,12.19,155,2,0,0
10061,ON,5,8,0.00,57.00,26.00,-3.12,76,99,1685.75,0,10.00,0.00,0.00,0.25,0.00,12.19,155,2,0,0
10166,ON,5,8,0.00,57.00,26.00,-3.12,29,99,1766.25,0,10.00,0.00,0.00,0.25,0.00,12.27,233,2,0,0
10274,ON,5,8,0.00,57.00,27.00,-3.12,53,99,1771.00,0,10.00,0.00,0.00,0.25,0.00,12.27,233,2,0,0
10379,ON,5,8,0.00,57.00,26.00,-3.12,73,99,1813.25,0,10.00,0.00,0.00,0.25,0.00,12.03,255,2,0,0
10484,ON,5,8,0.00,57.00,26.00,-3.12,38,99,1833.75,0,10.00,0.00,0.00,0.25,0.00,12.19,155,2,0,0
10589,ON,5,8,0.00,57.00,26.00,-3.12,67,99,1850.00,0,10.00,0.00,0.00,0.25,0.00,12.19,155,2,0,0
10694,ON,5,8,0.00,57.00,26.00,-3.12,47,99,1859.25,0,10.00,0.00,0.00,0.25,0.00,12.42,133,2,0,0
10798,ON,5,8,0.00,57.00,26.00,-3.12,37,99,1835.00,0,10.00,0.00,0.00,0.25,0.00,12.34,55,2,0,0
10906,ON,5,8,0.00,57.00,26.00,-3.12,66,99,1780.00,0,10.00,0.00,0.00,0.25,0.00,12.58,34,2,0,0
11011,ON,5,8,0.00,57.00,26.00,-3.12,24,99,1771.00,0,10.00,0.00,0.00,0.25,0.00,12.27,233,2,0,0
11116,ON,5,8,0.00,57.00,26.00,-3.12,45,99,1746.75,0,10.00,0.00,0.00,0.25,0.00,12.27,233,2,0,0
11221,ON,5,8,0.00,57.00,26.00,-3.12,65,99,1752.50,0,10.00,0.00,0.00,0.25,0.00,12.34,55,2,0,0
11326,ON,5,8,0.00,58.00,26.00,-3.12,80,99,1768.25,0,10.00,0.00,0.00,0.25,0.00,12.34,55,2,0,0
11436,ON,5,8,0.00,57.00,26.00,-3.12,29,99,1786.50,0,10.00,0.00,0.00,0.25,0.00,12.42,133,2,0,0
11544,ON,5,8,0.00,57.00,26.00,-3.12,72,99,1799.00,0,10.00,0.00,0.00,0.25,0.00,12.50,212,2,0,0
11648,ON,5,8,0.00,57.00,26.00,-3.12,38,99,1817.00,0,10.00,0.00,0.00,0.25,0.00,12.27,233,2,0,0
11752,ON,5,8,0.00,57.00,26.00,-3.12,39,99,1799.50,0,10.00,0.00,0.00,0.25,0.00,12.34,55,2,0,0
11857,ON,5,8,0.00,58.00,26.00,-3.12,62,99,1803.75,0,10.00,0.00,0.00,0.25,0.00,12.50,212,2,0,0
11962,ON,5,8,0.00,57.00,26.00,-3.12,24,99,1812.50,0,10.00,0.00,0.00,0.25,0.00,12.50,212,2,0,0
12066,ON,5,8,0.00,57.00,26.00,-3.12,48,99,1789.00,0,10.00,0.00,0.00,0.25,0.00,12.27,233,2,0,0
12174,ON,5,8,0.00,57.00,26.00,-3.12,69,99,1799.50,0,10.00,0.00,0.00,0.25,0.00,12.34,55,2,0,0
12279,ON,5,8,0.00,57.00,26.00,-3.12,58,99,1794.00,0,10.00,0.00,0.00,0.25,0.00,12.42,133,2,0,0
12383,ON,5,8,0.00,57.00,26.00,-3.12,55,99,1779.50,0,10.00,0.00,0.00,0.25,0.00,12.27,233,2,0,0
12488,ON,5,8,0.00,57.00,26.00,-3.12,73,99,1772.50,0,10.00,0.00,0.00,0.25,0.00,12.50,212,2,0,0
12593,ON,5,8,0.00,57.00,26.00,-3.12,38,99,1764.75,0,10.00,0.00,0.00,0.25,0.00,12.42,133,2,0,0
12698,ON,5,8,0.00,57.00,26.00,-3.12,34,99,1745.50,0,10.00,0.00,0.00,0.25,0.00,12.42,133,2,0,0
12806,ON,5,8,0.00,57.00,26.00,-3.12,78,99,1792.50,0,10.00,0.00,0.00,0.25,0.00,12.50,212,2,0,0
12911,ON,5,8,0.00,57.00,26.00,-3.12,24,99,1790.50,0,10.00,0.00,0.00,0.25,0.00,12.50,212,2,0,0
13016,ON,5,8,0.00,57.00,26.00,-3.12,42,99,1760.50,0,10.00,0.00,0.00,0.25,0.00,12.34,55,2,0,0
13121,ON,5,8,0.00,57.00,26.00,-3.12,63,99,1779.25,0,10.00,0.00,0.00,0.25,0.00,12.58,34,2,0,0
13225,ON,5,8,0.00,57.00,26.00,-3.12,79,99,1750.00,0,10.00,0.00,0.00,0.25,0.00,12.34,55,2,0,0
13329,ON,5,8,0.00,57.00,26.00,-3.12,39,99,1735.50,0,10.00,0.00,0.00,0.25,0.00,12.42,133,2,0,0
13437,ON,5,8,0.00,57.00,26.00,-3.12,63,99,1717.50,0,10.00,0.00,0.00,0.25,0.00,12.42,133,2,0,0
13541,ON,5,8,0.00,57.00,26.00,-3.12,77,99,1729.50,0,10.00,0.00,0.00,0.25,0.00,12.34,55,2,0,0
13646,ON,5,8,0.00,57.00,26.00,-3.12,39,99,1726.50,0,10.00,0.00,0.00,0.25,0.00,12.50,212,2,0,0
13750,ON,5,8,0.00,58.00,26.00,-3.12,55,99,1719.00,0,10.00,0.00,0.00,0.25,0.00,12.42,133,2,0,0
13854,ON,5,8,0.00,57.00,26.00,-3.12,70,99,1719.75,0,10.00,0.00,0.00,0.25,0.00,12.42,133,2,0,0
13958,ON,5,8,0.00,58.00,26.00,-3.12,84,99,1727.50,0,10.00,0.00,0.00,0.25,0.00,12.34,55,2,0,0
14066,ON,5,8,0.00,57.00,26.00,-3.12,31,99,1743.75,0,10.00,0.00,0.00,0.25,0.00,12.42,133,2,0,0
14170,ON,5,8,0.00,57.00,26.00,-3.12,52,99,1750.25,0,10.00,0.00,0.00,0.25,0.00,12.42,133,2,0,0
14275,ON,5,8,0.00,57.00,26.00,-3.12,90,99,1717.75,0,10.00,0.00,0.00,0.25,0.00,12.50,212,2,0,0
14379,ON,5,8,0.00,57.00,26.00,-3.12,24,99,1701.75,0,10.00,0.00,0.00,0.25,0.00,12.42,133,2,0,0
14484,ON,5,8,0.00,57.00,26.00,-3.12,39,99,1729.50,0,10.00,0.00,0.00,0.25,0.00,12.50,212,2,0,0
14589,ON,5,8,0.00,58.00,26.00,-3.12,57,99,1689.75,0,10.00,0.00,0.00,0.25,0.00,12.58,34,2,0,0
14697,ON,5,8,0.00,57.00,26.00,-3.12,73,99,1659.25,0,10.00,0.00,0.00,0.25,0.00,12.34,55,2,0,0
14802,ON,5,8,0.00,57.00,26.00,-3.12,24,99,1687.75,0,10.00,0.00,0.00,0.25,0.00,12.50,212,2,0,0
14906,ON,5,8,0.00,57.00,26.00,-3.12,41,99,1708.75,0,10.00,0.00,0.00,0.25,0.00,12.58,34,2,0,0
15011,ON,5,8,0.00,57.00,26.00,-3.12,56,99,1706.25,0,10.00,0.00,0.00,0.25,0.00,12.42,133,2,0,0
15115,ON,5,8,0.00,57.00,26.00,-3.12,73,99,1705.00,0,10.00,0.00,0.00,0.25,0.00,12.27,233,2,0,0
15219,ON,5,8,0.00,57.00,26.00,-3.12,24,99,1650.00,0,10.00,0.00,0.00,0.25,0.00,12.42,133,2,0,0
15327,ON,5,8,0.00,57.00,26.00,-3.12,42,99,1623.25,0,10.00,0.00,0.00,0.25,0.00,12.34,55,2,0,0
15432,ON,5,8,0.00,57.00,26.00,-3.12,56,99,1598.25,0,10.00,0.00,0.00,0.25,0.00,12.58,34,2,0,0
15536,ON,5,8,0.00,57.00,26.00,-3.12,66,99,1591.75,0,10.00,0.00,0.00,0.25,0.00,12.58,34,2,0,0
15640,ON,5,8,0.00,56.00,25.00,-3.12,94,99,1594.00,0,10.00,0.00,0.00,0.25,0.00,1.88,83,2,0,0
15745,ON,5,8,0.00,56.00,25.00,-3.12,94,99,1594.00,2,10.00,0.00,0.00,0.25,0.00,0.00,0,2,0,0
15849,ON,5,8,0.00,56.00,25.00,-3.12,94,99,1594.00,2,10.00,0.00,0.00,0.25,0.00,0.00,0,2,0,0
15957,ON,5,8,0.00,56.00,25.00,-3.12,94,99,1594.00,2,10.00,0.00,0.00,0.25,0.00,0.00,0,2,0,0
16061,ON,5,8,0.00,56.00,25.00,-3.12,94,99,1594.00,2,10.00,0.00,0.00,0.25,0.00,0.00,0,2,0,0
16165,ON,5,8,0.00,56.00,25.00,-3.12,94,99,1594.00,2,10.00,0.00,0.00,0.25,0.00,0.00,0,2,0,0
16270,ON,5,8,0.00,56.00,25.00,-3.12,94,99,1594.00,2,10.00,0.00,0.00,0.25,0.00,0.00,0,2,0,0
16375,ON,5,8,0.00,56.00,25.00,-3.12,94,99,1594.00,2,10.00,0.00,0.00,0.25,0.00,0.00,0,2,0,0
16480,ON,5,8,0.00,56.00,25.00,-3.12,94,99,1594.00,2,10.00,0.00,0.00,0.25,0.00,0.00,0,2,0,0
16588,ON,5,8,0.00,56.00,25.00,-3.12,94,99,1594.00,2,10.00,0.00,0.00,0.25,0.00,0.00,0,2,0,0
16693,ON,5,8,0.00,56.00,25.00,-3.12,94,99,1594.00,2,10.00,0.00,0.00,0.25,0.00,0.00,0,2,0,0
16797,ON,5,8,0.00,56.00,25.00,-3.12,94,99,1594.00,2,10.00,0.00,0.00,0.25,0.00,0.00,0,2,0,0
16902,ON,5,8,0.00,56.00,25.00,-3.12,94,99,1594.00,2,10.00,0.00,0.00,0.25,0.00,0.00,0,2,0,0
17006,ON,5,8,0.00,56.00,25.00,-3.12,94,99,1594.00,2,10.00,0.00,0.00,0.25,0.00,0.00,0,2,0,0
17111,ON,5,8,0.00,56.00,25.00,-3.12,94,99,1594.00,2,10.00,0.00,0.00,0.25,0.00,0.00,0,2,0,0
17219,ON,5,8,0.00,56.00,25.00,-3.12,94,99,1594.00,2,10.00,0.00,0.00,0.25,0.00,0.00,0,2,0,0
17324,ON,5,8,0.00,56.00,25.00,-3.12,94,99,1594.00,2,10.00,0.00,0.00,0.25,0.00,0.00,0,2,0,0
17428,ON,5,8,0.00,56.00,25.00,-3.12,94,99,1594.00,2,10.00,0.00,0.00,0.25,0.00,0.00,0,2,0,0
17533,ON,5,8,0.00,56.00,25.00,-3.12,94,99,1594.00,2,10.00,0.00,0.00,0.25,0.00,0.00,0,2,0,0
17637,ON,5,8,0.00,56.00,25.00,-3.12,94,99,1594.00,2,10.00,0.00,0.00,0.25,0.00,0.00,0,2,0,0
17742,ON,5,8,0.00,56.00,25.00,-3.12,94,99,1594.00,2,10.00,0.00,0.00,0.25,0.00,0.00,0,2,0,0
17850,ON,5,8,0.00,56.00,25.00,-3.12,94,99,1594.00,2,10.00,0.00,0.00,0.25,0.00,0.00,0,2,0,0
17954,ON,5,8,0.00,56.00,25.00,-3.12,94,99,1594.00,2,10.00,0.00,0.00,0.25,0.00,0.00,0,2,0,0
18059,ON,5,8,0.00,56.00,25.00,-3.12,94,99,1594.00,2,10.00,0.00,0.00,0.25,0.00,0.00,0,2,0,0
18164,ON,5,8,0.00,56.00,25.00,-3.12,94,99,1594.00,2,10.00,0.00,0.00,0.25,0.00,0.00,0,2,0,0
18269,ON,5,8,0.00,56.00,25.00,-3.12,94,99,1594.00,2,10.00,0.00,0.00,0.25,0.00,0.00,0,2,0,0
18374,ON,5,8,0.00,56.00,25.00,-3.12,94,99,1594.00,2,10.00,0.00,0.00,0.25,0.00,0.00,0,2,0,0
18482,ON,5,8,0.00,56.00,25.00,-3.12,94,99,1594.00,2,10.00,0.00,0.00,0.25,0.00,0.00,0,2,0,0
18586,ON,5,8,0.00,56.00,25.00,-3.12,94,99,1594.00,2,10.00,0.00,0.00,0.25,0.00,0.00,0,2,0,0
18691,ON,5,8,0.00,56.00,25.00,-3.12,94,99,1594.00,2,10.00,0.00,0.00,0.25,0.00,0.00,0,2,0,0
18795,ON,5,8,0.00,56.00,25.00,-3.12,94,99,1594.00,2,10.00,0.00,0.00,0.25,0.00,0.00,0,2,0,0
18900,ON,5,8,0.00,56.00,25.00,-3.12,94,99,1594.00,2,10.00,0.00,0.00,0.25,0.00,0.00,0,2,0,0
19004,ON,5,8,0.00,56.00,25.00,-3.12,94,99,1594.00,2,10.00,0.00,0.00,0.25,0.00,0.00,0,2,0,0
19112,ON,5,8,0.00,56.00,25.00,-3.12,94,99,1594.00,2,10.00,0.00,0.00,0.25,0.00,0.00,0,2,0,0
19217,ON,5,8,0.00,56.00,25.00,-3.12,94,99,1594.00,2,10.00,0.00,0.00,0.25,0.00,0.00,0,2,0,0
19321,ON,5,8,0.00,56.00,25.00,-3.12,94,99,1594.00,2,10.00,0.00,0.00,0.25,0.00,0.00,0,2,0,0
19425,ON,5,8,0.00,56.00,25.00,-3.12,94,99,1594.00,2,10.00,0.00,0.00,0.25,0.00,0.00,0,2,0,0
19529,ON,5,8,0.00,56.00,25.00,-3.12,94,99,1594.00,2,10.00,0.00,0.00,0.25,0.00,0.00,0,2,0,0
19633,ON,5,8,0.00,56.00,25.00,-3.12,94,99,1594.00,2,10.00,0.00,0.00,0.25,0.00,0.00,0,2,0,0
19741,ON,5,8,0.00,56.00,25.00,-3.12,94,99,1594.00,2,10.00,0.00,0.00,0.25,0.00,0.00,0,2,0,0
19845,ON,5,8,0.00,56.00,25.00,-3.12,94,99,1594.00,2,10.00,0.00,0.00,0.25,0.00,0.00,0,2,0,0
19949,ON,5,8,0.00,56.00,25.00,-3.12,94,99,1594.00,2,10.00,0.00,0.00,0.25,0.00,0.00,0,2,0,0
20053,ON,5,8,0.00,56.00,25.00,-3.12,94,99,1594.00,2,10.00,0.00,0.00,0.25,0.00,0.00,0,2,0,0
20157,ON,5,8,0.00,56.00,25.00,-3.12,94,99,1594.00,2,10.00,0.00,0.00,0.25,0.00,0.00,0,2,0,0
20261,ON,5,8,0.00,56.00,25.00,-3.12,94,99,1594.00,2,10.00,0.00,0.00,0.25,0.00,0.00,0,2,0,0
20369,ON,5,8,0.00,56.00,25.00,-3.12,94,99,1594.00,2,10.00,0.00,0.00,0.25,0.00,0.00,0,2,0,0
20473,ON,5,8,0.00,56.00,25.00,-3.12,94,99,1594.00,2,10.00,0.00,0.00,0.25,0.00,0.00,0,2,0,0
20577,ON,5,8,0.00,56.00,25.00,-3.12,94,99,1594.00,2,10.00,0.00,0.00,0.25,0.00,0.00,0,2,0,0
20681,ON,5,0,0.00,57.00,25.00,4.69,99,101,0.00,0,0.00,0.00,0.00,0.25,0.00,0.00,0,2,0,0
20785,ON,5,0,0.00,56.00,26.00,0.00,99,101,0.00,0,0.00,0.39,0.00,0.25,0.00,11.33,64,2,0,0
20889,ON,5,0,0.00,56.00,26.00,-1.56,99,101,0.00,0,0.00,0.00,0.00,0.25,0.00,11.33,64,2,0,0
20997,ON,5,0,0.00,56.00,26.00,-2.34,99,101,0.00,0,0.00,0.00,0.00,0.25,0.00,11.41,142,2,0,0
21102,ON,5,0,0.00,56.00,26.00,-2.34,99,101,0.00,0,0.00,0.00,0.00,0.25,0.00,11.33,64,2,0,0
21207,ON,5,0,0.00,56.00,26.00,-3.12,99,101,0.00,0,0.00,0.00,0.00,0.25,0.00,11.33,64,2,0,0
21312,ON,5,0,0.00,57.00,26.00,-3.12,99,101,0.00,0,0.00,0.00,0.00,0.25,0.00,11.33,64,2,0,0
21416,ON,5,0,0.00,56.00,26.00,-3.12,99,99,0.00,0,0.00,0.00,0.00,0.25,0.00,11.33,64,2,0,0
21520,ON,5,0,0.00,57.00,26.00,-3.12,99,99,0.00,0,0.00,0.00,0.00,0.25,0.00,11.33,64,2,0,0
21628,ON,5,0,0.00,57.00,26.00,-3.12,99,99,0.00,0,0.00,0.00,0.00,0.25,0.00,11.33,64,2,0,0
21732,ON,5,0,0.00,57.00,26.00,-3.12,99,99,0.00,0,0.00,0.00,0.00,0.25,0.00,11.33,64,2,0,0
21837,ON,5,0,0.00,57.00,26.00,-3.12,99,99,0.00,0,0.00,0.00,0.00,0.25,0.00,11.25,242,2,0,0
21941,ON,5,0,0.00,56.00,26.00,-3.12,99,99,0.00,0,0.00,0.00,0.00,0.25,0.00,11.25,242,2,0,0
22046,ON,5,0,0.00,57.00,26.00,-3.12,99,99,0.00,0,0.00,0.00,0.00,0.25,0.00,11.25,242,2,0,0
22150,ON,5,0,0.00,57.00,26.00,-3.12,99,99,0.00,0,0.00,0.00,0.00,0.25,0.00,11.25,242,2,0,0
22258,ON,5,0,0.00,57.00,26.00,-3.12,99,99,0.00,0,0.00,0.00,0.00,0.25,0.00,11.25,242,2,0,0
22362,ON,5,0,0.00,57.00,26.00,-3.12,99,99,0.00,0,0.00,0.00,0.00,0.25,0.00,11.25,242,2,0,0
22467,ON,5,0,0.00,57.00,26.00,-3.12,99,99,0.00,0,0.00,0.00,0.00,0.25,0.00,11.17,163,2,0,0
22571,ON,5,0,0.00,57.00,26.00,-3.12,99,99,0.00,0,0.00,0.00,0.00,0.25,0.00,11.17,163,2,0,0
22675,ON,5,0,0.00,57.00,26.00,-3.12,99,99,0.00,0,0.00,0.00,0.00,0.25,0.00,11.17,163,2,0,0
22779,ON,5,0,0.00,57.00,26.00,-3.12,99,99,0.00,0,0.00,0.00,0.00,0.25,0.00,11.17,163,2,0,0
22887,ON,5,0,0.00,57.00,26.00,-3.12,99,99,0.00,0,0.00,0.00,0.00,0.25,0.00,11.17,163,2,0,0
22992,ON,5,0,0.00,57.00,26.00,-3.12,99,99,0.00,0,0.00,0.00,0.00,0.25,0.00,11.17,163,2,0,0
23096,ON,5,0,0.00,57.00,26.00,-3.12,99,99,0.00,0,0.00,0.00,0.00,0.25,0.00,11.17,163,2,0,0
23200,ON,5,0,0.00,57.00,26.00,-3.12,99,99,0.00,0,0.00,0.00,0.00,0.25,0.00,11.17,163,2,0,0
23305,ON,5,0,0.00,57.00,26.00,-3.12,99,99,0.00,0,0.00,0.00,0.00,0.25,0.00,11.17,163,2,0,0
23409,ON,5,0,0.00,57.00,26.00,-3.12,99,99,0.00,0,0.00,0.00,0.00,0.25,0.00,11.17,163,2,0,0
23517,ON,5,0,0.00,57.00,26.00,-3.12,99,99,0.00,0,0.00,0.00,0.00,0.25,0.00,11.17,163,2,0,0
23622,ON,5,0,0.00,57.00,26.00,-3.12,99,99,0.00,0,0.00,0.00,0.00,0.25,0.00,11.17,163,2,0,0
23726,ON,5,0,0.00,57.00,25.00,-3.12,99,100,0.00,0,0.00,0.00,0.00,0.25,0.00,1.09,69,2,0,0
23830,ON,5,0,0.00,56.00,25.00,-3.12,99,99,0.00,0,0.00,0.00,0.00,0.25,0.00,0.00,0,2,0,0
23934,ON,5,0,0.00,56.00,25.00,-3.12,99,100,0.00,0,0.00,0.00,0.00,0.25,0.00,0.00,0,2,0,0
24039,ON,5,0,0.00,57.00,26.00,-3.12,99,99,0.00,0,0.00,0.00,0.00,0.25,0.00,8.44,245,2,0,0
24147,ON,5,0,0.00,57.00,26.00,-3.12,99,99,155.75,0,0.00,0.00,0.00,0.25,0.00,9.53,59,2,0,0
24251,ON,5,0,0.00,57.00,26.00,-3.12,100,99,188.50,0,0.00,0.00,0.00,0.25,0.00,9.45,237,2,0,0
24355,ON,5,0,0.00,57.00,26.00,-3.12,64,99,225.00,0,0.00,0.00,0.00,0.25,0.00,9.84,115,2,0,0
24459,ON,5,0,0.00,57.00,26.00,-3.12,99,99,234.75,0,0.00,0.00,0.00,0.25,0.00,9.84,115,2,0,0
24563,ON,5,0,0.00,57.00,26.00,-3.12,99,99,380.25,0,10.00,0.00,0.00,0.25,0.00,9.53,59,2,0,0
24667,ON,5,8,0.00,57.00,26.00,-3.12,87,99,1356.25,0,10.00,0.00,0.00,0.25,0.00,10.62,129,2,0,0
24775,ON,5,8,0.00,57.00,26.00,-3.12,89,99,1533.75,0,10.00,0.00,0.00,0.25,0.00,11.72,198,2,0,0
24879,ON,5,8,0.00,57.00,26.00,-3.12,27,99,1470.25,0,10.00,0.00,0.00,0.25,0.00,12.27,233,2,0,0
24983,ON,5,8,0.00,57.00,26.00,-3.12,34,99,1627.50,0,10.00,0.00,0.00,0.25,0.00,12.27,233,2,0,0
25087,ON,5,8,0.00,57.00,26.00,-3.12,53,99,1708.00,0,10.00,0.00,0.00,0.25,0.00,12.27,233,2,0,0
25191,ON,5,8,0.00,57.00,26.00,-3.12,70,99,1729.25,0,10.00,0.00,0.00,0.25,0.00,12.42,133,2,0,0
25296,ON,5,8,0.00,58.00,26.00,-3.12,91,99,1762.00,0,10.00,0.00,0.00,0.25,0.00,12.27,233,2,0,0
25404,ON,5,8,0.00,57.00,26.00,-3.12,49,99,1795.25,0,10.00,0.00,0.00,0.25,0.00,12.34,55,2,0,0
25509,ON,5,8,0.00,58.00,26.00,-3.12,70,99,1806.50,0,10.00,0.00,0.00,0.25,0.00,12.42,133,2,0,0
25614,ON,5,8,0.00,57.00,26.00,-3.12,58,99,1787.50,0,10.00,0.00,0.00,0.25,0.00,12.27,233,2,0,0
25718,ON,5,8,0.00,58.00,26.00,-3.12,33,99,1827.25,0,10.00,0.00,0.00,0.25,0.00,12.34,55,2,0,0
25822,ON,5,8,0.00,57.00,26.00,-3.12,78,99,1827.50,0,10.00,0.00,0.00,0.25,0.00,12.34,55,2,0,0
25927,ON,5,8,0.00,58.00,26.00,-3.12,24,99,1812.50,0,10.00,0.00,0.00,0.25,0.00,12.34,55,2,0,0
26035,ON,5,8,0.00,57.00,26.00,-3.12,48,99,1779.25,0,10.00,0.00,0.00,0.25,0.00,12.42,133,2,0,0
26140,ON,5,8,0.00,58.00,26.00,-3.12,68,99,1828.00,0,10.00,0.00,0.00,0.25,0.00,12.42,133,2,0,0
26245,ON,5,8,0.00,58.00,26.00,-3.12,36,99,1814.75,0,10.00,0.00,0.00,0.25,0.00,12.42,133,2,0,0
26349,ON,5,8,0.00,58.00,26.00,-3.12,56,99,1788.50,0,10.00,0.00,0.00,0.25,0.00,12.34,55,2,0,0
26454,ON,5,8,0.00,58.00,26.00,-3.12,76,99,1793.75,0,10.00,0.00,0.00,0.25,0.00,12.27,233,2,0,0
26558,ON,5,8,0.00,58.00,26.00,-3.12,26,99,1767.75,0,10.00,0.00,0.00,0.25,0.00,12.42,133,2,0,0
26666,ON,5,8,0.00,58.00,26.00,-3.12,67,99,1761.25,0,10.00,0.00,0.00,0.25,0.00,12.42,133,2,0,0
26771,ON,5,8,0.00,58.00,26.00,-3.12,84,99,1794.75,0,10.00,0.00,0.00,0.25,0.00,12.50,212,2,0,0
26876,ON,5,8,0.00,58.00,26.00,-3.12,29,99,1809.75,0,10.00,0.00,0.00,0.25,0.00,12.42,133,2,0,0
26980,ON,5,8,0.00,58.00,26.00,-3.12,54,99,1800.75,0,10.00,0.00,0.00,0.25,0.00,12.50,212,2,0,0
27085,ON,5,8,0.00,58.00,26.00,-3.12,73,99,1799.00,0,10.00,0.00,0.00,0.25,0.00,12.42,133,2,0,0
27190,ON,5,8,0.00,58.00,26.00,-3.12,41,99,1854.50,0,10.00,0.00,0.00,0.25,0.00,12.42,133,2,0,0
27298,ON,5,8,0.00,58.00,26.00,-3.12,69,99,1806.25,0,10.00,0.00,0.00,0.25,0.00,12.50,212,2,0,0
27402,ON,5,8,0.00,58.00,26.00,-3.12,47,99,1783.00,0,10.00,0.00,0.00,0.25,0.00,12.34,55,2,0,0
27507,ON,5,8,0.00,58.00,26.00,-3.12,32,99,1749.00,0,10.00,0.00,0.00,0.25,0.00,12.34,55,2,0,0
27612,ON,5,8,0.00,58.00,26.00,-3.12,71,99,1768.25,0,10.00,0.00,0.00,0.25,0.00,12.50,212,2,0,0
27716,ON,5,8,0.00,58.00,26.00,-3.12,47,99,1762.00,0,10.00,0.00,0.00,0.25,0.00,12.42,133,2,0,0
27820,ON,5,8,0.00,58.00,26.00,-3.12,30,99,1743.75,0,10.00,0.00,0.00,0.25,0.00,12.34,55,2,0,0
27928,ON,5,8,0.00,58.00,26.00,-3.12,57,99,1755.25,0,10.00,0.00,0.00,0.25,0.00,12.42,133,2,0,0
28032,ON,5,8,0.00,58.00,26.00,-3.12,75,99,1749.50,0,10.00,0.00,0.00,0.25,0.00,12.19,155,2,0,0
28137,ON,5,8,0.00,58.00,26.00,-3.12,32,99,1724.50,0,10.00,0.00,0.00,0.25,0.00,12.58,34,2,0,0
28241,ON,5,8,0.00,58.00,27.00,-3.12,52,99,1753.00,0,10.00,0.00,0.00,0.25,0.00,12.50,212,2,0,0
28345,ON,5,8,0.00,58.00,26.00,-3.12,69,99,1750.75,0,10.00,0.00,0.00,0.25,0.00,12.58,34,2,0,0
28449,ON,5,8,0.00,58.00,26.00,-3.12,73,99,1750.75,0,10.00,0.00,0.00,0.25,0.00,12.50,212,2,0,0
28557,ON,5,8,0.00,58.00,26.00,-3.12,54,99,1735.00,0,10.00,0.00,0.00,0.25,0.00,12.34,55,2,0,0
28661,ON,5,8,0.00,58.00,26.00,-3.12,71,99,1766.75,0,10.00,0.00,0.00,0.25,0.00,12.50,212,2,0,0
28765,ON,5,8,0.00,58.00,26.00,-3.12,47,99,1753.00,0,10.00,0.00,0.00,0.25,0.00,12.42,133,2,0,0
28869,ON,5,8,0.00,58.00,26.00,-3.12,29,99,1745.25,0,10.00,0.00,0.00,0.25,0.00,12.50,212,2,0,0
28973,ON,5,8,0.00,58.00,26.00,-3.12,50,99,1740.00,0,10.00,0.00,0.00,0.25,0.00,12.42,133,2,0,0
29077,ON,5,8,0.00,58.00,26.00,-3.12,90,99,1739.00,0,10.00,0.00,0.00,0.25,0.00,12.50,212,2,0,0
29185,ON,5,8,0.00,58.00,26.00,-3.12,24,99,1726.50,0,10.00,0.00,0.00,0.25,0.00,12.50,212,2,0,0
29289,ON,5,8,0.00,58.00,26.00,-3.12,42,99,1742.75,0,10.00,0.00,0.00,0.25,0.00,12.50,212,2,0,0
29393,ON,5,8,0.00,58.00,26.00,-3.12,61,99,1707.75,0,10.00,0.00,0.00,0.25,0.00,12.50,212,2,0,0
29497,ON,5,8,0.00,58.00,26.00,-3.12,47,99,1704.25,0,10.00,0.00,0.00,0.25,0.00,12.42,133,2,0,0
29601,ON,5,8,0.00,58.00,26.00,-3.12,27,99,1685.75,0,10.00,0.00,0.00,0.25,0.00,12.58,34,2,0,0
29705,ON,5,8,0.00,58.00,26.00,-3.12,45,99,1691.00,0,10.00,0.00,0.00,0.25,0.00,12.58,34,2,0,0
29813,ON,5,8,0.00,58.00,26.00,-3.12,67,99,1680.25,0,10.00,0.00,0.00,0.25,0.00,12.50,212,2,0,0
29917,ON,5,8,0.00,58.00,26.00,-3.12,39,99,1693.75,0,10.00,0.00,0.00,0.25,0.00,12.50,212,2,0,0
30021,ON,5,8,0.00,58.00,26.00,-3.12,30,99,1677.50,0,10.00,0.00,0.00,0.25,0.00,12.42,133,2,0,0
30125,ON,5,8,0.00,58.00,26.00,-3.12,49,99,1697.50,0,10.00,0.00,0.00,0.25,0.00,12.42,133,2,0,0
30229,ON,5,8,0.00,58.00,26.00,-3.12,64,99,1678.75,0,10.00,0.00,0.00,0.25,0.00,12.50,212,2,0,0
30333,ON,5,8,0.00,58.00,26.00,-3.12,76,99,1686.50,0,10.00,0.00,0.00,0.25,0.00,12.42,133,2,0,0
30441,ON,5,8,0.00,58.00,26.00,-3.12,26,99,1667.00,0,10.00,0.00,0.00,0.25,0.00,12.42,133,2,0,0
30545,ON,5,8,0.00,58.00,26.00,-3.12,41,99,1664.00,0,10.00,0.00,0.00,0.25,0.00,12.27,233,2,0,0
30649,ON,5,8,0.00,58.00,26.00,-3.12,56,99,1676.75,0,10.00,0.00,0.00,0.25,0.00,12.58,34,2,0,0
30753,ON,5,8,0.00,58.00,26.00,-3.12,70,99,1673.25,0,10.00,0.00,0.00,0.25,0.00,12.66,112,2,0,0
30857,ON,5,8,0.00,58.00,26.00,-3.12,27,99,1638.50,0,10.00,0.00,0.00,0.25,0.00,12.58,34,2,0,0
30962,ON,5,8,0.00,58.00,26.00,-3.12,32,99,1657.25,0,10.00,0.00,0.00,0.25,0.00,12.50,212,2,0,0
31070,ON,5,8,0.00,58.00,26.00,-3.12,46,99,1621.75,0,10.00,0.00,0.00,0.25,0.00,12.58,34,2,0,0
31174,ON,5,8,0.00,59.00,26.00,-3.12,57,99,1643.75,0,10.00,0.00,0.00,0.25,0.00,12.66,112,2,0,0
31278,ON,5,8,0.00,58.00,26.00,-3.12,80,99,1648.25,0,10.00,0.00,0.00,0.25,0.00,12.66,112,2,0,0
31382,ON,5,8,0.00,58.00,26.00,-3.12,39,99,1650.00,0,10.00,0.00,0.00,0.25,0.00,12.50,212,2,0,0
31486,ON,5,8,0.00,58.00,26.00,-3.12,27,99,1634.25,0,10.00,0.00,0.00,0.25,0.00,12.58,34,2,0,0
31591,ON,5,8,0.00,58.00,26.00,-3.12,43,99,1631.25,0,10.00,0.00,0.00,0.25,0.00,12.58,34,2,0,0
31699,ON,5,8,0.00,58.00,26.00,-3.12,62,99,1619.75,0,10.00,0.00,0.00,0.25,0.00,12.66,112,2,0,0
31804,ON,5,8,0.00,59.00,26.00,-3.12,82,99,1622.50,0,10.00,0.00,0.00,0.25,0.00,12.58,34,2,0,0
31909,ON,5,8,0.00,58.00,26.00,-3.12,39,99,1601.75,0,10.00,0.00,0.00,0.25,0.00,12.42,133,2,0,0
32014,ON,5,8,0.00,58.00,26.00,-3.12,25,99,1586.50,0,10.00,0.00,0.00,0.25,0.00,12.34,55,2,0,0
32119,ON,5,8,0.00,58.00,26.00,-3.12,36,99,1594.50,0,10.00,0.00,0.00,0.25,0.00,12.42,133,2,0,0
32224,ON,5,8,0.00,59.00,26.00,-3.12,58,99,1560.75,0,10.00,0.00,0.00,0.25,0.00,12.66,112,2,0,0
32332,ON,5,8,0.00,58.00,26.00,-3.12,65,99,1538.50,0,10.00,0.00,0.00,0.25,0.00,12.58,34,2,0,0
32437,ON,5,8,0.00,58.00,26.00,-3.12,71,99,1566.75,0,10.00,0.00,0.00,0.25,0.00,12.58,34,2,0,0
32542,ON,5,8,0.00,58.00,26.00,-3.12,79,99,1585.50,0,10.00,0.00,0.00,0.25,0.00,12.34,55,2,0,0
32646,ON,5,8,0.00,58.00,26.00,-3.12,24,99,1604.25,0,10.00,0.00,0.00,0.25,0.00,12.50,212,2,0,0
32751,ON,5,8,0.00,58.00,26.00,-3.12,34,99,1607.25,0,10.00,0.00,0.00,0.25,0.00,12.58,34,2,0,0
32855,ON,5,8,0.00,58.00,26.00,-3.12,47,99,1623.25,0,10.00,0.00,0.00,0.25,0.00,12.50,212,2,0,0
32963,ON,5,8,0.00,58.00,26.00,-3.12,62,99,1555.75,0,10.00,0.00,0.00,0.25,0.00,12.50,212,2,0,0
33067,ON,5,8,0.00,58.00,26.00,-3.12,69,99,1565.00,0,10.00,0.00,0.00,0.27,0.00,12.58,34,2,0,0
33171,ON,5,8,0.00,59.00,26.00,-3.12,83,99,1566.00,0,10.00,0.00,0.00,0.25,0.00,12.66,112,2,0,0
33276,ON,5,8,0.00,58.00,26.00,-3.12,48,99,1540.00,0,10.00,0.00,0.00,0.25,0.00,12.50,212,2,0,0
33381,ON,5,8,0.00,58.00,26.00,-3.12,26,99,1556.25,0,10.00,0.00,0.00,0.25,0.00,12.50,212,2,0,0
33485,ON,5,8,0.00,58.00,26.00,-3.12,28,99,1568.25,0,10.00,0.00,0.00,0.25,0.00,12.34,55,2,0,0
33593,ON,5,8,0.00,59.00,26.00,-3.12,56,99,1619.75,0,10.00,0.00,0.00,0.25,0.00,12.58,34,2,0,0
33697,ON,5,8,0.00,58.00,26.00,-3.12,68,99,1592.75,0,10.00,0.00,0.00,0.27,0.00,12.58,34,2,0,0
33802,ON,5,8,0.00,58.00,26.00,-3.12,76,99,1616.00,0,10.00,0.00,0.00,0.27,0.00,12.66,112,2,0,0
33907,ON,5,8,0.00,58.00,26.00,-3.12,59,99,1622.25,0,10.00,0.00,0.00,0.27,0.00,12.50,212,2,0,0
34012,ON,5,8,0.00,59.00,26.00,-3.12,25,99,1583.50,0,10.00,0.00,0.00,0.27,0.00,12.50,212,2,0,0
34117,ON,5,8,0.00,58.00,26.00,-3.12,39,99,1554.25,0,10.00,0.00,0.00,0.27,0.00,12.27,233,2,0,0
34225,ON,5,8,0.00,58.00,26.00,-3.12,54,99,1566.00,0,10.00,0.00,0.00,0.27,0.00,12.58,34,2,0,0
34330,ON,5,8,0.00,59.00,26.00,-3.12,63,99,1548.00,0,10.00,0.00,0.00,0.27,0.00,12.50,212,2,0,0
34435,ON,5,8,0.00,58.00,26.00,-3.12,69,99,1555.25,0,10.00,0.00,0.00,0.27,0.00,12.50,212,2,0,0
34540,ON,5,8,0.00,59.00,26.00,-3.12,81,99,1543.75,0,10.00,0.00,0.00,0.27,0.00,12.50,212,2,0,0
34645,ON,5,8,0.00,59.00,26.00,-3.12,48,99,1580.25,0,10.00,0.00,0.00,0.27,0.00,12.50,212,2,0,0
34750,ON,5,8,0.00,59.00,26.00,-3.12,25,99,1573.00,0,10.00,0.00,0.00,0.27,0.00,12.66,112,2,0,0
34858,ON,5,8,0.00,59.00,26.00,-3.12,38,99,1590.00,0,10.00,0.00,0.00,0.27,0.00,12.50,212,2,0,0
34963,ON,5,8,0.00,59.00,26.00,-3.12,56,99,1566.75,0,10.00,0.00,0.00,0.27,0.00,12.58,34,2,0,0
35067,ON,5,8,0.00,59.00,26.00,-3.12,68,99,1571.00,0,10.00,0.00,0.00,0.27,0.00,12.58,34,2,0,0
35172,ON,5,8,0.00,59.00,26.00,-3.12,74,99,1563.50,0,10.00,0.00,0.00,0.27,0.00,12.73,190,2,0,0
35277,ON,5,8,0.00,59.00,26.00,-3.12,81,99,1568.25,0,10.00,0.00,0.00,0.27,0.00,12.50,212,2,0,0
35381,ON,5,8,0.00,59.00,26.00,-3.12,48,99,1576.75,0,10.00,0.00,0.00,0.27,0.00,12.50,212,2,0,0
35489,ON,5,8,0.00,59.00,26.00,-3.12,40,99,1598.00,0,10.00,0.00,0.00,0.27,0.00,12.42,133,2,0,0
35594,ON,5,8,0.00,59.00,26.00,-3.12,52,99,1574.00,0,10.00,0.00,0.00,0.27,0.00,12.58,34,2,0,0
35699,ON,5,8,0.00,59.00,26.00,-3.12,61,99,1601.75,0,10.00,0.00,0.00,0.27,0.00,12.73,190,2,0,0
35804,ON,5,8,0.00,59.00,26.00,-3.12,70,99,1589.00,0,10.00,0.00,0.00,0.27,0.00,12.58,34,2,0,0
35909,ON,5,8,0.00,59.00,26.00,-3.12,74,99,1593.75,0,10.00,0.00,0.00,0.27,0.00,12.27,233,2,0,0
36014,ON,5,8,0.00,59.00,27.00,-3.12,25,99,1604.50,0,10.00,0.00,0.00,0.27,0.00,12.50,212,2,0,0
36122,ON,5,8,0.00,59.00,26.00,-3.12,32,99,1592.00,0,10.00,0.00,0.00,0.27,0.00,12.42,133,2,0,0
36227,ON,5,8,0.00,59.00,26.00,-3.12,42,99,1558.00,0,10.00,0.00,0.00,0.27,0.00,12.42,133,2,0,0
36332,ON,5,8,0.00,59.00,26.00,-3.12,57,99,1555.00,0,10.00,0.00,0.00,0.27,0.00,12.66,112,2,0,0
36437,ON,5,8,0.00,59.00,26.00,-3.12,67,99,1572.50,0,10.00,0.00,0.00,0.27,0.00,12.66,112,2,0,0
36542,ON,5,8,0.00,59.00,26.00,-3.12,75,99,1582.25,0,10.00,0.00,0.00,0.27,0.00,12.66,112,2,0,0
36647,ON,5,8,0.00,60.00,26.00,-3.12,83,99,1557.75,0,10.00,0.00,0.00,0.27,0.00,12.42,133,2,0,0
36755,ON,5,8,0.00,59.00,26.00,-3.12,25,99,1562.75,0,10.00,0.00,0.00,0.27,0.00,12.50,212,2,0,0
36860,ON,5,8,0.00,59.00,26.00,-3.12,35,99,1560.00,0,10.00,0.00,0.00,0.27,0.00,12.58,34,2,0,0
36965,ON,5,8,0.00,59.00,26.00,-3.12,47,99,1603.75,0,10.00,0.00,0.00,0.27,0.00,12.50,212,2,0,0
37070,ON,5,8,0.00,60.00,26.00,-3.12,56,99,1598.25,0,10.00,0.00,0.00,0.27,0.00,12.58,34,2,0,0
37175,ON,5,8,0.00,59.00,26.00,-3.12,66,99,1576.00,0,10.00,0.00,0.00,0.27,0.00,12.58,34,2,0,0
37280,ON,5,8,0.00,59.00,26.00,-3.12,80,99,1545.50,0,10.00,0.00,0.00,0.27,0.00,12.66,112,2,0,0
37388,ON,5,8,0.00,59.00,26.00,-3.12,59,99,1579.25,0,10.00,0.00,0.00,0.27,0.00,12.50,212,2,0,0
37493,ON,5,8,0.00,59.00,26.00,-3.12,25,99,1564.00,0,10.00,0.00,0.00,0.27,0.00,12.58,34,2,0,0
37598,ON,5,8,0.00,59.00,26.00,-3.12,28,99,1578.00,0,10.00,0.00,0.00,0.27,0.00,12.34,55,2,0,0
37703,ON,5,8,0.00,60.00,26.00,-3.12,51,99,1586.50,0,10.00,0.00,0.00,0.27,0.00,12.50,212,2,0,0
37808,ON,5,8,0.00,60.00,26.00,-3.12,61,99,1601.75,0,10.00,0.00,0.00,0.27,0.00,12.50,212,2,0,0
37913,ON,5,8,0.00,60.00,26.00,-3.12,69,99,1598.00,0,10.00,0.00,0.00,0.27,0.00,12.58,34,2,0,0
38021,ON,5,8,0.00,60.00,26.00,-3.12,91,99,1612.75,0,10.00,0.00,0.00,0.27,0.00,12.58,34,2,0,0
38126,ON,5,8,0.00,60.00,26.00,-3.12,27,99,1589.00,0,10.00,0.00,0.00,0.27,0.00,12.50,212,2,0,0
38231,ON,5,8,0.00,60.00,26.00,-3.12,40,99,1586.50,0,10.00,0.00,0.00,0.27,0.00,12.34,55,2,0,0
38335,ON,5,8,0.00,60.00,26.00,-3.12,51,99,1611.25,0,10.00,0.00,0.00,0.27,0.00,12.66,112,2,0,0
38441,ON,5,8,0.00,60.00,26.00,-3.12,62,99,1573.25,0,10.00,0.00,0.00,0.27,0.00,12.58,34,2,0,0
38549,ON,5,8,0.00,60.00,26.00,-3.12,77,99,1590.50,0,10.00,0.00,0.00,0.27,0.00,12.66,112,2,0,0
38653,ON,5,8,0.00,60.00,26.00,-3.12,47,99,1625.75,0,10.00,0.00,0.00,0.27,0.00,12.42,133,2,0,0
38757,ON,5,8,0.00,60.00,26.00,-3.12,25,99,1591.00,0,10.00,0.00,0.00,0.27,0.00,12.66,112,2,0,0
38861,ON,5,8,0.00,60.00,26.00,-3.12,33,99,1562.75,0,10.00,0.00,0.00,0.27,0.00,12.34,55,2,0,0
38965,ON,5,8,0.00,60.00,26.00,-3.12,41,99,1546.00,0,10.00,0.00,0.00,0.27,0.00,12.58,34,2,0,0
39070,ON,5,8,0.00,60.00,26.00,-3.12,58,99,1546.00,0,10.00,0.00,0.00,0.27,0.00,12.58,34,2,0,0
39178,ON,5,8,0.00,60.00,26.00,-3.12,64,99,1545.50,0,10.00,0.00,0.00,0.27,0.00,12.66,112,2,0,0
39283,ON,5,8,0.00,60.00,26.00,-3.12,71,99,1571.25,0,10.00,0.00,0.00,0.27,0.00,12.66,112,2,0,0
39388,ON,5,8,0.00,60.00,26.00,-3.12,79,99,1589.00,0,10.00,0.00,0.00,0.27,0.00,12.42,133,2,0,0
39492,ON,5,8,0.00,60.00,26.00,-3.12,26,99,1580.75,0,10.00,0.00,0.00,0.27,0.00,12.66,112,2,0,0
39597,ON,5,8,0.00,60.00,26.00,-3.12,28,99,1560.00,0,10.00,0.00,0.00,0.27,0.00,12.50,212,2,0,0
39702,ON,5,8,0.00,60.00,26.00,-3.12,39,99,1553.00,0,10.00,0.00,0.00,0.27,0.00,12.58,34,2,0,0
39810,ON,5,8,0.00,60.00,26.00,-3.12,52,99,1530.25,0,10.00,0.00,0.00,0.27,0.00,12.50,212,2,0,0
39915,ON,5,8,0.00,60.00,26.00,-3.12,67,99,1586.50,0,10.00,0.00,0.00,0.27,0.00,12.58,34,2,0,0
40020,ON,5,8,0.00,60.00,26.00,-3.12,75,99,1596.25,0,10.00,0.00,0.00,0.27,0.00,12.58,34,2,0,0
40125,ON,5,8,0.00,61.00,26.00,-3.12,92,99,1577.50,0,10.00,0.00,0.00,0.27,0.00,12.58,34,2,0,0
40230,ON,5,8,0.00,60.00,26.00,-3.12,39,99,1589.00,0,10.00,0.00,0.00,0.27,0.00,12.66,112,2,0,0
40335,ON,5,8,0.00,60.00,26.00,-3.12,41,99,1625.00,0,10.00,0.00,0.00,0.27,0.00,12.42,133,2,0,0
40443,ON,5,8,0.00,61.00,26.00,-3.12,55,99,1648.25,0,10.00,0.00,0.00,0.27,0.00,12.66,112,2,0,0
40548,ON,5,8,0.00,60.00,26.00,-3.12,65,99,1602.50,0,10.00,0.00,0.00,0.27,0.00,12.66,112,2,0,0
40653,ON,5,8,0.00,60.00,26.00,-3.12,73,99,1587.00,0,10.00,0.00,0.00,0.27,0.00,12.58,34,2,0,0
40758,ON,5,8,0.00,60.00,26.00,-3.12,81,99,1560.50,0,10.00,0.00,0.00,0.27,0.00,12.34,55,2,0,0
40863,ON,5,8,0.00,60.00,26.00,-3.12,27,99,1544.75,0,10.00,0.00,0.00,0.27,0.00,12.58,34,2,0,0
40968,ON,5,8,0.00,61.00,26.00,-3.12,26,99,1572.50,0,10.00,0.00,0.00,0.27,0.00,12.50,212,2,0,0
41076,ON,5,8,0.00,61.00,26.00,-3.12,43,99,1585.00,0,10.00,0.00,0.00,0.27,0.00,12.66,112,2,0,0
41181,ON,5,8,0.00,61.00,26.00,-3.12,56,99,1614.75,0,10.00,0.00,0.00,0.27,0.00,12.58,34,2,0,0
41286,ON,5,8,0.00,61.00,26.00,-3.12,76,99,1623.75,0,10.00,0.00,0.00,0.27,0.00,12.58,34,2,0,0
41391,ON,5,8,0.00,61.00,26.00,-3.12,59,99,1628.75,0,10.00,0.00,0.00,0.27,0.00,12.50,212,2,0,0
41496,ON,5,8,0.00,61.00,26.00,-3.12,25,99,1598.75,0,10.00,0.00,0.00,0.27,0.00,12.58,34,2,0,0
41601,ON,5,8,0.00,61.00,26.00,-3.12,32,99,1591.25,0,10.00,0.00,0.00,0.27,0.00,12.42,133,2,0,0
41709,ON,5,8,0.00,61.00,26.00,-3.12,52,99,1542.00,0,10.00,0.00,0.00,0.27,0.00,12.50,212,2,0,0
41814,ON,5,8,0.00,61.00,26.00,-3.12,57,99,1565.50,0,10.00,0.00,0.00,0.27,0.00,12.66,112,2,0,0
41919,ON,5,8,0.00,61.00,26.00,-3.12,69,99,1570.25,0,10.00,0.00,0.00,0.27,0.00,12.66,112,2,0,0
42023,ON,5,8,0.00,61.00,26.00,-3.12,76,99,1562.00,0,10.00,0.00,0.00,0.27,0.00,12.58,34,2,0,0
42128,ON,5,8,0.00,61.00,26.00,-3.12,39,99,1577.50,0,10.00,0.00,0.00,0.27,0.00,12.50,212,2,0,0
42233,ON,5,8,0.00,61.00,26.00,-3.12,26,99,1625.75,0,10.00,0.00,0.00,0.27,0.00,12.50,212,2,0,0
42341,ON,5,8,0.00,61.00,26.00,-3.12,47,99,1641.25,0,10.00,0.00,0.00,0.27,0.00,12.34,55,2,0,0
42446,ON,5,8,0.00,61.00,26.00,-3.12,60,99,1641.00,0,10.00,0.00,0.00,0.27,0.00,12.58,34,2,0,0
42551,ON,5,8,0.00,61.00,26.00,-3.12,69,99,1596.75,0,10.00,0.00,0.00,0.27,0.00,12.66,112,2,0,0
42656,ON,5,8,0.00,61.00,26.00,-3.12,85,99,1579.25,0,10.00,0.00,0.00,0.27,0.00,12.34,55,2,0,0
42760,ON,5,8,0.00,61.00,26.00,-3.12,27,99,1607.75,0,10.00,0.00,0.00,0.27,0.00,12.66,112,2,0,0
42864,ON,5,8,0.00,61.00,26.00,-3.12,30,99,1622.50,0,10.00,0.00,0.00,0.27,0.00,12.42,133,2,0,0
42972,ON,5,8,0.00,61.00,26.00,-3.12,49,99,1587.75,0,10.00,0.00,0.00,0.27,0.00,12.50,212,2,0,0
43077,ON,5,8,0.00,61.00,26.00,-3.12,64,99,1528.50,0,10.00,0.00,0.00,0.27,0.00,12.58,34,2,0,0
43182,ON,5,8,0.00,61.00,26.00,-3.12,69,99,1498.00,0,10.00,0.00,0.00,0.27,0.00,12.58,34,2,0,0
43287,ON,5,8,0.00,61.00,26.00,-3.12,74,99,1558.00,0,10.00,0.00,0.00,0.27,0.00,12.34,55,2,0,0
43392,ON,5,8,0.00,62.00,26.00,-3.12,81,99,1601.75,0,10.00,0.00,0.00,0.27,0.00,12.50,212,2,0,0
43497,ON,5,8,0.00,61.00,26.00,-3.12,25,99,1590.50,0,10.00,0.00,0.00,0.29,0.00,12.58,34,2,0,0
43605,ON,5,8,0.00,61.00,26.00,-3.12,36,99,1569.00,0,10.00,0.00,0.00,0.29,0.00,12.50,212,2,0,0
43710,ON,5,8,0.00,61.00,26.00,-3.12,44,99,1534.25,0,10.00,0.00,0.00,0.27,0.00,12.42,133,2,0,0
43815,ON,5,8,0.00,61.00,25.00,-3.12,53,99,1542.75,0,10.00,0.00,0.00,0.29,0.00,14.38,39,2,0,0
43920,ON,5,8,0.00,61.00,25.00,-3.12,56,99,1332.00,0,10.00,0.00,0.00,0.27,0.00,14.14,60,2,0,0
44025,ON,5,8,0.00,61.00,25.00,-3.12,96,99,861.50,0,10.00,0.00,0.00,0.27,0.00,13.91,82,2,0,0
44130,ON,5,8,0.00,61.00,25.00,-3.12,40,99,678.50,0,10.00,0.00,0.00,0.27,0.00,13.52,203,2,0,0
44238,ON,5,0,0.00,61.00,25.00,-3.12,88,99,525.00,0,10.00,0.00,0.00,0.27,0.00,13.36,47,2,0,0
44343,ON,5,0,0.00,61.00,25.00,-3.12,99,99,438.25,0,10.00,0.00,0.00,0.27,0.00,13.36,47,2,0,0
44448,ON,5,0,0.00,61.00,25.00,-3.12,99,99,438.25,0,10.00,0.00,0.00,0.27,0.00,13.36,47,2,0,0
44553,ON,5,0,0.00,61.00,25.00,-3.12,99,99,0.00,0,10.00,0.00,0.00,0.25,0.00,13.36,47,2,0,0
44658,ON,5,0,0.00,61.00,25.00,-3.12,99,99,0.00,0,10.00,0.00,0.00,0.25,0.00,13.28,225,2,0,0
44763,ON,5,0,0.00,61.00,25.00,-3.12,99,99,0.00,0,10.00,0.00,0.00,0.25,0.00,13.36,47,2,0,0
44871,ON,5,0,0.00,61.00,25.00,-3.12,99,99,0.00,0,10.00,0.00,0.00,0.25,0.00,13.28,225,2,0,0
44976,ON,5,0,0.00,61.00,25.00,-3.12,99,99,0.00,0,10.00,0.00,0.00,0.25,0.00,0.08,78,2,0,0
45081,ON,5,0,0.00,61.00,25.00,-3.12,99,99,0.00,0,10.00,0.00,0.00,0.25,0.00,0.08,78,2,0,0
45186,ON,5,0,0.00,61.00,25.00,-3.12,99,99,0.00,0,10.00,0.00,0.00,0.25,0.00,0.08,78,2,0,0
45291,ON,5,0,0.00,61.00,25.00,-3.12,99,99,0.00,0,10.00,0.00,0.00,0.25,0.00,0.08,78,2,0,0
45396,ON,5,0,0.00,61.00,25.00,-3.12,99,99,0.00,0,10.00,0.00,0.00,0.25,0.00,0.08,78,2,0,0
45504,ON,5,0,0.00,61.00,25.00,-3.12,99,99,0.00,0,10.00,0.00,0.00,0.25,0.00,0.08,78,2,0,0
45609,ON,5,0,0.00,61.00,25.00,-3.12,99,99,0.00,0,10.00,0.00,0.00,0.25,0.00,0.08,78,2,0,0
45714,ON,5,0,0.00,61.00,25.00,-3.12,99,99,0.00,0,10.00,0.00,0.00,0.25,0.00,0.08,78,2,0,0
45819,ON,5,0,0.00,61.00,25.00,-3.12,99,99,0.00,0,10.00,0.00,0.00,0.25,0.00,0.08,78,2,0,0
45924,ON,5,0,0.00,61.00,25.00,-3.12,99,99,0.00,0,10.00,0.00,0.00,0.25,0.00,0.08,78,2,0,0
46029,ON,5,0,0.00,61.00,25.00,-3.12,99,99,0.00,0,10.00,0.00,0.00,0.25,0.00,0.08,78,2,0,0
46137,ON,5,0,0.00,61.00,25.00,-3.12,99,99,0.00,0,10.00,0.00,0.00,0.25,0.00,0.08,78,2,0,0
46242,ON,5,0,0.00,61.00,25.00,-3.12,99,99,0.00,0,10.00,0.00,0.00,0.25,0.00,0.08,78,2,0,0
46347,ON,5,0,0.00,61.00,25.00,-3.12,99,99,0.00,0,10.00,0.00,0.00,0.25,0.00,0.08,78,2,0,0
46452,ON,5,0,0.00,61.00,25.00,-3.12,99,99,0.00,0,10.00,0.00,0.00,0.25,0.00,0.08,78,2,0,0
46557,ON,5,0,0.00,61.00,25.00,-3.12,99,99,0.00,0,10.00,0.00,0.00,0.25,0.00,0.08,78,2,0,0
46662,ON,5,0,0.00,61.00,25.00,-3.12,99,99,0.00,0,10.00,0.00,0.00,0.25,0.00,0.08,78,2,0,0
46770,ON,5,0,0.00,61.00,25.00,-3.12,99,99,0.00,0,10.00,0.00,0.00,0.25,0.00,0.08,78,2,0,0
46875,ON,5,0,0.00,61.00,25.00,-3.12,99,99,0.00,0,10.00,0.00,0.00,0.25,0.00,0.08,78,2,0,0
46980,ON,5,0,0.00,61.00,25.00,-3.12,99,99,0.00,0,10.00,0.00,0.00,0.25,0.00,0.08,78,2,0,0
47084,ON,5,0,0.00,61.00,25.00,-3.12,99,99,0.00,0,10.00,0.00,0.00,0.25,0.00,0.08,78,2,0,0
47188,ON,5,0,0.00,61.00,25.00,-3.12,99,99,0.00,0,10.00,0.00,0.00,0.25,0.00,0.08,78,2,0,0
47293,ON,5,0,0.00,61.00,25.00,-3.12,99,99,0.00,0,10.00,0.00,0.00,0.25,0.00,0.08,78,2,0,0
47401,ON,5,0,0.00,61.00,25.00,-3.12,99,99,0.00,0,10.00,0.00,0.00,0.25,0.00,0.08,78,2,0,0
47506,ON,5,0,0.00,61.00,25.00,-3.12,99,99,0.00,0,10.00,0.00,0.00,0.25,0.00,0.08,78,2,0,0
47611,ON,5,0,0.00,61.00,25.00,-3.12,99,99,0.00,0,10.00,0.00,0.00,0.25,0.00,0.08,78,2,0,0
47715,ON,5,0,0.00,61.00,25.00,-3.12,99,99,0.00,0,10.00,0.00,0.00,0.25,0.00,0.08,78,2,0,0
47819,ON,5,0,0.00,61.00,25.00,-3.12,99,99,0.00,0,10.00,0.00,0.00,0.25,0.00,0.08,78,2,0,0
47923,ON,5,0,0.00,61.00,25.00,-3.12,99,99,0.00,0,10.00,0.00,0.00,0.25,0.00,0.08,78,2,0,0
48031,ON,5,0,0.00,61.00,25.00,-3.12,99,99,0.00,0,10.00,0.00,0.00,0.25,0.00,0.08,78,2,0,0
48135,ON,5,0,0.00,61.00,25.00,-3.12,99,99,0.00,0,10.00,0.00,0.00,0.25,0.00,0.08,78,2,0,0
48239,ON,5,0,0.00,61.00,25.00,-3.12,99,99,0.00,0,10.00,0.00,0.00,0.25,0.00,0.08,78,2,0,0
48343,ON,5,0,0.00,61.00,25.00,-3.12,99,99,0.00,0,10.00,0.00,0.00,0.25,0.00,0.08,78,2,0,0
48448,ON,5,0,0.00,61.00,25.00,-3.12,99,99,0.00,0,10.00,0.00,0.00,0.25,0.00,0.08,78,2,0,0
48553,ON,5,0,0.00,61.00,25.00,-3.12,99,99,0.00,0,10.00,0.00,0.00,0.25,0.00,0.08,78,2,0,0
