2377,OFF,0,0,0.00,-40.00,-40.00,-100.00,0,0,0.00,0,-64.00,0.00,0.00,0.00,-100.00,0.00,0,0,255,0
2485,OFF,0,0,0.00,-40.00,-40.00,-100.00,0,0,0.00,0,-64.00,0.00,0.00,0.00,-100.00,0.00,0,0,255,0
2590,OFF,0,0,0.00,-40.00,-40.00,-100.00,0,0,0.00,0,-64.00,0.00,0.00,0.00,-100.00,0.00,0,0,255,0
2695,OFF,0,0,0.00,-40.00,-40.00,-100.00,0,0,0.00,0,-64.00,0.00,0.00,0.00,-100.00,0.00,0,0,255,0
2800,OFF,0,0,0.00,-40.00,-40.00,-100.00,0,0,0.00,0,-64.00,0.00,0.00,0.00,-100.00,0.00,0,0,255,0
2908,OFF,0,0,0.00,-40.00,-40.00,-100.00,0,0,0.00,0,-64.00,0.00,0.00,0.00,-100.00,0.00,0,0,255,0
3012,OFF,0,0,0.00,-40.00,-40.00,-100.00,0,0,0.00,0,-64.00,0.00,0.00,0.00,-100.00,0.00,0,0,255,0
3117,OFF,0,0,0.00,-40.00,-40.00,-100.00,0,0,0.00,0,-64.00,0.00,0.00,0.00,-100.00,0.00,0,0,255,0
3251,OFF,0,0,0.00,-40.00,-40.00,-100.00,0,0,0.00,0,-64.00,0.00,0.00,0.00,-100.00,0.00,0,0,255,0
3359,OFF,0,0,0.00,-40.00,-40.00,-100.00,0,0,0.00,0,-64.00,0.00,0.00,0.00,-100.00,0.00,0,0,255,0
3464,OFF,0,0,0.00,-40.00,-40.00,-100.00,0,0,0.00,0,-64.00,0.00,0.00,0.00,-100.00,0.00,0,0,255,0
3572,OFF,0,0,0.00,-40.00,-40.00,-100.00,0,0,0.00,0,-64.00,0.00,0.00,0.00,-100.00,0.00,0,0,255,0
3677,OFF,0,0,0.00,-40.00,-40.00,-100.00,0,0,0.00,0,-64.00,0.00,0.00,0.00,-100.00,0.00,0,0,255,0
3781,OFF,0,0,0.00,-40.00,-40.00,-100.00,0,0,0.00,0,-64.00,0.00,0.00,0.00,-100.00,0.00,0,0,255,0
3886,OFF,0,0,0.00,-40.00,-40.00,-100.00,0,0,0.00,0,-64.00,0.00,0.00,0.00,-100.00,0.00,0,0,255,0
3991,OFF,0,0,0.00,-40.00,-40.00,-100.00,0,0,0.00,0,-64.00,0.00,0.00,0.00,-100.00,0.00,0,0,255,0
4096,OFF,0,0,0.00,-40.00,-40.00,-100.00,0,0,0.00,0,-64.00,0.00,0.00,0.00,-100.00,0.00,0,0,255,0
4204,OFF,0,0,0.00,-40.00,-40.00,-100.00,0,0,0.00,0,-64.00,0.00,0.00,0.00,-100.00,0.00,0,0,255,0
4309,OFF,0,0,0.00,-40.00,-40.00,-100.00,0,0,0.00,0,-64.00,0.00,0.00,0.00,-100.00,0.00,0,0,255,0
4414,OFF,0,0,0.00,-40.00,-40.00,-100.00,0,0,0.00,0,-64.00,0.00,0.00,0.00,-100.00,0.00,0,0,255,0
4519,OFF,0,0,0.00,-40.00,-40.00,-100.00,0,0,0.00,0,-64.00,0.00,0.00,0.00,-100.00,0.00,0,0,255,0
4624,OFF,0,0,0.00,-40.00,-40.00,-100.00,0,0,0.00,0,-64.00,0.00,0.00,0.00,-100.00,0.00,0,0,255,0
4729,OFF,0,0,0.00,-40.00,-40.00,-100.00,0,0,0.00,0,-64.00,0.00,0.00,0.00,-100.00,0.00,0,0,255,0
4837,OFF,0,0,0.00,-40.00,-40.00,-100.00,0,0,0.00,0,-64.00,0.00,0.00,0.00,-100.00,0.00,0,0,255,0
4942,OFF,0,0,0.00,-40.00,-40.00,-100.00,0,0,0.00,0,-64.00,0.00,0.00,0.00,-100.00,0.00,0,0,255,0
5047,OFF,0,0,0.00,-40.00,-40.00,-100.00,0,0,0.00,0,-64.00,0.00,0.00,0.00,-100.00,0.00,0,0,255,0
5152,OFF,0,0,0.00,-40.00,-40.00,-100.00,0,0,0.00,0,-64.00,0.00,0.00,0.00,-100.00,0.00,0,0,255,0
5257,OFF,0,0,0.00,-40.00,-40.00,-100.00,0,0,0.00,0,-64.00,0.00,0.00,0.00,-100.00,0.00,0,0,255,0
5362,OFF,0,0,0.00,-40.00,-40.00,-100.00,0,0,0.00,0,-64.00,0.00,0.00,0.00,-100.00,0.00,0,0,255,0
5470,OFF,0,0,0.00,-40.00,-40.00,-100.00,0,0,0.00,0,-64.00,0.00,0.00,0.00,-100.00,0.00,0,0,255,0
5575,OFF,0,0,0.00,-40.00,-40.00,-100.00,0,0,0.00,0,-64.00,0.00,0.00,0.00,-100.00,0.00,0,0,255,0
5680,OFF,0,0,0.00,-40.00,-40.00,-100.00,0,0,0.00,0,-64.00,0.00,0.00,0.00,-100.00,0.00,0,0,255,0
5785,OFF,0,0,0.00,-40.00,-40.00,-100.00,0,0,0.00,0,-64.00,0.00,0.00,0.00,-100.00,0.00,0,0,255,0
5890,OFF,0,0,0.00,-40.00,-40.00,-100.00,0,0,0.00,0,-64.00,0.00,0.00,0.00,-100.00,0.00,0,0,255,0
5994,OFF,0,0,0.00,-40.00,-40.00,-100.00,0,0,0.00,0,-64.00,0.00,0.00,0.00,-100.00,0.00,0,0,255,0
6102,OFF,0,0,0.00,-40.00,-40.00,-100.00,0,0,0.00,0,-64.00,0.00,0.00,0.00,-100.00,0.00,0,0,255,0
6206,OFF,0,0,0.00,-40.00,-40.00,-100.00,0,0,0.00,0,-64.00,0.00,0.00,0.00,-100.00,0.00,0,0,255,0
6311,OFF,0,0,0.00,-40.00,-40.00,-100.00,0,0,0.00,0,-64.00,0.00,0.00,0.00,-100.00,0.00,0,0,255,0
6415,OFF,0,0,0.00,-40.00,-40.00,-100.00,0,0,0.00,0,-64.00,0.00,0.00,0.00,-100.00,0.00,0,0,255,0
6519,OFF,0,0,0.00,-40.00,-40.00,-100.00,0,0,0.00,0,-64.00,0.00,0.00,0.00,-100.00,0.00,0,0,255,0
6623,OFF,0,0,0.00,-40.00,-40.00,-100.00,0,0,0.00,0,-64.00,0.00,0.00,0.00,-100.00,0.00,0,0,255,0
6731,OFF,0,0,0.00,-40.00,-40.00,-100.00,0,0,0.00,0,-64.00,0.00,0.00,0.00,-100.00,0.00,0,0,255,0
6835,OFF,0,0,0.00,-40.00,-40.00,-100.00,0,0,0.00,0,-64.00,0.00,0.00,0.00,-100.00,0.00,0,0,255,0
6940,OFF,0,0,0.00,-40.00,-40.00,-100.00,0,0,0.00,0,-64.00,0.00,0.00,0.00,-100.00,0.00,0,0,255,0
7044,OFF,0,0,0.00,-40.00,-40.00,-100.00,0,0,0.00,0,-64.00,0.00,0.00,0.00,-100.00,0.00,0,0,255,0
7148,OFF,0,0,0.00,-40.00,-40.00,-100.00,0,0,0.00,0,-64.00,0.00,0.00,0.00,-100.00,0.00,0,0,255,0
7252,OFF,0,0,0.00,-40.00,-40.00,-100.00,0,0,0.00,0,-64.00,0.00,0.00,0.00,-100.00,0.00,0,0,255,0
7360,OFF,0,0,0.00,-40.00,-40.00,-100.00,0,0,0.00,0,-64.00,0.00,0.00,0.00,-100.00,0.00,0,0,255,0
7465,OFF,0,0,0.00,-40.00,-40.00,-100.00,0,0,0.00,0,-64.00,0.00,0.00,0.00,-100.00,0.00,0,0,255,0
7569,OFF,0,0,0.00,-40.00,-40.00,-100.00,0,0,0.00,0,-64.00,0.00,0.00,0.00,-100.00,0.00,0,0,255,0
7673,OFF,0,0,0.00,-40.00,-40.00,-100.00,0,0,0.00,0,-64.00,0.00,0.00,0.00,-100.00,0.00,0,0,255,0
7777,OFF,0,0,0.00,-40.00,-40.00,-100.00,0,0,0.00,0,-64.00,0.00,0.00,0.00,-100.00,0.00,0,0,255,0
7881,OFF,0,0,0.00,-40.00,-40.00,-100.00,0,0,0.00,0,-64.00,0.00,0.00,0.00,-100.00,0.00,0,0,255,0
7989,OFF,0,0,0.00,-40.00,-40.00,-100.00,0,0,0.00,0,-64.00,0.00,0.00,0.00,-100.00,0.00,0,0,255,0
8093,OFF,0,0,0.00,-40.00,-40.00,-100.00,0,0,0.00,0,-64.00,0.00,0.00,0.00,-100.00,0.00,0,0,255,0
8197,OFF,0,0,0.00,-40.00,-40.00,-100.00,0,0,0.00,0,-64.00,0.00,0.00,0.00,-100.00,0.00,0,0,255,0
8301,OFF,0,0,0.00,-40.00,-40.00,-100.00,0,0,0.00,0,-64.00,0.00,0.00,0.00,-100.00,0.00,0,0,255,0
8405,OFF,0,0,0.00,-40.00,-40.00,-100.00,0,0,0.00,0,-64.00,0.00,0.00,0.00,-100.00,0.00,0,0,255,0
8510,OFF,0,0,0.00,-40.00,-40.00,-100.00,0,0,0.00,0,-64.00,0.00,0.00,0.00,-100.00,0.00,0,0,255,0
8618,OFF,0,0,0.00,-40.00,-40.00,-100.00,0,0,0.00,0,-64.00,0.00,0.00,0.00,-100.00,0.00,0,0,255,0
8722,OFF,0,0,0.00,-40.00,-40.00,-100.00,0,0,0.00,0,-64.00,0.00,0.00,0.00,-100.00,0.00,0,0,255,0
8826,OFF,0,0,0.00,-40.00,-40.00,-100.00,0,0,0.00,0,-64.00,0.00,0.00,0.00,-100.00,0.00,0,0,255,0
8930,OFF,0,0,0.00,-40.00,-40.00,-100.00,0,0,0.00,0,-64.00,0.00,0.00,0.00,-100.00,0.00,0,0,255,0
9034,OFF,0,0,0.00,-40.00,-40.00,-100.00,0,0,0.00,0,-64.00,0.00,0.00,0.00,-100.00,0.00,0,0,255,0
9139,OFF,0,0,0.00,-40.00,-40.00,-100.00,0,0,0.00,0,-64.00,0.00,0.00,0.00,-100.00,0.00,0,0,255,0
9247,OFF,0,0,0.00,-40.00,-40.00,-100.00,0,0,0.00,0,-64.00,0.00,0.00,0.00,-100.00,0.00,0,0,255,0
9352,OFF,0,0,0.00,-40.00,-40.00,-100.00,0,0,0.00,0,-64.00,0.00,0.00,0.00,-100.00,0.00,0,0,255,0
9456,OFF,0,0,0.00,-40.00,-40.00,-100.00,0,0,0.00,0,-64.00,0.00,0.00,0.00,-100.00,0.00,0,0,255,0
9560,OFF,0,0,0.00,-40.00,-40.00,-100.00,0,0,0.00,0,-64.00,0.00,0.00,0.00,-100.00,0.00,0,0,255,0
9665,OFF,0,0,0.00,-40.00,-40.00,-100.00,0,0,0.00,0,-64.00,0.00,0.00,0.00,-100.00,0.00,0,0,255,0
9769,OFF,0,0,0.00,-40.00,-40.00,-100.00,0,0,0.00,0,-64.00,0.00,0.00,0.00,-100.00,0.00,0,0,255,0
9877,OFF,0,0,0.00,-40.00,-40.00,-100.00,0,0,0.00,0,-64.00,0.00,0.00,0.00,-100.00,0.00,0,0,255,0
9981,OFF,0,0,0.00,-40.00,-40.00,-100.00,0,0,0.00,0,-64.00,0.00,0.00,0.00,-100.00,0.00,0,0,255,0
10085,OFF,0,0,0.00,-40.00,-40.00,-100.00,0,0,0.00,0,-64.00,0.00,0.00,0.00,-100.00,0.00,0,0,255,0
10190,OFF,0,0,0.00,-40.00,-40.00,-100.00,0,0,0.00,0,-64.00,0.00,0.00,0.00,-100.00,0.00,0,0,255,0
10294,OFF,0,0,0.00,-40.00,-40.00,-100.00,0,0,0.00,0,-64.00,0.00,0.00,0.00,-100.00,0.00,0,0,255,0
10398,OFF,0,0,0.00,-40.00,-40.00,-100.00,0,0,0.00,0,-64.00,0.00,0.00,0.00,-100.00,0.00,0,0,255,0
10506,OFF,0,0,0.00,-40.00,-40.00,-100.00,0,0,0.00,0,-64.00,0.00,0.00,0.00,-100.00,0.00,0,0,255,0
10610,OFF,0,0,0.00,-40.00,-40.00,-100.00,0,0,0.00,0,-64.00,0.00,0.00,0.00,-100.00,0.00,0,0,255,0
10714,OFF,0,0,0.00,-40.00,-40.00,-100.00,0,0,0.00,0,-64.00,0.00,0.00,0.00,-100.00,0.00,0,0,255,0
10818,OFF,0,0,0.00,-40.00,-40.00,-100.00,0,0,0.00,0,-64.00,0.00,0.00,0.00,-100.00,0.00,0,0,255,0
10922,OFF,0,0,0.00,-40.00,-40.00,-100.00,0,0,0.00,0,-64.00,0.00,0.00,0.00,-100.00,0.00,0,0,255,0
11026,OFF,0,0,0.00,-40.00,-40.00,-100.00,0,0,0.00,0,-64.00,0.00,0.00,0.00,-100.00,0.00,0,0,255,0
11134,OFF,0,0,0.00,-40.00,-40.00,-100.00,0,0,0.00,0,-64.00,0.00,0.00,0.00,-100.00,0.00,0,0,255,0
11238,OFF,0,0,0.00,-40.00,-40.00,-100.00,0,0,0.00,0,-64.00,0.00,0.00,0.00,-100.00,0.00,0,0,255,0
