1146,OFF,0,0,0.00,-40.00,-40.00,-100.00,0,0,0.00,0,-64.00,0.00,0.00,0.00,-100.00,0.00,0,0,0,0
1254,OFF,0,0,0.00,-40.00,-40.00,-100.00,0,0,0.00,0,-64.00,0.00,0.00,0.00,-100.00,0.00,0,0,0,0
1362,OFF,0,0,0.00,-40.00,-40.00,-100.00,0,0,0.00,0,-64.00,0.00,0.00,0.00,-100.00,0.00,0,0,0,0
1467,OFF,0,0,0.00,-40.00,-40.00,-100.00,0,0,0.00,0,-64.00,0.00,0.00,0.00,-100.00,0.00,0,0,0,0
1572,OFF,0,0,0.00,-40.00,-40.00,-100.00,0,0,0.00,0,-64.00,0.00,0.00,0.00,-100.00,0.00,0,0,0,0
1677,OFF,0,0,0.00,-40.00,-40.00,-100.00,0,0,0.00,0,-64.00,0.00,0.00,0.00,-100.00,0.00,0,0,0,0
1782,OFF,0,0,0.00,-40.00,-40.00,-100.00,0,0,0.00,0,-64.00,0.00,0.00,0.00,-100.00,0.00,0,0,0,0
1886,OFF,0,0,0.00,-40.00,-40.00,-100.00,0,0,0.00,0,-64.00,0.00,0.00,0.00,-100.00,0.00,0,0,0,0
1994,OFF,0,0,0.00,-40.00,-40.00,-100.00,0,0,0.00,0,-64.00,0.00,0.00,0.00,-100.00,0.00,0,0,0,0
2099,OFF,0,0,0.00,-40.00,-40.00,-100.00,0,0,0.00,0,-64.00,0.00,0.00,0.00,-100.00,0.00,0,0,0,0
2204,OFF,0,0,0.00,-40.00,-40.00,-100.00,0,0,0.00,0,-64.00,0.00,0.00,0.00,-100.00,0.00,0,0,0,0
2309,OFF,0,0,0.00,-40.00,-40.00,-100.00,0,0,0.00,0,-64.00,0.00,0.00,0.00,-100.00,0.00,0,0,0,0
2414,OFF,0,0,0.00,-40.00,-40.00,-100.00,0,0,0.00,0,-64.00,0.00,0.00,0.00,-100.00,0.00,0,0,0,0
2519,OFF,0,0,0.00,-40.00,-40.00,-100.00,0,0,0.00,0,-64.00,0.00,0.00,0.00,-100.00,0.00,0,0,0,0
2627,OFF,0,0,0.00,-40.00,-40.00,-100.00,0,0,0.00,0,-64.00,0.00,0.00,0.00,-100.00,0.00,0,0,0,0
2732,OFF,0,0,0.00,-40.00,-40.00,-100.00,0,0,0.00,0,-64.00,0.00,0.00,0.00,-100.00,0.00,0,0,0,0
2836,OFF,0,0,0.00,-40.00,-40.00,-100.00,0,0,0.00,0,-64.00,0.00,0.00,0.00,-100.00,0.00,0,0,0,0
2941,OFF,0,0,0.00,-40.00,-40.00,-100.00,0,0,0.00,0,-64.00,0.00,0.00,0.00,-100.00,0.00,0,0,0,0
3046,OFF,0,0,0.00,-40.00,-40.00,-100.00,0,0,0.00,0,-64.00,0.00,0.00,0.00,-100.00,0.00,0,0,0,0
3151,OFF,0,0,0.00,-40.00,-40.00,-100.00,0,0,0.00,0,-64.00,0.00,0.00,0.00,-100.00,0.00,0,0,0,0
3259,OFF,0,0,0.00,-40.00,-40.00,-100.00,0,0,0.00,0,-64.00,0.00,0.00,0.00,-100.00,0.00,0,0,0,0
3364,OFF,0,0,0.00,-40.00,-40.00,-100.00,0,0,0.00,0,-64.00,0.00,0.00,0.00,-100.00,0.00,0,0,0,0
3469,OFF,0,0,0.00,-40.00,-40.00,-100.00,0,0,0.00,0,-64.00,0.00,0.00,0.00,-100.00,0.00,0,0,0,0
3573,OFF,0,0,0.00,-40.00,-40.00,-100.00,0,0,0.00,0,-64.00,0.00,0.00,0.00,-100.00,0.00,0,0,0,0
3677,OFF,0,0,0.00,-40.00,-40.00,-100.00,0,0,0.00,0,-64.00,0.00,0.00,0.00,-100.00,0.00,0,0,0,0
3782,OFF,0,0,0.00,-40.00,-40.00,-100.00,0,0,0.00,0,-64.00,0.00,0.00,0.00,-100.00,0.00,0,0,0,0
3890,OFF,0,0,0.00,-40.00,-40.00,-100.00,0,0,0.00,0,-64.00,0.00,0.00,0.00,-100.00,0.00,0,0,0,0
3995,OFF,0,0,0.00,-40.00,-40.00,-100.00,0,0,0.00,0,-64.00,0.00,0.00,0.00,-100.00,0.00,0,0,0,0
4100,OFF,0,0,0.00,-40.00,-40.00,-100.00,0,0,0.00,0,-64.00,0.00,0.00,0.00,-100.00,0.00,0,0,0,0
4205,OFF,0,0,0.00,-40.00,-40.00,-100.00,0,0,0.00,0,-64.00,0.00,0.00,0.00,-100.00,0.00,0,0,0,0
4310,OFF,0,0,0.00,-40.00,-40.00,-100.00,0,0,0.00,0,-64.00,0.00,0.00,0.00,-100.00,0.00,0,0,0,0
4415,OFF,0,0,0.00,-40.00,-40.00,-100.00,0,0,0.00,0,-64.00,0.00,0.00,0.00,-100.00,0.00,0,0,0,0
4523,OFF,0,0,0.00,-40.00,-40.00,-100.00,0,0,0.00,0,-64.00,0.00,0.00,0.00,-100.00,0.00,0,0,0,0
4628,OFF,0,0,0.00,-40.00,-40.00,-100.00,0,0,0.00,0,-64.00,0.00,0.00,0.00,-100.00,0.00,0,0,0,0
4732,OFF,0,0,0.00,-40.00,-40.00,-100.00,0,0,0.00,0,-64.00,0.00,0.00,0.00,-100.00,0.00,0,0,0,0
4837,OFF,0,0,0.00,-40.00,-40.00,-100.00,0,0,0.00,0,-64.00,0.00,0.00,0.00,-100.00,0.00,0,0,0,0
4942,OFF,0,0,0.00,-40.00,-40.00,-100.00,0,0,0.00,0,-64.00,0.00,0.00,0.00,-100.00,0.00,0,0,0,0
5047,OFF,0,0,0.00,-40.00,-40.00,-100.00,0,0,0.00,0,-64.00,0.00,0.00,0.00,-100.00,0.00,0,0,0,0
5155,OFF,0,0,0.00,-40.00,-40.00,-100.00,0,0,0.00,0,-64.00,0.00,0.00,0.00,-100.00,0.00,0,0,0,0
5260,OFF,0,0,0.00,-40.00,-40.00,-100.00,0,0,0.00,0,-64.00,0.00,0.00,0.00,-100.00,0.00,0,0,0,0
5364,OFF,0,0,0.00,-40.00,-40.00,-100.00,0,0,0.00,0,-64.00,0.00,0.00,0.00,-100.00,0.00,0,0,0,0
5469,OFF,0,0,0.00,-40.00,-40.00,-100.00,0,0,0.00,0,-64.00,0.00,0.00,0.00,-100.00,0.00,0,0,0,0
5573,OFF,0,0,0.00,-40.00,-40.00,-100.00,0,0,0.00,0,-64.00,0.00,0.00,0.00,-100.00,0.00,0,0,0,0
5678,OFF,0,0,0.00,-40.00,-40.00,-100.00,0,0,0.00,0,-64.00,0.00,0.00,0.00,-100.00,0.00,0,0,0,0
5786,OFF,0,0,0.00,-40.00,-40.00,-100.00,0,0,0.00,0,-64.00,0.00,0.00,0.00,-100.00,0.00,0,0,0,0
5891,OFF,0,0,0.00,-40.00,-40.00,-100.00,0,0,0.00,0,-64.00,0.00,0.00,0.00,-100.00,0.00,0,0,0,0
5996,OFF,0,0,0.00,-40.00,-40.00,-100.00,0,0,0.00,0,-64.00,0.00,0.00,0.00,-100.00,0.00,0,0,0,0
6101,OFF,0,0,0.00,-40.00,-40.00,-100.00,0,0,0.00,0,-64.00,0.00,0.00,0.00,-100.00,0.00,0,0,0,0
6206,OFF,0,0,0.00,-40.00,-40.00,-100.00,0,0,0.00,0,-64.00,0.00,0.00,0.00,-100.00,0.00,0,0,0,0
6311,OFF,0,0,0.00,-40.00,-40.00,-100.00,0,0,0.00,0,-64.00,0.00,0.00,0.00,-100.00,0.00,0,0,0,0
6419,OFF,0,0,0.00,-40.00,-40.00,-100.00,0,0,0.00,0,-64.00,0.00,0.00,0.00,-100.00,0.00,0,0,0,0
6523,OFF,0,0,0.00,-40.00,-40.00,-100.00,0,0,0.00,0,-64.00,0.00,0.00,0.00,-100.00,0.00,0,0,0,0
6627,OFF,0,0,0.00,-40.00,-40.00,-100.00,0,0,0.00,0,-64.00,0.00,0.00,0.00,-100.00,0.00,0,0,0,0
6731,OFF,0,0,0.00,-40.00,-40.00,-100.00,0,0,0.00,0,-64.00,0.00,0.00,0.00,-100.00,0.00,0,0,0,0
6836,OFF,0,0,0.00,-40.00,-40.00,-100.00,0,0,0.00,0,-64.00,0.00,0.00,0.00,-100.00,0.00,0,0,0,0
6941,OFF,0,0,0.00,-40.00,-40.00,-100.00,0,0,0.00,0,-64.00,0.00,0.00,0.00,-100.00,0.00,0,0,0,0
7049,OFF,0,0,0.00,-40.00,-40.00,-100.00,0,0,0.00,0,-64.00,0.00,0.00,0.00,-100.00,0.00,0,0,0,0
7154,OFF,0,0,0.00,-40.00,-40.00,-100.00,0,0,0.00,0,-64.00,0.00,0.00,0.00,-100.00,0.00,0,0,0,0
7259,OFF,0,0,0.00,-40.00,-40.00,-100.00,0,0,0.00,0,-64.00,0.00,0.00,0.00,-100.00,0.00,0,0,0,0
7364,OFF,0,0,0.00,-40.00,-40.00,-100.00,0,0,0.00,0,-64.00,0.00,0.00,0.00,-100.00,0.00,0,0,0,0
7469,OFF,0,0,0.00,-40.00,-40.00,-100.00,0,0,0.00,0,-64.00,0.00,0.00,0.00,-100.00,0.00,0,0,0,0
7573,OFF,0,0,0.00,-40.00,-40.00,-100.00,0,0,0.00,0,-64.00,0.00,0.00,0.00,-100.00,0.00,0,0,0,0
7681,OFF,0,0,0.00,-40.00,-40.00,-100.00,0,0,0.00,0,-64.00,0.00,0.00,0.00,-100.00,0.00,0,0,0,0
7785,OFF,0,0,0.00,-40.00,-40.00,-100.00,0,0,0.00,0,-64.00,0.00,0.00,0.00,-100.00,0.00,0,0,0,0
7889,OFF,0,0,0.00,-40.00,-40.00,-100.00,0,0,0.00,0,-64.00,0.00,0.00,0.00,-100.00,0.00,0,0,0,0
7994,OFF,0,0,0.00,-40.00,-40.00,-100.00,0,0,0.00,0,-64.00,0.00,0.00,0.00,-100.00,0.00,0,0,0,0
8098,OFF,0,0,0.00,-40.00,-40.00,-100.00,0,0,0.00,0,-64.00,0.00,0.00,0.00,-100.00,0.00,0,0,0,0
8203,OFF,0,0,0.00,-40.00,-40.00,-100.00,0,0,0.00,0,-64.00,0.00,0.00,0.00,-100.00,0.00,0,0,0,0
8311,OFF,0,0,0.00,-40.00,-40.00,-100.00,0,0,0.00,0,-64.00,0.00,0.00,0.00,-100.00,0.00,0,0,0,0
8415,OFF,0,0,0.00,-40.00,-40.00,-100.00,0,0,0.00,0,-64.00,0.00,0.00,0.00,-100.00,0.00,0,0,0,0
8519,OFF,0,0,0.00,-40.00,-40.00,-100.00,0,0,0.00,0,-64.00,0.00,0.00,0.00,-100.00,0.00,0,0,0,0
8624,OFF,0,0,0.00,-40.00,-40.00,-100.00,0,0,0.00,0,-64.00,0.00,0.00,0.00,-100.00,0.00,0,0,0,0
8729,OFF,0,0,0.00,-40.00,-40.00,-100.00,0,0,0.00,0,-64.00,0.00,0.00,0.00,-100.00,0.00,0,0,0,0
8833,OFF,0,0,0.00,-40.00,-40.00,-100.00,0,0,0.00,0,-64.00,0.00,0.00,0.00,-100.00,0.00,0,0,0,0
8941,OFF,0,0,0.00,-40.00,-40.00,-100.00,0,0,0.00,0,-64.00,0.00,0.00,0.00,-100.00,0.00,0,0,0,0
9046,OFF,0,0,0.00,-40.00,-40.00,-100.00,0,0,0.00,0,-64.00,0.00,0.00,0.00,-100.00,0.00,0,0,0,0
9151,OFF,0,0,0.00,-40.00,-40.00,-100.00,0,0,0.00,0,-64.00,0.00,0.00,0.00,-100.00,0.00,0,0,0,0
9256,OFF,0,0,0.00,-40.00,-40.00,-100.00,0,0,0.00,0,-64.00,0.00,0.00,0.00,-100.00,0.00,0,0,0,0
9361,OFF,0,0,0.00,-40.00,-40.00,-100.00,0,0,0.00,0,-64.00,0.00,0.00,0.00,-100.00,0.00,0,0,0,0
9466,OFF,0,0,0.00,-40.00,-40.00,-100.00,0,0,0.00,0,-64.00,0.00,0.00,0.00,-100.00,0.00,0,0,0,0
9574,OFF,0,0,0.00,-40.00,-40.00,-100.00,0,0,0.00,0,-64.00,0.00,0.00,0.00,-100.00,0.00,0,0,0,0
9679,OFF,0,0,0.00,-40.00,-40.00,-100.00,0,0,0.00,0,-64.00,0.00,0.00,0.00,-100.00,0.00,0,0,0,0
9784,OFF,0,0,0.00,-40.00,-40.00,-100.00,0,0,0.00,0,-64.00,0.00,0.00,0.00,-100.00,0.00,0,0,0,0
9889,OFF,0,0,0.00,-40.00,-40.00,-100.00,0,0,0.00,0,-64.00,0.00,0.00,0.00,-100.00,0.00,0,0,0,0
9994,OFF,0,0,0.00,-40.00,-40.00,-100.00,0,0,0.00,0,-64.00,0.00,0.00,0.00,-100.00,0.00,0,0,0,0
10099,OFF,0,0,0.00,-40.00,-40.00,-100.00,0,0,0.00,0,-64.00,0.00,0.00,0.00,-100.00,0.00,0,0,0,0
10207,OFF,0,0,0.00,-40.00,-40.00,-100.00,0,0,0.00,0,-64.00,0.00,0.00,0.00,-100.00,0.00,0,0,0,0
10311,OFF,0,0,0.00,-40.00,-40.00,-100.00,0,0,0.00,0,-64.00,0.00,0.00,0.00,-100.00,0.00,0,0,0,0
10415,OFF,0,0,0.00,-40.00,-40.00,-100.00,0,0,0.00,0,-64.00,0.00,0.00,0.00,-100.00,0.00,0,0,0,0
10519,OFF,0,0,0.00,-40.00,-40.00,-100.00,0,0,0.00,0,-64.00,0.00,0.00,0.00,-100.00,0.00,0,0,0,0
10623,OFF,0,0,0.00,-40.00,-40.00,-100.00,0,0,0.00,0,-64.00,0.00,0.00,0.00,-100.00,0.00,0,0,0,0
10727,OFF,0,0,0.00,-40.00,-40.00,-100.00,0,0,0.00,0,-64.00,0.00,0.00,0.00,-100.00,0.00,0,0,0,0
10834,OFF,0,0,0.00,-40.00,-40.00,-100.00,0,0,0.00,0,-64.00,0.00,0.00,0.00,-100.00,0.00,0,0,0,0
10938,OFF,0,0,0.00,-40.00,-40.00,-100.00,0,0,0.00,0,-64.00,0.00,0.00,0.00,-100.00,0.00,0,0,0,0
11042,OFF,0,0,0.00,-40.00,-40.00,-100.00,0,0,0.00,0,-64.00,0.00,0.00,0.00,-100.00,0.00,0,0,0,0
11146,OFF,0,0,0.00,-40.00,-40.00,-100.00,0,0,0.00,0,-64.00,0.00,0.00,0.00,-100.00,0.00,0,0,0,0
11251,OFF,0,0,0.00,-40.00,-40.00,-100.00,0,0,0.00,0,-64.00,0.00,0.00,0.00,-100.00,0.00,0,0,0,0
11356,OFF,0,0,0.00,-40.00,-40.00,-100.00,0,0,0.00,0,-64.00,0.00,0.00,0.00,-100.00,0.00,0,0,0,0
11464,OFF,0,0,0.00,-40.00,-40.00,-100.00,0,0,0.00,0,-64.00,0.00,0.00,0.00,-100.00,0.00,0,0,0,0
11568,OFF,0,0,0.00,-40.00,-40.00,-100.00,0,0,0.00,0,-64.00,0.00,0.00,0.00,-100.00,0.00,0,0,0,0
11673,OFF,0,0,0.00,-40.00,-40.00,-100.00,0,0,0.00,0,-64.00,0.00,0.00,0.00,-100.00,0.00,0,0,0,0
11777,OFF,0,0,0.00,-40.00,-40.00,-100.00,0,0,0.00,0,-64.00,0.00,0.00,0.00,-100.00,0.00,0,0,0,0
11881,OFF,0,0,0.00,-40.00,-40.00,-100.00,0,0,0.00,0,-64.00,0.00,0.00,0.00,-100.00,0.00,0,0,0,0
11986,OFF,0,0,0.00,-40.00,-40.00,-100.00,0,0,0.00,0,-64.00,0.00,0.00,0.00,-100.00,0.00,0,0,0,0
12094,OFF,0,0,0.00,-40.00,-40.00,-100.00,0,0,0.00,0,-64.00,0.00,0.00,0.00,-100.00,0.00,0,0,0,0
12198,OFF,0,0,0.00,-40.00,-40.00,-100.00,0,0,0.00,0,-64.00,0.00,0.00,0.00,-100.00,0.00,0,0,0,0
12302,OFF,0,0,0.00,-40.00,-40.00,-100.00,0,0,0.00,0,-64.00,0.00,0.00,0.00,-100.00,0.00,0,0,0,0
12407,OFF,0,0,0.00,-40.00,-40.00,-100.00,0,0,0.00,0,-64.00,0.00,0.00,0.00,-100.00,0.00,0,0,0,0
12512,OFF,0,0,0.00,-40.00,-40.00,-100.00,0,0,0.00,0,-64.00,0.00,0.00,0.00,-100.00,0.00,0,0,0,0
12617,OFF,0,0,0.00,-40.00,-40.00,-100.00,0,0,0.00,0,-64.00,0.00,0.00,0.00,-100.00,0.00,0,0,0,0
12725,OFF,0,0,0.00,-40.00,-40.00,-100.00,0,0,0.00,0,-64.00,0.00,0.00,0.00,-100.00,0.00,0,0,0,0
12829,OFF,0,0,0.00,-40.00,-40.00,-100.00,0,0,0.00,0,-64.00,0.00,0.00,0.00,-100.00,0.00,0,0,0,0
12934,OFF,0,0,0.00,-40.00,-40.00,-100.00,0,0,0.00,0,-64.00,0.00,0.00,0.00,-100.00,0.00,0,0,0,0
13039,OFF,0,0,0.00,-40.00,-40.00,-100.00,0,0,0.00,0,-64.00,0.00,0.00,0.00,-100.00,0.00,0,0,0,0
13143,OFF,0,0,0.00,-40.00,-40.00,-100.00,0,0,0.00,0,-64.00,0.00,0.00,0.00,-100.00,0.00,0,0,0,0
13248,OFF,0,0,0.00,-40.00,-40.00,-100.00,0,0,0.00,0,-64.00,0.00,0.00,0.00,-100.00,0.00,0,0,0,0
13356,OFF,0,0,0.00,-40.00,-40.00,-100.00,0,0,0.00,0,-64.00,0.00,0.00,0.00,-100.00,0.00,0,0,0,0
13461,OFF,0,0,0.00,-40.00,-40.00,-100.00,0,0,0.00,0,-64.00,0.00,0.00,0.00,-100.00,0.00,0,0,0,0
13566,OFF,0,0,0.00,-40.00,-40.00,-100.00,0,0,0.00,0,-64.00,0.00,0.00,0.00,-100.00,0.00,0,0,0,0
13671,OFF,0,0,0.00,-40.00,-40.00,-100.00,0,0,0.00,0,-64.00,0.00,0.00,0.00,-100.00,0.00,0,0,0,0
13776,OFF,0,0,0.00,-40.00,-40.00,-100.00,0,0,0.00,0,-64.00,0.00,0.00,0.00,-100.00,0.00,0,0,0,0
13881,OFF,0,0,0.00,-40.00,-40.00,-100.00,0,0,0.00,0,-64.00,0.00,0.00,0.00,-100.00,0.00,0,0,0,0
13989,OFF,0,0,0.00,-40.00,-40.00,-100.00,0,0,0.00,0,-64.00,0.00,0.00,0.00,-100.00,0.00,0,0,0,0
14094,OFF,0,0,0.00,-40.00,-40.00,-100.00,0,0,0.00,0,-64.00,0.00,0.00,0.00,-100.00,0.00,0,0,0,0
14199,OFF,0,0,0.00,-40.00,-40.00,-100.00,0,0,0.00,0,-64.00,0.00,0.00,0.00,-100.00,0.00,0,0,0,0
14304,OFF,0,0,0.00,-40.00,-40.00,-100.00,0,0,0.00,0,-64.00,0.00,0.00,0.00,-100.00,0.00,0,0,0,0
14409,OFF,0,0,0.00,-40.00,-40.00,-100.00,0,0,0.00,0,-64.00,0.00,0.00,0.00,-100.00,0.00,0,0,0,0
14514,OFF,0,0,0.00,-40.00,-40.00,-100.00,0,0,0.00,0,-64.00,0.00,0.00,0.00,-100.00,0.00,0,0,0,0
14622,OFF,0,0,0.00,-40.00,-40.00,-100.00,0,0,0.00,0,-64.00,0.00,0.00,0.00,-100.00,0.00,0,0,0,0
14727,OFF,0,0,0.00,-40.00,-40.00,-100.00,0,0,0.00,0,-64.00,0.00,0.00,0.00,-100.00,0.00,0,0,0,0
14832,OFF,0,0,0.00,-40.00,-40.00,-100.00,0,0,0.00,0,-64.00,0.00,0.00,0.00,-100.00,0.00,0,0,0,0
14937,OFF,0,0,0.00,-40.00,-40.00,-100.00,0,0,0.00,0,-64.00,0.00,0.00,0.00,-100.00,0.00,0,0,0,0
15042,OFF,0,0,0.00,-40.00,-40.00,-100.00,0,0,0.00,0,-64.00,0.00,0.00,0.00,-100.00,0.00,0,0,0,0
15147,OFF,0,0,0.00,-40.00,-40.00,-100.00,0,0,0.00,0,-64.00,0.00,0.00,0.00,-100.00,0.00,0,0,0,0
15255,OFF,0,0,0.00,-40.00,-40.00,-100.00,0,0,0.00,0,-64.00,0.00,0.00,0.00,-100.00,0.00,0,0,0,0
15360,OFF,0,0,0.00,-40.00,-40.00,-100.00,0,0,0.00,0,-64.00,0.00,0.00,0.00,-100.00,0.00,0,0,0,0
15465,OFF,0,0,0.00,-40.00,-40.00,-100.00,0,0,0.00,0,-64.00,0.00,0.00,0.00,-100.00,0.00,0,0,0,0
15570,OFF,0,0,0.00,-40.00,-40.00,-100.00,0,0,0.00,0,-64.00,0.00,0.00,0.00,-100.00,0.00,0,0,0,0
15675,OFF,0,0,0.00,-40.00,-40.00,-100.00,0,0,0.00,0,-64.00,0.00,0.00,0.00,-100.00,0.00,0,0,0,0
15780,OFF,0,0,0.00,-40.00,-40.00,-100.00,0,0,0.00,0,-64.00,0.00,0.00,0.00,-100.00,0.00,0,0,0,0
15888,OFF,0,0,0.00,-40.00,-40.00,-100.00,0,0,0.00,0,-64.00,0.00,0.00,0.00,-100.00,0.00,0,0,0,0
15993,OFF,0,0,0.00,-40.00,-40.00,-100.00,0,0,0.00,0,-64.00,0.00,0.00,0.00,-100.00,0.00,0,0,0,0
16098,OFF,0,0,0.00,-40.00,-40.00,-100.00,0,0,0.00,0,-64.00,0.00,0.00,0.00,-100.00,0.00,0,0,0,0
16203,OFF,0,0,0.00,-40.00,-40.00,-100.00,0,0,0.00,0,-64.00,0.00,0.00,0.00,-100.00,0.00,0,0,0,0
16308,OFF,0,0,0.00,-40.00,-40.00,-100.00,0,0,0.00,0,-64.00,0.00,0.00,0.00,-100.00,0.00,0,0,0,0
16413,OFF,0,0,0.00,-40.00,-40.00,-100.00,0,0,0.00,0,-64.00,0.00,0.00,0.00,-100.00,0.00,0,0,0,0
16528,OFF,0,0,0.00,-40.00,-40.00,-100.00,0,0,0.00,0,-64.00,0.00,0.00,0.00,-100.00,0.00,0,0,0,0
16668,ON,1,0,0.00,28.00,-40.00,-100.00,0,0,0.00,0,-64.00,0.00,0.00,0.00,-100.00,0.00,0,0,0,0
16824,ON,1,0,0.00,28.00,128.00,-3.12,99,101,0.00,0,0.00,99.61,99.61,0.25,0.00,12.27,233,0,0,0
16985,ON,1,0,0.00,28.00,128.00,-3.12,99,101,0.00,0,0.00,99.61,99.61,0.25,0.00,12.42,133,0,0,0
17146,ON,1,0,0.00,28.00,128.00,-3.12,99,101,0.00,0,0.00,99.61,99.61,0.25,0.00,12.42,133,0,0,0
17307,ON,1,0,0.00,28.00,128.00,-3.12,99,101,0.00,0,0.00,99.61,99.61,0.25,0.00,12.42,133,0,0,0
17461,ON,1,0,0.00,28.00,128.00,-3.12,99,99,0.00,0,0.00,99.61,99.61,0.25,0.00,12.42,133,0,0,0
17566,ON,1,0,0.00,28.00,128.00,-3.12,99,99,0.00,0,0.00,99.61,99.61,0.25,0.00,12.42,133,0,0,0
17670,ON,1,0,0.00,28.00,128.00,-3.12,99,99,0.00,0,0.00,99.61,99.61,0.25,0.00,12.42,133,0,0,0
17775,ON,2,0,0.00,28.00,128.00,3.12,99,99,0.00,0,0.00,99.61,99.61,0.25,0.00,12.42,133,0,0,0
17880,ON,2,0,0.00,28.00,128.00,-0.78,99,99,0.00,0,0.00,99.61,99.61,0.25,0.00,12.42,133,0,0,0
17985,ON,2,0,0.00,28.00,128.00,-1.56,99,99,0.00,0,0.00,99.61,99.61,0.25,0.00,12.42,133,0,0,0
18093,ON,2,0,0.00,28.00,128.00,-2.34,99,99,0.00,0,0.00,99.61,99.61,0.25,0.00,12.42,133,0,0,0
18198,ON,2,0,0.00,28.00,128.00,-2.34,99,99,0.00,0,0.00,99.61,99.61,0.25,0.00,12.42,133,0,0,0
18303,ON,2,0,0.00,28.00,128.00,-3.12,99,99,0.00,0,0.00,99.61,99.61,0.25,0.00,12.42,133,0,0,0
18408,ON,2,0,0.00,28.00,128.00,-3.12,99,99,0.00,0,0.00,99.61,99.61,0.25,0.00,12.42,133,0,0,0
18513,ON,2,0,0.00,28.00,128.00,-3.12,99,99,0.00,0,0.00,99.61,99.61,0.25,0.00,12.42,133,0,0,0
18618,ON,2,0,0.00,28.00,128.00,-3.12,99,99,0.00,0,0.00,99.61,99.61,0.25,0.00,12.42,133,0,0,0
18726,ON,2,0,0.00,28.00,128.00,-3.12,99,99,0.00,0,0.00,99.61,99.61,0.25,0.00,12.42,133,0,0,0
18831,ON,2,0,0.00,28.00,128.00,-3.12,99,99,0.00,0,0.00,99.61,99.61,0.25,0.00,12.34,55,0,0,0
18936,ON,2,0,0.00,28.00,128.00,-3.12,99,99,0.00,0,0.00,99.61,99.61,0.25,0.00,12.34,55,0,0,0
19041,ON,2,0,0.00,28.00,128.00,-3.12,99,99,0.00,0,0.00,99.61,99.61,0.25,0.00,12.42,133,0,0,0
19146,ON,2,0,0.00,28.00,128.00,-3.12,99,99,0.00,0,0.00,99.61,99.61,0.25,0.00,12.42,133,0,0,0
19251,ON,2,0,0.00,28.00,128.00,-3.12,99,99,0.00,0,0.00,99.61,99.61,0.25,0.00,12.42,133,0,0,0
19359,ON,2,0,0.00,28.00,128.00,-3.12,99,99,0.00,0,0.00,99.61,99.61,0.25,0.00,12.42,133,0,0,0
19463,ON,2,0,0.00,28.00,128.00,-3.12,99,99,0.00,0,0.00,99.61,99.61,0.25,0.00,12.42,133,0,0,0
19568,ON,2,0,0.00,28.00,128.00,-3.12,99,99,0.00,0,0.00,99.61,99.61,0.25,0.00,12.42,133,0,0,0
19672,ON,2,0,0.00,28.00,128.00,-3.12,99,99,0.00,0,0.00,99.61,99.61,0.25,0.00,12.42,133,0,0,0
19777,ON,2,0,0.00,28.00,128.00,-3.12,99,99,0.00,0,0.00,99.61,99.61,0.25,0.00,12.42,133,0,0,0
19882,ON,2,0,0.00,28.00,128.00,-3.12,99,99,0.00,0,0.00,99.61,99.61,0.25,0.00,0.00,0,0,0,0
19990,ON,2,0,0.00,28.00,128.00,-3.12,99,99,0.00,0,0.00,99.61,99.61,0.25,0.00,0.00,0,0,0,0
20095,ON,2,0,0.00,28.00,128.00,-3.12,99,99,0.00,0,0.00,99.61,99.61,0.25,0.00,0.00,0,0,0,0
20200,ON,2,0,0.00,28.00,128.00,-3.12,99,99,0.00,0,0.00,99.61,99.61,0.25,0.00,0.00,0,0,0,0
20305,ON,2,0,0.00,28.00,128.00,-3.12,99,99,0.00,0,0.00,99.61,99.61,0.25,0.00,0.00,0,0,0,0
20410,ON,2,0,0.00,28.00,128.00,-3.12,99,99,0.00,0,0.00,99.61,99.61,0.25,0.00,0.00,0,0,0,0
20515,ON,2,0,0.00,28.00,128.00,-3.12,99,99,0.00,0,0.00,99.61,99.61,0.25,0.00,0.00,0,0,0,0
20623,ON,2,0,0.00,28.00,128.00,-3.12,99,99,0.00,0,0.00,99.61,99.61,0.25,0.00,0.00,0,0,0,0
20728,ON,2,0,0.00,28.00,128.00,-3.12,99,99,0.00,0,0.00,99.61,99.61,0.25,0.00,0.00,0,0,0,0
20833,ON,2,0,0.00,28.00,128.00,-3.12,99,99,0.00,0,0.00,99.61,99.61,0.25,0.00,0.00,0,0,0,0
20938,ON,2,0,0.00,28.00,128.00,-3.12,99,99,0.00,0,0.00,99.61,99.61,0.25,0.00,0.00,0,0,0,0
21043,ON,2,0,0.00,28.00,128.00,-3.12,99,99,0.00,0,0.00,99.61,99.61,0.25,0.00,0.00,0,0,0,0
21148,ON,2,0,0.00,28.00,128.00,-3.12,99,99,0.00,0,0.00,99.61,99.61,0.25,0.00,0.00,0,0,0,0
21256,ON,2,0,0.00,28.00,128.00,-3.12,99,99,0.00,0,0.00,99.61,99.61,0.25,0.00,0.00,0,0,0,0
21361,ON,2,0,0.00,28.00,128.00,-3.12,99,99,0.00,0,0.00,99.61,99.61,0.25,0.00,0.00,0,0,0,0
21466,ON,2,0,0.00,28.00,128.00,-3.12,99,99,0.00,0,0.00,99.61,99.61,0.25,0.00,0.00,0,0,0,0
21571,ON,2,0,0.00,28.00,128.00,-3.12,99,99,0.00,0,0.00,99.61,99.61,0.25,0.00,0.00,0,0,0,0
21676,ON,2,0,0.00,28.00,128.00,-3.12,99,99,0.00,0,0.00,99.61,99.61,0.25,0.00,0.00,0,0,0,0
21781,ON,2,0,0.00,28.00,128.00,-3.12,99,99,0.00,0,0.00,99.61,99.61,0.25,0.00,0.00,0,0,0,0
21889,ON,2,0,0.00,28.00,128.00,-3.12,99,99,0.00,0,0.00,99.61,99.61,0.25,0.00,0.00,0,0,0,0
21994,ON,2,0,0.00,28.00,128.00,-3.12,99,99,0.00,0,0.00,99.61,99.61,0.25,0.00,0.00,0,0,0,0
22099,ON,2,0,0.00,28.00,128.00,-3.12,99,99,0.00,0,0.00,99.61,99.61,0.25,0.00,0.00,0,0,0,0
22204,ON,2,0,0.00,28.00,128.00,-3.12,99,99,0.00,0,0.00,99.61,99.61,0.25,0.00,0.00,0,0,0,0
22309,ON,2,0,0.00,28.00,128.00,-3.12,99,99,0.00,0,0.00,99.61,99.61,0.25,0.00,0.00,0,0,0,0
22414,ON,2,0,0.00,28.00,128.00,-3.12,99,99,0.00,0,0.00,99.61,99.61,0.25,0.00,0.00,0,0,0,0
22522,ON,2,0,0.00,28.00,128.00,-3.12,99,99,0.00,0,0.00,99.61,99.61,0.25,0.00,0.00,0,0,0,0
22627,ON,2,0,0.00,28.00,128.00,-3.12,99,99,0.00,0,0.00,99.61,99.61,0.25,0.00,0.00,0,0,0,0
22731,ON,2,0,0.00,28.00,128.00,-3.12,99,99,0.00,0,0.00,99.61,99.61,0.25,0.00,0.00,0,0,0,0
22835,ON,2,0,0.00,28.00,128.00,-3.12,99,99,0.00,0,0.00,99.61,99.61,0.25,0.00,0.00,0,0,0,0
22939,ON,2,0,0.00,28.00,128.00,-3.12,99,99,0.00,0,0.00,99.61,99.61,0.25,0.00,0.00,0,0,0,0
23043,ON,2,0,0.00,28.00,128.00,-3.12,99,99,0.00,0,0.00,99.61,99.61,0.25,0.00,0.00,0,0,0,0
23151,ON,2,0,0.00,28.00,128.00,-3.12,99,99,0.00,0,0.00,99.61,99.61,0.25,0.00,0.00,0,0,0,0
23255,ON,2,0,0.00,28.00,128.00,-3.12,99,99,0.00,0,0.00,99.61,99.61,0.25,0.00,0.00,0,0,0,0
23359,ON,2,0,0.00,28.00,128.00,-3.12,99,99,0.00,0,0.00,99.61,99.61,0.25,0.00,0.00,0,0,0,0
23463,ON,2,0,0.00,28.00,128.00,-3.12,99,99,0.00,0,0.00,99.61,99.61,0.25,0.00,0.00,0,0,0,0
23567,ON,2,0,0.00,28.00,128.00,-3.12,99,99,0.00,0,0.00,99.61,99.61,0.25,0.00,0.00,0,0,0,0
23671,ON,2,0,0.00,28.00,128.00,-3.12,99,99,0.00,0,0.00,99.61,99.61,0.25,0.00,0.00,0,0,0,0
23779,ON,2,0,0.00,28.00,128.00,-3.12,99,99,0.00,0,0.00,99.61,99.61,0.25,0.00,0.00,0,0,0,0
23883,ON,2,0,0.00,28.00,128.00,-3.12,99,99,0.00,0,0.00,99.61,99.61,0.25,0.00,0.00,0,0,0,0
23987,ON,2,0,0.00,28.00,128.00,-3.12,99,99,0.00,0,0.00,99.61,99.61,0.25,0.00,0.00,0,0,0,0
24091,ON,2,0,0.00,28.00,128.00,-3.12,99,99,0.00,0,0.00,99.61,99.61,0.25,0.00,0.00,0,0,0,0
24196,ON,2,0,0.00,28.00,128.00,-3.12,99,99,0.00,0,0.00,99.61,99.61,0.25,0.00,0.00,0,0,0,0
24301,ON,2,0,0.00,28.00,128.00,-3.12,99,99,0.00,0,0.00,99.61,99.61,0.25,0.00,0.00,0,0,0,0
24409,ON,2,0,0.00,28.00,128.00,-3.12,99,99,0.00,0,0.00,99.61,99.61,0.25,0.00,0.00,0,0,0,0
24513,ON,2,0,0.00,28.00,128.00,-3.12,99,99,0.00,0,0.00,99.61,99.61,0.25,0.00,0.00,0,0,0,0
24618,ON,2,0,0.00,28.00,128.00,-3.12,99,99,0.00,0,0.00,99.61,99.61,0.25,0.00,0.00,0,0,0,0
24722,ON,2,0,0.00,28.00,128.00,-3.12,99,99,0.00,0,0.00,99.61,99.61,0.25,0.00,0.00,0,0,0,0
24826,ON,2,0,0.00,28.00,128.00,-3.12,99,99,0.00,0,0.00,99.61,99.61,0.25,0.00,0.00,0,0,0,0
24931,ON,2,0,0.00,28.00,128.00,-3.12,99,99,0.00,0,0.00,99.61,99.61,0.25,0.00,0.00,0,0,0,0
25039,ON,2,0,0.00,28.00,128.00,-3.12,99,99,0.00,0,0.00,99.61,99.61,0.25,0.00,0.00,0,0,0,0
25144,ON,2,0,0.00,28.00,128.00,-3.12,99,99,0.00,0,0.00,99.61,99.61,0.25,0.00,0.00,0,0,0,0
25249,ON,2,0,0.00,28.00,128.00,-3.12,99,99,0.00,0,0.00,99.61,99.61,0.25,0.00,0.00,0,0,0,0
25353,ON,2,0,0.00,28.00,128.00,-3.12,99,99,0.00,0,0.00,99.61,99.61,0.25,0.00,0.00,0,0,0,0
25457,ON,2,0,0.00,28.00,128.00,-3.12,99,99,0.00,0,0.00,99.61,99.61,0.25,0.00,0.00,0,0,0,0
25562,ON,2,0,0.00,28.00,128.00,-3.12,99,99,0.00,0,0.00,99.61,99.61,0.25,0.00,0.00,0,0,0,0
25670,ON,2,0,0.00,28.00,128.00,-3.12,99,99,0.00,0,0.00,99.61,99.61,0.25,0.00,0.00,0,0,0,0
25775,ON,2,0,0.00,28.00,128.00,-3.12,99,99,0.00,0,0.00,99.61,99.61,0.25,0.00,0.00,0,0,0,0
25880,ON,2,0,0.00,28.00,128.00,-3.12,99,99,0.00,0,0.00,99.61,99.61,0.25,0.00,0.00,0,0,0,0
25985,ON,2,0,0.00,28.00,128.00,-3.12,99,99,0.00,0,0.00,99.61,99.61,0.25,0.00,0.00,0,0,0,0
26090,ON,2,0,0.00,28.00,128.00,-3.12,99,99,0.00,0,0.00,99.61,99.61,0.25,0.00,0.00,0,0,0,0
26195,ON,2,0,0.00,28.00,128.00,-3.12,99,99,0.00,0,0.00,99.61,99.61,0.25,0.00,0.00,0,0,0,0
26303,ON,2,0,0.00,28.00,128.00,-3.12,99,99,0.00,0,0.00,99.61,99.61,0.25,0.00,0.00,0,0,0,0
26408,ON,2,0,0.00,28.00,128.00,-3.12,99,99,0.00,0,0.00,99.61,99.61,0.25,0.00,0.00,0,0,0,0
26513,ON,2,0,0.00,28.00,128.00,-3.12,99,99,0.00,0,0.00,99.61,99.61,0.25,0.00,0.00,0,0,0,0
26618,ON,2,0,0.00,28.00,128.00,-3.12,99,99,0.00,0,0.00,99.61,99.61,0.25,0.00,0.00,0,0,0,0
26723,ON,2,0,0.00,28.00,128.00,-3.12,99,99,0.00,0,0.00,99.61,99.61,0.25,0.00,0.00,0,0,0,0
26828,ON,2,0,0.00,28.00,128.00,-3.12,99,99,0.00,0,0.00,99.61,99.61,0.25,0.00,0.00,0,0,0,0
26936,ON,2,0,0.00,28.00,128.00,-3.12,99,99,0.00,0,0.00,99.61,99.61,0.25,0.00,0.00,0,0,0,0
27041,ON,2,0,0.00,28.00,128.00,-3.12,99,99,0.00,0,0.00,99.61,99.61,0.25,0.00,0.00,0,0,0,0
27146,ON,2,0,0.00,28.00,128.00,-3.12,99,99,0.00,0,0.00,99.61,99.61,0.25,0.00,0.00,0,0,0,0
27251,ON,2,0,0.00,28.00,128.00,-3.12,99,99,0.00,0,0.00,99.61,99.61,0.25,0.00,0.00,0,0,0,0
27356,ON,2,0,0.00,28.00,128.00,-3.12,99,99,0.00,0,0.00,99.61,99.61,0.25,0.00,0.00,0,0,0,0
27461,ON,2,0,0.00,28.00,128.00,-3.12,99,99,0.00,0,0.00,99.61,99.61,0.25,0.00,0.00,0,0,0,0
27574,ON,2,0,0.00,28.00,128.00,-3.12,99,99,0.00,0,0.00,99.61,99.61,0.25,0.00,0.00,0,0,0,0
27678,ON,2,0,0.00,28.00,128.00,-3.12,99,99,0.00,0,0.00,99.61,99.61,0.25,0.00,0.00,0,0,0,0
27782,ON,2,0,0.00,28.00,128.00,-3.12,99,99,0.00,0,0.00,99.61,99.61,0.25,0.00,0.00,0,0,0,0
27887,ON,2,0,0.00,28.00,128.00,-3.12,99,99,0.00,0,0.00,99.61,99.61,0.25,0.00,0.00,0,0,0,0
27991,ON,2,0,0.00,28.00,128.00,-3.12,99,99,0.00,0,0.00,99.61,99.61,0.25,0.00,0.00,0,0,0,0
28095,ON,2,0,0.00,28.00,128.00,-3.12,99,99,0.00,0,0.00,99.61,99.61,0.25,0.00,0.00,0,0,0,0
28203,ON,2,0,0.00,28.00,128.00,-3.12,99,99,0.00,0,0.00,99.61,99.61,0.25,0.00,0.00,0,0,0,0
28307,ON,2,0,0.00,28.00,128.00,-3.12,99,99,0.00,0,0.00,99.61,99.61,0.25,0.00,0.00,0,0,0,0
28412,ON,2,0,0.00,28.00,128.00,-3.12,99,99,0.00,0,0.00,99.61,99.61,0.25,0.00,0.00,0,0,0,0
28516,ON,2,0,0.00,28.00,128.00,-3.12,99,99,0.00,0,0.00,99.61,99.61,0.25,0.00,0.00,0,0,0,0
28620,ON,2,0,0.00,28.00,128.00,-3.12,99,99,0.00,0,0.00,99.61,99.61,0.25,0.00,0.00,0,0,0,0
28724,ON,2,0,0.00,28.00,128.00,-3.12,99,99,0.00,0,0.00,99.61,99.61,0.25,0.00,0.00,0,0,0,0
28832,ON,2,0,0.00,28.00,128.00,-3.12,99,99,0.00,0,0.00,99.61,99.61,0.25,0.00,0.00,0,0,0,0
28937,ON,2,0,0.00,28.00,128.00,-3.12,99,99,0.00,0,0.00,99.61,99.61,0.25,0.00,0.00,0,0,0,0
29041,ON,2,0,0.00,28.00,128.00,-3.12,99,99,0.00,0,0.00,99.61,99.61,0.25,0.00,0.00,0,0,0,0
29145,ON,2,0,0.00,28.00,128.00,-3.12,99,99,0.00,0,0.00,99.61,99.61,0.25,0.00,0.00,0,0,0,0
29249,ON,2,0,0.00,28.00,128.00,-3.12,99,99,0.00,0,0.00,99.61,99.61,0.25,0.00,0.00,0,0,0,0
29353,ON,2,0,0.00,28.00,128.00,-3.12,99,99,0.00,0,0.00,99.61,99.61,0.25,0.00,0.00,0,0,0,0
29460,ON,2,0,0.00,28.00,128.00,-3.12,99,99,0.00,0,0.00,99.61,99.61,0.25,0.00,0.00,0,0,0,0
29564,ON,2,0,0.00,28.00,128.00,-3.12,99,99,0.00,0,0.00,99.61,99.61,0.25,0.00,0.00,0,0,0,0
29668,ON,2,0,0.00,28.00,128.00,-3.12,99,99,0.00,0,0.00,99.61,99.61,0.25,0.00,0.00,0,0,0,0
29772,ON,2,0,0.00,28.00,128.00,-3.12,99,99,0.00,0,0.00,99.61,99.61,0.25,0.00,0.00,0,0,0,0
29876,ON,2,0,0.00,28.00,128.00,-3.12,99,99,0.00,0,0.00,99.61,99.61,0.25,0.00,0.00,0,0,0,0
29980,ON,2,0,0.00,28.00,128.00,-3.12,99,99,0.00,0,0.00,99.61,99.61,0.25,0.00,0.00,0,0,0,0
30088,ON,2,0,0.00,28.00,128.00,-3.12,99,99,0.00,0,0.00,99.61,99.61,0.25,0.00,0.00,0,0,0,0
30192,ON,2,0,0.00,28.00,128.00,-3.12,99,99,0.00,0,0.00,99.61,99.61,0.25,0.00,0.00,0,0,0,0
30297,ON,2,0,0.00,28.00,128.00,-3.12,99,99,0.00,0,0.00,99.61,99.61,0.25,0.00,0.00,0,0,0,0
30401,ON,2,0,0.00,28.00,128.00,-3.12,99,99,0.00,0,0.00,99.61,99.61,0.25,0.00,0.00,0,0,0,0
30505,ON,2,0,0.00,28.00,128.00,-3.12,99,99,0.00,0,0.00,99.61,99.61,0.25,0.00,0.00,0,0,0,0
30609,ON,2,0,0.00,28.00,128.00,-3.12,99,99,0.00,0,0.00,99.61,99.61,0.25,0.00,0.00,0,0,0,0
30717,ON,2,0,0.00,28.00,128.00,-3.12,99,99,0.00,0,0.00,99.61,99.61,0.25,0.00,0.00,0,0,0,0
30822,ON,2,0,0.00,28.00,128.00,-3.12,99,99,0.00,0,0.00,99.61,99.61,0.25,0.00,0.00,0,0,0,0
30926,ON,2,0,0.00,28.00,128.00,-3.12,99,99,0.00,0,0.00,99.61,99.61,0.25,0.00,0.00,0,0,0,0
31030,ON,2,0,0.00,28.00,128.00,-3.12,99,99,0.00,0,0.00,99.61,99.61,0.25,0.00,0.00,0,0,0,0
31134,ON,2,0,0.00,28.00,128.00,-3.12,99,99,0.00,0,0.00,99.61,99.61,0.25,0.00,0.00,0,0,0,0
31238,ON,2,0,0.00,28.00,128.00,-3.12,99,99,0.00,0,0.00,99.61,99.61,0.25,0.00,0.00,0,0,0,0
31346,ON,2,0,0.00,28.00,128.00,-3.12,99,99,0.00,0,0.00,99.61,99.61,0.25,0.00,0.00,0,0,0,0
31451,ON,2,0,0.00,28.00,128.00,-3.12,99,99,0.00,0,0.00,99.61,99.61,0.25,0.00,0.00,0,0,0,0
31555,ON,2,0,0.00,28.00,128.00,-3.12,99,99,0.00,0,0.00,99.61,99.61,0.25,0.00,0.00,0,0,0,0
31659,ON,2,0,0.00,28.00,128.00,-3.12,99,99,0.00,0,0.00,99.61,99.61,0.25,0.00,0.00,0,0,0,0
31763,ON,2,0,0.00,28.00,128.00,-3.12,99,99,0.00,0,0.00,99.61,99.61,0.25,0.00,0.00,0,0,0,0
31867,ON,2,0,0.00,28.00,128.00,-3.12,99,99,0.00,0,0.00,99.61,99.61,0.25,0.00,0.00,0,0,0,0
31975,ON,2,0,0.00,28.00,128.00,-3.12,99,99,0.00,0,0.00,99.61,99.61,0.25,0.00,0.00,0,0,0,0
32080,ON,2,0,0.00,28.00,128.00,-3.12,99,99,0.00,0,0.00,99.61,99.61,0.25,0.00,0.00,0,0,0,0
32185,ON,2,0,0.00,28.00,128.00,-3.12,99,99,0.00,0,0.00,99.61,99.61,0.25,0.00,0.00,0,0,0,0
32289,ON,2,0,0.00,28.00,128.00,-3.12,99,99,0.00,0,0.00,99.61,99.61,0.25,0.00,0.00,0,0,0,0
32393,ON,2,0,0.00,28.00,128.00,-3.12,99,99,0.00,0,0.00,99.61,99.61,0.25,0.00,0.00,0,0,0,0
32497,ON,2,0,0.00,28.00,128.00,-3.12,99,99,0.00,0,0.00,99.61,99.61,0.25,0.00,0.00,0,0,0,0
32605,ON,2,0,0.00,28.00,128.00,-3.12,99,99,0.00,0,0.00,99.61,99.61,0.25,0.00,0.00,0,0,0,0
32709,ON,2,0,0.00,28.00,128.00,-3.12,99,99,0.00,0,0.00,99.61,99.61,0.25,0.00,0.00,0,0,0,0
32813,ON,2,0,0.00,28.00,128.00,-3.12,99,99,0.00,0,0.00,99.61,99.61,0.25,0.00,0.00,0,0,0,0
32917,ON,2,0,0.00,28.00,128.00,-3.12,99,99,0.00,0,0.00,99.61,99.61,0.25,0.00,0.00,0,0,0,0
33021,ON,2,0,0.00,28.00,128.00,-3.12,99,99,0.00,0,0.00,99.61,99.61,0.25,0.00,0.00,0,0,0,0
33125,ON,2,0,0.00,28.00,128.00,-3.12,99,99,0.00,0,0.00,99.61,99.61,0.25,0.00,0.00,0,0,0,0
33233,ON,2,0,0.00,28.00,128.00,-3.12,99,99,0.00,0,0.00,99.61,99.61,0.25,0.00,0.00,0,0,0,0
33337,ON,2,0,0.00,28.00,128.00,-3.12,99,99,0.00,0,0.00,99.61,99.61,0.25,0.00,0.00,0,0,0,0
33441,ON,2,0,0.00,28.00,128.00,-3.12,99,99,0.00,0,0.00,99.61,99.61,0.25,0.00,0.00,0,0,0,0
33545,ON,2,0,0.00,28.00,128.00,-3.12,99,99,0.00,0,0.00,99.61,99.61,0.25,0.00,0.00,0,0,0,0
33649,ON,2,0,0.00,28.00,128.00,-3.12,99,99,0.00,0,0.00,99.61,99.61,0.25,0.00,0.00,0,0,0,0
33753,ON,2,0,0.00,28.00,128.00,-3.12,99,99,0.00,0,0.00,99.61,99.61,0.25,0.00,0.00,0,0,0,0
33860,ON,2,0,0.00,28.00,128.00,-3.12,99,99,0.00,0,0.00,99.61,99.61,0.25,0.00,0.00,0,0,0,0
33964,ON,2,0,0.00,28.00,128.00,-3.12,99,99,0.00,0,0.00,99.61,99.61,0.25,0.00,0.00,0,0,0,0
34068,ON,2,0,0.00,28.00,128.00,-3.12,99,99,0.00,0,0.00,99.61,99.61,0.25,0.00,0.00,0,0,0,0
34172,ON,2,0,0.00,28.00,128.00,-3.12,99,99,0.00,0,0.00,99.61,99.61,0.25,0.00,0.00,0,0,0,0
34276,ON,2,0,0.00,28.00,128.00,-3.12,99,99,0.00,0,0.00,99.61,99.61,0.25,0.00,0.00,0,0,0,0
34381,ON,2,0,0.00,28.00,128.00,-3.12,99,99,0.00,0,0.00,99.61,99.61,0.25,0.00,0.00,0,0,0,0
34489,ON,2,0,0.00,28.00,128.00,-3.12,99,99,0.00,0,0.00,99.61,99.61,0.25,0.00,0.00,0,0,0,0
34593,ON,2,0,0.00,28.00,128.00,-3.12,99,99,0.00,0,0.00,99.61,99.61,0.25,0.00,0.00,0,0,0,0
34697,ON,2,0,0.00,28.00,128.00,-3.12,99,99,0.00,0,0.00,99.61,99.61,0.25,0.00,0.00,0,0,0,0
34801,ON,2,0,0.00,28.00,128.00,-3.12,99,99,0.00,0,0.00,99.61,99.61,0.25,0.00,0.00,0,0,0,0
34905,ON,2,0,0.00,28.00,128.00,-3.12,99,99,0.00,0,0.00,99.61,99.61,0.25,0.00,0.00,0,0,0,0
35010,ON,2,0,0.00,28.00,128.00,-3.12,99,99,0.00,0,0.00,99.61,99.61,0.25,0.00,0.00,0,0,0,0
35118,ON,2,0,0.00,28.00,128.00,-3.12,99,99,0.00,0,0.00,99.61,99.61,0.25,0.00,0.00,0,0,0,0
35222,ON,2,0,0.00,28.00,128.00,-3.12,99,99,0.00,0,0.00,99.61,99.61,0.25,0.00,0.00,0,0,0,0
35326,ON,2,0,0.00,28.00,128.00,-3.12,99,99,0.00,0,0.00,99.61,99.61,0.25,0.00,0.00,0,0,0,0
35430,ON,2,0,0.00,28.00,128.00,-3.12,99,99,0.00,0,0.00,99.61,99.61,0.25,0.00,0.00,0,0,0,0
35535,ON,2,0,0.00,28.00,128.00,-3.12,99,99,0.00,0,0.00,99.61,99.61,0.25,0.00,0.00,0,0,0,0
35639,ON,2,0,0.00,28.00,128.00,-3.12,99,99,0.00,0,0.00,99.61,99.61,0.25,0.00,0.00,0,0,0,0
35747,ON,2,0,0.00,28.00,128.00,-3.12,99,99,0.00,0,0.00,99.61,99.61,0.25,0.00,0.00,0,0,0,0
35851,ON,2,0,0.00,28.00,128.00,-3.12,99,99,0.00,0,0.00,99.61,99.61,0.25,0.00,0.00,0,0,0,0
35955,ON,2,0,0.00,28.00,128.00,-3.12,99,99,0.00,0,0.00,99.61,99.61,0.25,0.00,0.00,0,0,0,0
36059,ON,2,0,0.00,28.00,128.00,-3.12,99,99,0.00,0,0.00,99.61,99.61,0.25,0.00,0.00,0,0,0,0
36164,ON,2,0,0.00,28.00,128.00,-3.12,99,99,0.00,0,0.00,99.61,99.61,0.25,0.00,0.00,0,0,0,0
36268,ON,2,0,0.00,28.00,128.00,-3.12,99,99,0.00,0,0.00,99.61,99.61,0.25,0.00,0.00,0,0,0,0
36376,ON,2,0,0.00,28.00,128.00,-3.12,99,99,0.00,0,0.00,99.61,99.61,0.25,0.00,0.00,0,0,0,0
36481,ON,2,0,0.00,28.00,128.00,-3.12,99,99,0.00,0,0.00,99.61,99.61,0.25,0.00,0.00,0,0,0,0
36585,ON,2,0,0.00,28.00,128.00,-3.12,99,99,0.00,0,0.00,99.61,99.61,0.25,0.00,0.00,0,0,0,0
36689,ON,2,0,0.00,28.00,128.00,-3.12,99,99,0.00,0,0.00,99.61,99.61,0.25,0.00,0.00,0,0,0,0
36794,ON,2,0,0.00,28.00,128.00,-3.12,99,99,0.00,0,0.00,99.61,99.61,0.25,0.00,0.00,0,0,0,0
36898,ON,2,0,0.00,28.00,128.00,-3.12,99,99,0.00,0,0.00,99.61,99.61,0.25,0.00,0.00,0,0,0,0
37006,ON,2,0,0.00,28.00,128.00,-3.12,99,99,0.00,0,0.00,99.61,99.61,0.25,0.00,0.00,0,0,0,0
37110,ON,2,0,0.00,28.00,128.00,-3.12,99,99,0.00,0,0.00,99.61,99.61,0.25,0.00,0.00,0,0,0,0
37214,ON,2,0,0.00,28.00,128.00,-3.12,99,99,0.00,0,0.00,99.61,99.61,0.25,0.00,0.00,0,0,0,0
37319,ON,2,0,0.00,28.00,128.00,-3.12,99,99,0.00,0,0.00,99.61,99.61,0.25,0.00,0.00,0,0,0,0
37423,ON,2,0,0.00,28.00,128.00,-3.12,99,99,0.00,0,0.00,99.61,99.61,0.25,0.00,0.00,0,0,0,0
37528,ON,2,0,0.00,28.00,128.00,-3.12,99,99,0.00,0,0.00,99.61,99.61,0.25,0.00,0.00,0,0,0,0
37636,ON,2,0,0.00,28.00,128.00,-3.12,99,99,0.00,0,0.00,99.61,99.61,0.25,0.00,0.00,0,0,0,0
37741,ON,2,0,0.00,28.00,128.00,-3.12,99,99,0.00,0,0.00,99.61,99.61,0.25,0.00,0.00,0,0,0,0
37845,ON,2,0,0.00,28.00,128.00,-3.12,99,99,0.00,0,0.00,99.61,99.61,0.25,0.00,0.00,0,0,0,0
37949,ON,2,0,0.00,28.00,128.00,-3.12,99,99,0.00,0,0.00,99.61,99.61,0.25,0.00,0.00,0,0,0,0
38054,ON,2,0,0.00,28.00,128.00,-3.12,99,99,0.00,0,0.00,99.61,99.61,0.25,0.00,0.00,0,0,0,0
38159,ON,2,0,0.00,28.00,128.00,-3.12,99,99,0.00,0,0.00,99.61,99.61,0.25,0.00,0.00,0,0,0,0
38267,ON,2,0,0.00,28.00,128.00,-3.12,99,99,0.00,0,0.00,99.61,99.61,0.25,0.00,0.00,0,0,0,0
38372,ON,2,0,0.00,28.00,128.00,-3.12,99,99,0.00,0,0.00,99.61,99.61,0.25,0.00,0.00,0,0,0,0
38476,ON,2,0,0.00,28.00,128.00,-3.12,99,99,0.00,0,0.00,99.61,99.61,0.25,0.00,0.00,0,0,0,0
38582,ON,2,0,0.00,28.00,128.00,-3.12,99,99,0.00,0,0.00,99.61,99.61,0.25,0.00,0.00,0,0,0,0
38686,ON,2,0,0.00,28.00,128.00,-3.12,99,99,0.00,0,0.00,99.61,99.61,0.25,0.00,0.00,0,0,0,0
38794,ON,2,0,0.00,28.00,128.00,-3.12,99,99,0.00,0,0.00,99.61,99.61,0.25,0.00,0.00,0,0,0,0
38898,ON,2,0,0.00,28.00,128.00,-3.12,99,99,0.00,0,0.00,99.61,99.61,0.25,0.00,0.00,0,0,0,0
39002,ON,2,0,0.00,28.00,128.00,-3.12,99,99,0.00,0,0.00,99.61,99.61,0.25,0.00,0.00,0,0,0,0
39106,ON,2,0,0.00,28.00,128.00,-3.12,99,99,0.00,0,0.00,99.61,99.61,0.25,0.00,0.00,0,0,0,0
39210,ON,2,0,0.00,28.00,128.00,-3.12,99,99,0.00,0,0.00,99.61,99.61,0.25,0.00,0.00,0,0,0,0
39314,ON,2,0,0.00,28.00,128.00,-3.12,99,99,0.00,0,0.00,99.61,99.61,0.25,0.00,0.00,0,0,0,0
39422,ON,2,0,0.00,28.00,128.00,-3.12,99,99,0.00,0,0.00,99.61,99.61,0.25,0.00,0.00,0,0,0,0
39526,ON,2,0,0.00,28.00,128.00,-3.12,99,99,0.00,0,0.00,99.61,99.61,0.25,0.00,0.00,0,0,0,0
39630,ON,2,0,0.00,28.00,128.00,-3.12,99,99,0.00,0,0.00,99.61,99.61,0.25,0.00,0.00,0,0,0,0
39735,ON,2,0,0.00,28.00,128.00,-3.12,99,99,0.00,0,0.00,99.61,99.61,0.25,0.00,0.00,0,0,0,0
39839,ON,2,0,0.00,28.00,128.00,-3.12,99,99,0.00,0,0.00,99.61,99.61,0.25,0.00,0.00,0,0,0,0
39944,ON,2,0,0.00,28.00,128.00,-3.12,99,99,0.00,0,0.00,99.61,99.61,0.25,0.00,0.00,0,0,0,0
40052,ON,2,0,0.00,28.00,128.00,-3.12,99,99,0.00,0,0.00,99.61,99.61,0.25,0.00,0.00,0,0,0,0
40157,ON,2,0,0.00,28.00,128.00,-3.12,99,99,0.00,0,0.00,99.61,99.61,0.25,0.00,0.00,0,0,0,0
40262,ON,2,0,0.00,28.00,128.00,-3.12,99,99,0.00,0,0.00,99.61,99.61,0.25,0.00,0.00,0,0,0,0
40366,ON,2,0,0.00,28.00,128.00,-3.12,99,99,0.00,0,0.00,99.61,99.61,0.25,0.00,0.00,0,0,0,0
40470,ON,2,0,0.00,28.00,128.00,-3.12,99,99,0.00,0,0.00,99.61,99.61,0.25,0.00,0.00,0,0,0,0
40574,ON,2,0,0.00,28.00,128.00,-3.12,99,99,0.00,0,0.00,99.61,99.61,0.25,0.00,0.00,0,0,0,0
40682,ON,2,0,0.00,28.00,128.00,-3.12,99,99,0.00,0,0.00,99.61,99.61,0.25,0.00,0.00,0,0,0,0
40786,ON,2,0,0.00,28.00,128.00,-3.12,99,99,0.00,0,0.00,99.61,99.61,0.25,0.00,0.00,0,0,0,0
40891,ON,2,0,0.00,28.00,128.00,-3.12,99,99,0.00,0,0.00,99.61,99.61,0.25,0.00,0.00,0,0,0,0
40995,ON,2,0,0.00,28.00,128.00,-3.12,99,99,0.00,0,0.00,99.61,99.61,0.25,0.00,0.00,0,0,0,0
41099,ON,2,0,0.00,28.00,128.00,-3.12,99,99,0.00,0,0.00,99.61,99.61,0.25,0.00,0.00,0,0,0,0
41204,ON,2,0,0.00,28.00,128.00,-3.12,99,99,0.00,0,0.00,99.61,99.61,0.25,0.00,0.00,0,0,0,0
41312,ON,2,0,0.00,28.00,128.00,-3.12,99,99,0.00,0,0.00,99.61,99.61,0.25,0.00,0.00,0,0,0,0
41417,ON,2,0,0.00,28.00,128.00,-3.12,99,99,0.00,0,0.00,99.61,99.61,0.25,0.00,0.00,0,0,0,0
41522,ON,2,0,0.00,28.00,128.00,-3.12,99,99,0.00,0,0.00,99.61,99.61,0.25,0.00,0.00,0,0,0,0
41627,ON,2,0,0.00,28.00,128.00,-3.12,99,99,0.00,0,0.00,99.61,99.61,0.25,0.00,0.00,0,0,0,0
41731,ON,2,0,0.00,28.00,128.00,-3.12,99,99,0.00,0,0.00,99.61,99.61,0.25,0.00,0.00,0,0,0,0
41836,ON,2,0,0.00,28.00,128.00,-3.12,99,99,0.00,0,0.00,99.61,99.61,0.25,0.00,0.00,0,0,0,0
41944,ON,2,0,0.00,28.00,128.00,-3.12,99,99,0.00,0,0.00,99.61,99.61,0.25,0.00,0.00,0,0,0,0
42049,ON,2,0,0.00,28.00,128.00,-3.12,99,99,0.00,0,0.00,99.61,99.61,0.25,0.00,0.00,0,0,0,0
42153,ON,2,0,0.00,28.00,128.00,-3.12,99,99,0.00,0,0.00,99.61,99.61,0.25,0.00,0.00,0,0,0,0
42257,ON,2,0,0.00,28.00,128.00,-3.12,99,99,0.00,0,0.00,99.61,99.61,0.25,0.00,0.00,0,0,0,0
42361,ON,2,0,0.00,28.00,128.00,-3.12,99,99,0.00,0,0.00,99.61,99.61,0.25,0.00,0.00,0,0,0,0
42465,ON,2,0,0.00,28.00,128.00,-3.12,99,99,0.00,0,0.00,99.61,99.61,0.25,0.00,0.00,0,0,0,0
42573,ON,2,0,0.00,28.00,128.00,-3.12,99,99,0.00,0,0.00,99.61,99.61,0.25,0.00,0.00,0,0,0,0
42678,ON,2,0,0.00,28.00,128.00,-3.12,99,99,0.00,0,0.00,99.61,99.61,0.25,0.00,0.00,0,0,0,0
42782,ON,2,0,0.00,28.00,128.00,-3.12,99,99,0.00,0,0.00,99.61,99.61,0.25,0.00,0.00,0,0,0,0
42886,ON,2,0,0.00,28.00,128.00,-3.12,99,99,0.00,0,0.00,99.61,99.61,0.25,0.00,0.00,0,0,0,0
42990,ON,2,0,0.00,28.00,128.00,-3.12,99,99,0.00,0,0.00,99.61,99.61,0.25,0.00,0.00,0,0,0,0
43095,ON,2,0,0.00,28.00,128.00,-3.12,99,99,0.00,0,0.00,99.61,99.61,0.25,0.00,0.00,0,0,0,0
43203,ON,2,0,0.00,28.00,128.00,-3.12,99,99,0.00,0,0.00,99.61,99.61,0.25,0.00,0.00,0,0,0,0
43308,ON,2,0,0.00,28.00,128.00,-3.12,99,99,0.00,0,0.00,99.61,99.61,0.25,0.00,0.00,0,0,0,0
43412,ON,2,0,0.00,28.00,128.00,-3.12,99,99,0.00,0,0.00,99.61,99.61,0.25,0.00,0.00,0,0,0,0
43516,ON,2,0,0.00,28.00,128.00,-3.12,99,99,0.00,0,0.00,99.61,99.61,0.25,0.00,0.00,0,0,0,0
43620,ON,2,0,0.00,28.00,128.00,-3.12,99,99,0.00,0,0.00,99.61,99.61,0.25,0.00,0.00,0,0,0,0
43724,ON,2,0,0.00,28.00,128.00,-3.12,99,99,0.00,0,0.00,99.61,99.61,0.25,0.00,0.00,0,0,0,0
43832,ON,2,0,0.00,28.00,128.00,-3.12,99,99,0.00,0,0.00,99.61,99.61,0.25,0.00,0.00,0,0,0,0
43936,ON,2,0,0.00,28.00,128.00,-3.12,99,99,0.00,0,0.00,99.61,99.61,0.25,0.00,0.00,0,0,0,0
44040,ON,2,0,0.00,28.00,128.00,-3.12,99,99,0.00,0,0.00,99.61,99.61,0.25,0.00,0.00,0,0,0,0
44144,ON,2,0,0.00,28.00,128.00,-3.12,99,99,0.00,0,0.00,99.61,99.61,0.25,0.00,0.00,0,0,0,0
44248,ON,2,0,0.00,28.00,128.00,-3.12,99,99,0.00,0,0.00,99.61,99.61,0.25,0.00,0.00,0,0,0,0
44352,ON,2,0,0.00,28.00,128.00,-3.12,99,99,0.00,0,0.00,99.61,99.61,0.25,0.00,0.00,0,0,0,0
44460,ON,2,0,0.00,28.00,128.00,-3.12,99,99,0.00,0,0.00,99.61,99.61,0.25,0.00,0.00,0,0,0,0
44564,ON,2,0,0.00,28.00,128.00,-3.12,99,99,0.00,0,0.00,99.61,99.61,0.25,0.00,0.00,0,0,0,0
44668,ON,2,0,0.00,28.00,128.00,-3.12,99,99,0.00,0,0.00,99.61,99.61,0.25,0.00,0.00,0,0,0,0
44772,ON,2,0,0.00,28.00,128.00,-3.12,99,99,0.00,0,0.00,99.61,99.61,0.25,0.00,0.00,0,0,0,0
44876,ON,2,0,0.00,28.00,128.00,-3.12,99,99,0.00,0,0.00,99.61,99.61,0.25,0.00,0.00,0,0,0,0
44981,ON,2,0,0.00,28.00,128.00,-3.12,99,99,0.00,0,0.00,99.61,99.61,0.25,0.00,0.00,0,0,0,0
45089,ON,2,0,0.00,28.00,128.00,-3.12,99,99,0.00,0,0.00,99.61,99.61,0.25,0.00,0.00,0,0,0,0
45194,ON,2,0,0.00,28.00,128.00,-3.12,99,99,0.00,0,0.00,99.61,99.61,0.25,0.00,0.00,0,0,0,0
45298,ON,2,0,0.00,28.00,128.00,-3.12,99,99,0.00,0,0.00,99.61,99.61,0.25,0.00,0.00,0,0,0,0
45402,ON,2,0,0.00,28.00,128.00,-3.12,99,99,0.00,0,0.00,99.61,99.61,0.25,0.00,0.00,0,0,0,0
45506,ON,2,0,0.00,28.00,128.00,-3.12,99,99,0.00,0,0.00,99.61,99.61,0.25,0.00,0.00,0,0,0,0
45611,ON,2,0,0.00,28.00,128.00,-3.12,99,99,0.00,0,0.00,99.61,99.61,0.25,0.00,0.00,0,0,0,0
45719,ON,2,0,0.00,28.00,128.00,-3.12,99,99,0.00,0,0.00,99.61,99.61,0.25,0.00,0.00,0,0,0,0
45823,ON,2,0,0.00,28.00,128.00,-3.12,99,99,0.00,0,0.00,99.61,99.61,0.25,0.00,0.00,0,0,0,0
45927,ON,2,0,0.00,28.00,128.00,-3.12,99,99,0.00,0,0.00,99.61,99.61,0.25,0.00,0.00,0,0,0,0
46031,ON,2,0,0.00,28.00,128.00,-3.12,99,99,0.00,0,0.00,99.61,99.61,0.25,0.00,0.00,0,0,0,0
46135,ON,2,0,0.00,28.00,128.00,-3.12,99,99,0.00,0,0.00,99.61,99.61,0.25,0.00,0.00,0,0,0,0
46240,ON,2,0,0.00,28.00,128.00,-3.12,99,99,0.00,0,0.00,99.61,99.61,0.25,0.00,0.00,0,0,0,0
46348,ON,2,0,0.00,28.00,128.00,-3.12,99,99,0.00,0,0.00,99.61,99.61,0.25,0.00,0.00,0,0,0,0
46453,ON,2,0,0.00,28.00,128.00,-3.12,99,99,0.00,0,0.00,99.61,99.61,0.25,0.00,0.00,0,0,0,0
46557,ON,2,0,0.00,28.00,128.00,-3.12,99,99,0.00,0,0.00,99.61,99.61,0.25,0.00,0.00,0,0,0,0
46661,ON,2,0,0.00,28.00,128.00,-3.12,99,99,0.00,0,0.00,99.61,99.61,0.25,0.00,0.00,0,0,0,0
46766,ON,2,0,0.00,28.00,128.00,-3.12,99,99,0.00,0,0.00,99.61,99.61,0.25,0.00,0.00,0,0,0,0
46871,ON,2,0,0.00,28.00,128.00,-3.12,99,99,0.00,0,0.00,99.61,99.61,0.25,0.00,0.00,0,0,0,0
46979,ON,2,0,0.00,28.00,128.00,-3.12,99,99,0.00,0,0.00,99.61,99.61,0.25,0.00,0.00,0,0,0,0
47083,ON,2,0,0.00,28.00,128.00,-3.12,99,99,0.00,0,0.00,99.61,99.61,0.25,0.00,0.00,0,0,0,0
47187,ON,2,0,0.00,28.00,128.00,-3.12,99,99,0.00,0,0.00,99.61,99.61,0.25,0.00,0.00,0,0,0,0
47291,ON,2,0,0.00,28.00,128.00,-3.12,99,99,0.00,0,0.00,99.61,99.61,0.25,0.00,0.00,0,0,0,0
47395,ON,2,0,0.00,28.00,128.00,-3.12,99,99,0.00,0,0.00,99.61,99.61,0.25,0.00,0.00,0,0,0,0
47499,ON,2,0,0.00,28.00,128.00,-3.12,99,99,0.00,0,0.00,99.61,99.61,0.25,0.00,0.00,0,0,0,0
47607,ON,2,0,0.00,28.00,128.00,-3.12,99,99,0.00,0,0.00,99.61,99.61,0.25,0.00,0.00,0,0,0,0
47712,ON,2,0,0.00,28.00,128.00,-3.12,99,99,0.00,0,0.00,99.61,99.61,0.25,0.00,0.00,0,0,0,0
47816,ON,2,0,0.00,28.00,128.00,-3.12,99,99,0.00,0,0.00,99.61,99.61,0.25,0.00,0.00,0,0,0,0
47920,ON,2,0,0.00,28.00,128.00,-3.12,99,99,0.00,0,0.00,99.61,99.61,0.25,0.00,0.00,0,0,0,0
48024,ON,2,0,0.00,28.00,128.00,-3.12,99,99,0.00,0,0.00,99.61,99.61,0.25,0.00,0.00,0,0,0,0
48128,ON,2,0,0.00,28.00,128.00,-3.12,99,99,0.00,0,0.00,99.61,99.61,0.25,0.00,0.00,0,0,0,0
48235,ON,2,0,0.00,28.00,128.00,-3.12,99,99,0.00,0,0.00,99.61,99.61,0.25,0.00,0.00,0,0,0,0
48339,ON,2,0,0.00,28.00,128.00,-3.12,99,99,0.00,0,0.00,99.61,99.61,0.25,0.00,0.00,0,0,0,0
48443,ON,2,0,0.00,28.00,128.00,-3.12,99,99,0.00,0,0.00,99.61,99.61,0.25,0.00,0.00,0,0,0,0
48547,ON,2,0,0.00,28.00,128.00,-3.12,99,99,0.00,0,0.00,99.61,99.61,0.25,0.00,0.00,0,0,0,0
48651,ON,2,0,0.00,28.00,128.00,-3.12,99,99,0.00,0,0.00,99.61,99.61,0.25,0.00,0.00,0,0,0,0
48755,ON,2,0,0.00,28.00,128.00,-3.12,99,99,0.00,0,0.00,99.61,99.61,0.25,0.00,0.00,0,0,0,0
48863,ON,2,0,0.00,28.00,128.00,-3.12,99,99,0.00,0,0.00,99.61,99.61,0.25,0.00,0.00,0,0,0,0
48967,ON,2,0,0.00,28.00,128.00,-3.12,99,99,0.00,0,0.00,99.61,99.61,0.25,0.00,0.00,0,0,0,0
49071,ON,2,0,0.00,28.00,128.00,-3.12,99,99,0.00,0,0.00,99.61,99.61,0.25,0.00,0.00,0,0,0,0
49176,ON,2,0,0.00,28.00,128.00,-3.12,99,99,0.00,0,0.00,99.61,99.61,0.25,0.00,0.00,0,0,0,0
49280,ON,2,0,0.00,28.00,128.00,-3.12,99,99,0.00,0,0.00,99.61,99.61,0.25,0.00,0.00,0,0,0,0
49384,ON,2,0,0.00,28.00,128.00,-3.12,99,99,0.00,0,0.00,99.61,99.61,0.25,0.00,0.00,0,0,0,0
49492,ON,2,0,0.00,28.00,128.00,-3.12,99,99,0.00,0,0.00,99.61,99.61,0.25,0.00,0.00,0,0,0,0
49596,ON,2,0,0.00,28.00,128.00,-3.12,99,99,0.00,0,0.00,99.61,99.61,0.25,0.00,0.00,0,0,0,0
49701,ON,2,0,0.00,28.00,128.00,-3.12,99,99,0.00,0,0.00,99.61,99.61,0.25,0.00,0.00,0,0,0,0
49806,ON,2,0,0.00,28.00,128.00,-3.12,99,99,0.00,0,0.00,99.61,99.61,0.25,0.00,0.00,0,0,0,0
49911,ON,2,0,0.00,28.00,128.00,-3.12,99,99,0.00,0,0.00,99.61,99.61,0.25,0.00,0.00,0,0,0,0
50016,ON,2,0,0.00,28.00,128.00,-3.12,99,99,0.00,0,0.00,99.61,99.61,0.25,0.00,0.00,0,0,0,0
50124,ON,2,0,0.00,28.00,128.00,-3.12,99,99,0.00,0,0.00,99.61,99.61,0.25,0.00,0.00,0,0,0,0
50229,ON,2,0,0.00,28.00,128.00,-3.12,99,99,0.00,0,0.00,99.61,99.61,0.25,0.00,0.00,0,0,0,0
50334,ON,2,0,0.00,28.00,128.00,-3.12,99,99,0.00,0,0.00,99.61,99.61,0.25,0.00,0.00,0,0,0,0
50439,ON,2,0,0.00,28.00,128.00,-3.12,99,99,0.00,0,0.00,99.61,99.61,0.25,0.00,0.00,0,0,0,0
50544,ON,2,0,0.00,28.00,128.00,-3.12,99,99,0.00,0,0.00,99.61,99.61,0.25,0.00,0.00,0,0,0,0
50649,ON,2,0,0.00,28.00,128.00,-3.12,99,99,0.00,0,0.00,99.61,99.61,0.25,0.00,0.00,0,0,0,0
50757,ON,2,0,0.00,28.00,128.00,-3.12,99,99,0.00,0,0.00,99.61,99.61,0.25,0.00,0.00,0,0,0,0
50862,ON,2,0,0.00,28.00,128.00,-3.12,99,99,0.00,0,0.00,99.61,99.61,0.25,0.00,0.00,0,0,0,0
50967,ON,2,0,0.00,28.00,128.00,-3.12,99,99,0.00,0,0.00,99.61,99.61,0.25,0.00,0.00,0,0,0,0
51072,ON,2,0,0.00,28.00,128.00,-3.12,99,99,0.00,0,0.00,99.61,99.61,0.25,0.00,0.00,0,0,0,0
51176,ON,2,0,0.00,28.00,128.00,-3.12,99,99,0.00,0,0.00,99.61,99.61,0.25,0.00,0.00,0,0,0,0
51280,ON,2,0,0.00,28.00,128.00,-3.12,99,99,0.00,0,0.00,99.61,99.61,0.25,0.00,0.00,0,0,0,0
51388,ON,2,0,0.00,28.00,128.00,-3.12,99,99,0.00,0,0.00,99.61,99.61,0.25,0.00,0.00,0,0,0,0
51493,ON,2,0,0.00,28.00,128.00,-3.12,99,99,0.00,0,0.00,99.61,99.61,0.25,0.00,0.00,0,0,0,0
51597,ON,2,0,0.00,28.00,128.00,-3.12,99,99,0.00,0,0.00,99.61,99.61,0.25,0.00,0.00,0,0,0,0
51701,ON,2,0,0.00,28.00,128.00,-3.12,99,99,0.00,0,0.00,99.61,99.61,0.25,0.00,0.00,0,0,0,0
51805,ON,2,0,0.00,28.00,128.00,-3.12,99,99,0.00,0,0.00,99.61,99.61,0.25,0.00,0.00,0,0,0,0
51910,ON,2,0,0.00,28.00,128.00,-3.12,99,99,0.00,0,0.00,99.61,99.61,0.25,0.00,0.00,0,0,0,0
52018,ON,2,0,0.00,28.00,128.00,-3.12,99,99,0.00,0,0.00,99.61,99.61,0.25,0.00,0.00,0,0,0,0
52123,ON,2,0,0.00,28.00,128.00,-3.12,99,99,0.00,0,0.00,99.61,99.61,0.25,0.00,0.00,0,0,0,0
52227,ON,2,0,0.00,28.00,128.00,-3.12,99,99,0.00,0,0.00,99.61,99.61,0.25,0.00,0.00,0,0,0,0
52331,ON,2,0,0.00,28.00,128.00,-3.12,99,99,0.00,0,0.00,99.61,99.61,0.25,0.00,0.00,0,0,0,0
52435,ON,2,0,0.00,28.00,128.00,-3.12,99,99,0.00,0,0.00,99.61,99.61,0.25,0.00,0.00,0,0,0,0
52539,ON,2,0,0.00,28.00,128.00,-3.12,99,99,0.00,0,0.00,99.61,99.61,0.25,0.00,0.00,0,0,0,0
52647,ON,2,0,0.00,28.00,128.00,-3.12,99,99,0.00,0,0.00,99.61,99.61,0.25,0.00,0.00,0,0,0,0
52752,ON,2,0,0.00,28.00,128.00,-3.12,99,99,0.00,0,0.00,99.61,99.61,0.25,0.00,0.00,0,0,0,0
52856,ON,2,0,0.00,28.00,128.00,-3.12,99,99,0.00,0,0.00,99.61,99.61,0.25,0.00,0.00,0,0,0,0
52960,ON,2,0,0.00,28.00,128.00,-3.12,99,99,0.00,0,0.00,99.61,99.61,0.25,0.00,0.00,0,0,0,0
53064,ON,2,0,0.00,28.00,128.00,-3.12,99,99,0.00,0,0.00,99.61,99.61,0.25,0.00,0.00,0,0,0,0
53169,ON,2,0,0.00,28.00,128.00,-3.12,99,99,0.00,0,0.00,99.61,99.61,0.25,0.00,0.00,0,0,0,0
53277,ON,2,0,0.00,28.00,128.00,-3.12,99,99,0.00,0,0.00,99.61,99.61,0.25,0.00,0.00,0,0,0,0
53381,ON,2,0,0.00,28.00,128.00,-3.12,99,99,0.00,0,0.00,99.61,99.61,0.25,0.00,0.00,0,0,0,0
53485,ON,2,0,0.00,28.00,128.00,-3.12,99,99,0.00,0,0.00,99.61,99.61,0.25,0.00,0.00,0,0,0,0
53590,ON,2,0,0.00,28.00,128.00,-3.12,99,99,0.00,0,0.00,99.61,99.61,0.25,0.00,0.00,0,0,0,0
53694,ON,2,0,0.00,28.00,128.00,-3.12,99,99,0.00,0,0.00,99.61,99.61,0.25,0.00,0.00,0,0,0,0
53798,ON,2,0,0.00,28.00,128.00,-3.12,99,99,0.00,0,0.00,99.61,99.61,0.25,0.00,0.00,0,0,0,0
53906,ON,2,0,0.00,28.00,128.00,-3.12,99,99,0.00,0,0.00,99.61,99.61,0.25,0.00,0.00,0,0,0,0
54011,ON,2,0,0.00,28.00,128.00,-3.12,99,99,0.00,0,0.00,99.61,99.61,0.25,0.00,0.00,0,0,0,0
54116,ON,2,0,0.00,28.00,128.00,-3.12,99,99,0.00,0,0.00,99.61,99.61,0.25,0.00,0.00,0,0,0,0
54220,ON,2,0,0.00,28.00,128.00,-3.12,99,99,0.00,0,0.00,99.61,99.61,0.25,0.00,0.00,0,0,0,0
54324,ON,2,0,0.00,28.00,128.00,-3.12,99,99,0.00,0,0.00,99.61,99.61,0.25,0.00,0.00,0,0,0,0
54429,ON,2,0,0.00,28.00,128.00,-3.12,99,99,0.00,0,0.00,99.61,99.61,0.25,0.00,0.00,0,0,0,0
54537,ON,2,0,0.00,28.00,128.00,-3.12,99,99,0.00,0,0.00,99.61,99.61,0.25,0.00,0.00,0,0,0,0
54641,ON,2,0,0.00,28.00,128.00,-3.12,99,99,0.00,0,0.00,99.61,99.61,0.25,0.00,0.00,0,0,0,0
54746,ON,2,0,0.00,28.00,128.00,-3.12,99,99,0.00,0,0.00,99.61,99.61,0.25,0.00,0.00,0,0,0,0
54851,ON,2,0,0.00,28.00,128.00,-3.12,99,99,0.00,0,0.00,99.61,99.61,0.25,0.00,0.00,0,0,0,0
54956,ON,2,0,0.00,28.00,128.00,-3.12,99,99,0.00,0,0.00,99.61,99.61,0.25,0.00,0.00,0,0,0,0
55061,ON,2,0,0.00,28.00,128.00,-3.12,99,99,0.00,0,0.00,99.61,99.61,0.25,0.00,0.00,0,0,0,0
55169,ON,2,0,0.00,28.00,128.00,-3.12,99,99,0.00,0,0.00,99.61,99.61,0.25,0.00,0.00,0,0,0,0
55274,ON,2,0,0.00,28.00,128.00,-3.12,99,99,0.00,0,0.00,99.61,99.61,0.25,0.00,0.00,0,0,0,0
55379,ON,2,0,0.00,28.00,128.00,-3.12,99,99,0.00,0,0.00,99.61,99.61,0.25,0.00,0.00,0,0,0,0
55483,ON,2,0,0.00,28.00,128.00,-3.12,99,99,0.00,0,0.00,99.61,99.61,0.25,0.00,0.00,0,0,0,0
55587,ON,2,0,0.00,28.00,128.00,-3.12,99,99,0.00,0,0.00,99.61,99.61,0.25,0.00,0.00,0,0,0,0
55692,ON,2,0,0.00,28.00,128.00,-3.12,99,99,0.00,0,0.00,99.61,99.61,0.25,0.00,0.00,0,0,0,0
55800,ON,2,0,0.00,28.00,128.00,-3.12,99,99,0.00,0,0.00,99.61,99.61,0.25,0.00,0.00,0,0,0,0
55905,ON,2,0,0.00,28.00,128.00,-3.12,99,99,0.00,0,0.00,99.61,99.61,0.25,0.00,0.00,0,0,0,0
56010,ON,2,0,0.00,28.00,128.00,-3.12,99,99,0.00,0,0.00,99.61,99.61,0.25,0.00,0.00,0,0,0,0
56115,ON,2,0,0.00,28.00,128.00,-3.12,99,99,0.00,0,0.00,99.61,99.61,0.25,0.00,0.00,0,0,0,0
56220,ON,2,0,0.00,28.00,128.00,-3.12,99,99,0.00,0,0.00,99.61,99.61,0.25,0.00,0.00,0,0,0,0
56325,ON,2,0,0.00,28.00,128.00,-3.12,99,99,0.00,0,0.00,99.61,99.61,0.25,0.00,0.00,0,0,0,0
56433,ON,2,0,0.00,28.00,128.00,-3.12,99,99,0.00,0,0.00,99.61,99.61,0.25,0.00,0.00,0,0,0,0
56538,ON,2,0,0.00,28.00,128.00,-3.12,99,99,0.00,0,0.00,99.61,99.61,0.25,0.00,0.00,0,0,0,0
56643,ON,2,0,0.00,28.00,128.00,-3.12,99,99,0.00,0,0.00,99.61,99.61,0.25,0.00,0.00,0,0,0,0
56748,ON,2,0,0.00,28.00,128.00,-3.12,99,99,0.00,0,0.00,99.61,99.61,0.25,0.00,0.00,0,0,0,0
56852,ON,2,0,0.00,28.00,128.00,-3.12,99,99,0.00,0,0.00,99.61,99.61,0.25,0.00,0.00,0,0,0,0
56956,ON,2,0,0.00,28.00,128.00,-3.12,99,99,0.00,0,0.00,99.61,99.61,0.25,0.00,0.00,0,0,0,0
57064,ON,2,0,0.00,28.00,128.00,-3.12,99,99,0.00,0,0.00,99.61,99.61,0.25,0.00,0.00,0,0,0,0
57169,ON,2,0,0.00,28.00,128.00,-3.12,99,99,0.00,0,0.00,99.61,99.61,0.25,0.00,0.00,0,0,0,0
57274,ON,2,0,0.00,28.00,128.00,-3.12,99,99,0.00,0,0.00,99.61,99.61,0.25,0.00,0.00,0,0,0,0
57379,ON,2,0,0.00,28.00,128.00,-3.12,99,99,0.00,0,0.00,99.61,99.61,0.25,0.00,0.00,0,0,0,0
57483,ON,2,0,0.00,28.00,128.00,-3.12,99,99,0.00,0,0.00,99.61,99.61,0.25,0.00,0.00,0,0,0,0
57588,ON,2,0,0.00,28.00,128.00,-3.12,99,99,0.00,0,0.00,99.61,99.61,0.25,0.00,0.00,0,0,0,0
57696,ON,2,0,0.00,28.00,128.00,-3.12,99,99,0.00,0,0.00,99.61,99.61,0.25,0.00,0.00,0,0,0,0
57801,ON,2,0,0.00,28.00,128.00,-3.12,99,99,0.00,0,0.00,99.61,99.61,0.25,0.00,0.00,0,0,0,0
57906,ON,2,0,0.00,28.00,128.00,-3.12,99,99,0.00,0,0.00,99.61,99.61,0.25,0.00,0.00,0,0,0,0
58010,ON,2,0,0.00,28.00,128.00,-3.12,99,99,0.00,0,0.00,99.61,99.61,0.25,0.00,0.00,0,0,0,0
58114,ON,2,0,0.00,28.00,128.00,-3.12,99,99,0.00,0,0.00,99.61,99.61,0.25,0.00,0.00,0,0,0,0
58218,ON,2,0,0.00,28.00,128.00,-3.12,99,99,0.00,0,0.00,99.61,99.61,0.25,0.00,0.00,0,0,0,0
58326,ON,2,0,0.00,28.00,128.00,-3.12,99,99,0.00,0,0.00,99.61,99.61,0.25,0.00,0.00,0,0,0,0
58431,ON,2,0,0.00,28.00,128.00,-3.12,99,99,0.00,0,0.00,99.61,99.61,0.25,0.00,0.00,0,0,0,0
58535,ON,2,0,0.00,28.00,128.00,-3.12,99,99,0.00,0,0.00,99.61,99.61,0.25,0.00,0.00,0,0,0,0
58640,ON,2,0,0.00,28.00,128.00,-3.12,99,99,0.00,0,0.00,99.61,99.61,0.25,0.00,0.00,0,0,0,0
58745,ON,2,0,0.00,28.00,128.00,-3.12,99,99,0.00,0,0.00,99.61,99.61,0.25,0.00,0.00,0,0,0,0
58849,ON,2,0,0.00,28.00,128.00,-3.12,99,99,0.00,0,0.00,99.61,99.61,0.25,0.00,0.00,0,0,0,0
58957,ON,2,0,0.00,28.00,128.00,-3.12,99,99,0.00,0,0.00,99.61,99.61,0.25,0.00,0.00,0,0,0,0
59061,ON,2,0,0.00,28.00,128.00,-3.12,99,99,0.00,0,0.00,99.61,99.61,0.25,0.00,0.00,0,0,0,0
59166,ON,2,0,0.00,28.00,128.00,-3.12,99,99,0.00,0,0.00,99.61,99.61,0.25,0.00,0.00,0,0,0,0
59270,ON,2,0,0.00,28.00,128.00,-3.12,99,99,0.00,0,0.00,99.61,99.61,0.25,0.00,0.00,0,0,0,0
59374,ON,2,0,0.00,28.00,128.00,-3.12,99,99,0.00,0,0.00,99.61,99.61,0.25,0.00,0.00,0,0,0,0
59478,ON,2,0,0.00,28.00,128.00,-3.12,99,99,0.00,0,0.00,99.61,99.61,0.25,0.00,0.00,0,0,0,0
59586,ON,2,0,0.00,28.00,128.00,-3.12,99,99,0.00,0,0.00,99.61,99.61,0.25,0.00,0.00,0,0,0,0
59690,ON,2,0,0.00,28.00,128.00,-3.12,99,99,0.00,0,0.00,99.61,99.61,0.25,0.00,0.00,0,0,0,0
59795,ON,2,0,0.00,28.00,128.00,-3.12,99,99,0.00,0,0.00,99.61,99.61,0.25,0.00,0.00,0,0,0,0
59899,ON,2,0,0.00,28.00,128.00,-3.12,99,99,0.00,0,0.00,99.61,99.61,0.25,0.00,0.00,0,0,0,0
60004,ON,2,0,0.00,28.00,128.00,-3.12,99,99,0.00,0,0.00,99.61,99.61,0.25,0.00,0.00,0,0,0,0
60109,ON,2,0,0.00,28.00,128.00,-3.12,99,99,0.00,0,0.00,99.61,99.61,0.25,0.00,0.00,0,0,0,0
60217,ON,2,0,0.00,28.00,128.00,-3.12,99,99,0.00,0,0.00,99.61,99.61,0.25,0.00,0.00,0,0,0,0
60322,ON,2,0,0.00,28.00,128.00,-3.12,99,99,0.00,0,0.00,99.61,99.61,0.25,0.00,0.00,0,0,0,0
60427,ON,2,0,0.00,28.00,128.00,-3.12,99,99,0.00,0,0.00,99.61,99.61,0.25,0.00,0.00,0,0,0,0
60532,ON,2,0,0.00,28.00,128.00,-3.12,99,99,0.00,0,0.00,99.61,99.61,0.25,0.00,0.00,0,0,0,0
60637,ON,2,0,0.00,28.00,128.00,-3.12,99,99,0.00,0,0.00,99.61,99.61,0.25,0.00,0.00,0,0,0,0
60742,ON,2,0,0.00,28.00,128.00,-3.12,99,99,0.00,0,0.00,99.61,99.61,0.25,0.00,0.00,0,0,0,0
60850,ON,2,0,0.00,28.00,128.00,-3.12,99,99,0.00,0,0.00,99.61,99.61,0.25,0.00,0.00,0,0,0,0
60955,ON,2,0,0.00,28.00,128.00,-3.12,99,99,0.00,0,0.00,99.61,99.61,0.25,0.00,0.00,0,0,0,0
61060,ON,2,0,0.00,28.00,128.00,-3.12,99,99,0.00,0,0.00,99.61,99.61,0.25,0.00,0.00,0,0,0,0
61165,ON,2,0,0.00,28.00,128.00,-3.12,99,99,0.00,0,0.00,99.61,99.61,0.25,0.00,0.00,0,0,0,0
61270,ON,2,0,0.00,28.00,128.00,-3.12,99,99,0.00,0,0.00,99.61,99.61,0.25,0.00,0.00,0,0,0,0
61375,ON,2,0,0.00,28.00,128.00,-3.12,99,99,0.00,0,0.00,99.61,99.61,0.25,0.00,0.00,0,0,0,0
61483,ON,2,0,0.00,28.00,128.00,-3.12,99,99,0.00,0,0.00,99.61,99.61,0.25,0.00,0.00,0,0,0,0
61588,ON,2,0,0.00,28.00,128.00,-3.12,99,99,0.00,0,0.00,99.61,99.61,0.25,0.00,0.00,0,0,0,0
61693,ON,2,0,0.00,28.00,128.00,-3.12,99,99,0.00,0,0.00,99.61,99.61,0.25,0.00,0.00,0,0,0,0
61798,ON,2,0,0.00,28.00,128.00,-3.12,99,99,0.00,0,0.00,99.61,99.61,0.25,0.00,0.00,0,0,0,0
61903,ON,2,0,0.00,28.00,128.00,-3.12,99,99,0.00,0,0.00,99.61,99.61,0.25,0.00,0.00,0,0,0,0
62008,ON,2,0,0.00,28.00,128.00,-3.12,99,99,0.00,0,0.00,99.61,99.61,0.25,0.00,0.00,0,0,0,0
62116,ON,2,0,0.00,28.00,128.00,-3.12,99,99,0.00,0,0.00,99.61,99.61,0.25,0.00,0.00,0,0,0,0
62221,ON,2,0,0.00,28.00,128.00,-3.12,99,99,0.00,0,0.00,99.61,99.61,0.25,0.00,0.00,0,0,0,0
62326,ON,2,0,0.00,28.00,128.00,-3.12,99,99,0.00,0,0.00,99.61,99.61,0.25,0.00,0.00,0,0,0,0
62431,ON,2,0,0.00,28.00,128.00,-3.12,99,99,0.00,0,0.00,99.61,99.61,0.25,0.00,0.00,0,0,0,0
62536,ON,2,0,0.00,28.00,128.00,-3.12,99,99,0.00,0,0.00,99.61,99.61,0.25,0.00,0.00,0,0,0,0
62641,ON,2,0,0.00,28.00,128.00,-3.12,99,99,0.00,0,0.00,99.61,99.61,0.25,0.00,0.00,0,0,0,0
62749,ON,2,0,0.00,28.00,128.00,-3.12,99,99,0.00,0,0.00,99.61,99.61,0.25,0.00,0.00,0,0,0,0
62854,ON,2,0,0.00,28.00,128.00,-3.12,99,99,0.00,0,0.00,99.61,99.61,0.25,0.00,0.00,0,0,0,0
62959,ON,2,0,0.00,28.00,128.00,-3.12,99,99,0.00,0,0.00,99.61,99.61,0.25,0.00,0.00,0,0,0,0
63064,ON,2,0,0.00,28.00,128.00,-3.12,99,99,0.00,0,0.00,99.61,99.61,0.25,0.00,0.00,0,0,0,0
63169,ON,2,0,0.00,28.00,128.00,-3.12,99,99,0.00,0,0.00,99.61,99.61,0.25,0.00,0.00,0,0,0,0
63274,ON,2,0,0.00,28.00,128.00,-3.12,99,99,0.00,0,0.00,99.61,99.61,0.25,0.00,0.00,0,0,0,0
63382,ON,2,0,0.00,28.00,128.00,-3.12,99,99,0.00,0,0.00,99.61,99.61,0.25,0.00,0.00,0,0,0,0
63487,ON,2,0,0.00,28.00,128.00,-3.12,99,99,0.00,0,0.00,99.61,99.61,0.25,0.00,0.00,0,0,0,0
63592,ON,2,0,0.00,28.00,128.00,-3.12,99,99,0.00,0,0.00,99.61,99.61,0.25,0.00,0.00,0,0,0,0
63697,ON,2,0,0.00,28.00,128.00,-3.12,99,99,0.00,0,0.00,99.61,99.61,0.25,0.00,0.00,0,0,0,0
63802,ON,2,0,0.00,28.00,128.00,-3.12,99,99,0.00,0,0.00,99.61,99.61,0.25,0.00,0.00,0,0,0,0
63907,ON,2,0,0.00,28.00,128.00,-3.12,99,99,0.00,0,0.00,99.61,99.61,0.25,0.00,0.00,0,0,0,0
64015,ON,2,0,0.00,28.00,128.00,-3.12,99,99,0.00,0,0.00,99.61,99.61,0.25,0.00,0.00,0,0,0,0
64119,ON,2,0,0.00,28.00,128.00,-3.12,99,99,0.00,0,0.00,99.61,99.61,0.25,0.00,0.00,0,0,0,0
64223,ON,2,0,0.00,28.00,128.00,-3.12,99,99,0.00,0,0.00,99.61,99.61,0.25,0.00,0.00,0,0,0,0
64327,ON,2,0,0.00,28.00,128.00,-3.12,99,99,0.00,0,0.00,99.61,99.61,0.25,0.00,0.00,0,0,0,0
64431,ON,2,0,0.00,28.00,128.00,-3.12,99,99,0.00,0,0.00,99.61,99.61,0.25,0.00,0.00,0,0,0,0
64536,ON,2,0,0.00,28.00,128.00,-3.12,99,99,0.00,0,0.00,99.61,99.61,0.25,0.00,0.00,0,0,0,0
64644,ON,2,0,0.00,28.00,128.00,-3.12,99,99,0.00,0,0.00,99.61,99.61,0.25,0.00,0.00,0,0,0,0
64749,ON,2,0,0.00,28.00,128.00,-3.12,99,99,0.00,0,0.00,99.61,99.61,0.25,0.00,0.00,0,0,0,0
64853,ON,2,0,0.00,28.00,128.00,-3.12,99,99,0.00,0,0.00,99.61,99.61,0.25,0.00,0.00,0,0,0,0
64957,ON,2,0,0.00,28.00,128.00,-3.12,99,99,0.00,0,0.00,99.61,99.61,0.25,0.00,0.00,0,0,0,0
65061,ON,2,0,0.00,28.00,128.00,-3.12,99,99,0.00,0,0.00,99.61,99.61,0.25,0.00,0.00,0,0,0,0
65166,ON,2,0,0.00,28.00,128.00,-3.12,99,99,0.00,0,0.00,99.61,99.61,0.25,0.00,0.00,0,0,0,0
65274,ON,2,0,0.00,28.00,128.00,-3.12,99,99,0.00,0,0.00,99.61,99.61,0.25,0.00,0.00,0,0,0,0
65378,ON,2,0,0.00,28.00,128.00,-3.12,99,99,0.00,0,0.00,99.61,99.61,0.25,0.00,0.00,0,0,0,0
65482,ON,2,0,0.00,28.00,128.00,-3.12,99,99,0.00,0,0.00,99.61,99.61,0.25,0.00,0.00,0,0,0,0
65587,ON,2,0,0.00,28.00,128.00,-3.12,99,99,0.00,0,0.00,99.61,99.61,0.25,0.00,0.00,0,0,0,0
65692,ON,2,0,0.00,28.00,128.00,-3.12,99,99,0.00,0,0.00,99.61,99.61,0.25,0.00,0.00,0,0,0,0
65796,ON,2,0,0.00,28.00,128.00,-3.12,99,99,0.00,0,0.00,99.61,99.61,0.25,0.00,0.00,0,0,0,0
65904,ON,2,0,0.00,28.00,128.00,-3.12,99,99,0.00,0,0.00,99.61,99.61,0.25,0.00,0.00,0,0,0,0
66008,ON,2,0,0.00,28.00,128.00,-3.12,99,99,0.00,0,0.00,99.61,99.61,0.25,0.00,0.00,0,0,0,0
66112,ON,2,0,0.00,28.00,128.00,-3.12,99,99,0.00,0,0.00,99.61,99.61,0.25,0.00,0.00,0,0,0,0
66216,ON,2,0,0.00,28.00,128.00,-3.12,99,99,0.00,0,0.00,99.61,99.61,0.25,0.00,0.00,0,0,0,0
66321,ON,2,0,0.00,28.00,128.00,-3.12,99,99,0.00,0,0.00,99.61,99.61,0.25,0.00,0.00,0,0,0,0
66425,ON,2,0,0.00,28.00,128.00,-3.12,99,99,0.00,0,0.00,99.61,99.61,0.25,0.00,0.00,0,0,0,0
66533,ON,2,0,0.00,28.00,128.00,-3.12,99,99,0.00,0,0.00,99.61,99.61,0.25,0.00,0.00,0,0,0,0
66637,ON,2,0,0.00,28.00,128.00,-3.12,99,99,0.00,0,0.00,99.61,99.61,0.25,0.00,0.00,0,0,0,0
66742,ON,2,0,0.00,28.00,128.00,-3.12,99,99,0.00,0,0.00,99.61,99.61,0.25,0.00,0.00,0,0,0,0
66847,ON,2,0,0.00,28.00,128.00,-3.12,99,99,0.00,0,0.00,99.61,99.61,0.25,0.00,0.00,0,0,0,0
66951,ON,2,0,0.00,28.00,128.00,-3.12,99,99,0.00,0,0.00,99.61,99.61,0.25,0.00,0.00,0,0,0,0
67055,ON,2,0,0.00,28.00,128.00,-3.12,99,99,0.00,0,0.00,99.61,99.61,0.25,0.00,0.00,0,0,0,0
67163,ON,2,0,0.00,28.00,128.00,-3.12,99,99,0.00,0,0.00,99.61,99.61,0.25,0.00,0.00,0,0,0,0
67268,ON,2,0,0.00,28.00,128.00,-3.12,99,99,0.00,0,0.00,99.61,99.61,0.25,0.00,0.00,0,0,0,0
67373,ON,2,0,0.00,28.00,128.00,-3.12,99,99,0.00,0,0.00,99.61,99.61,0.25,0.00,0.00,0,0,0,0
67478,ON,2,0,0.00,28.00,128.00,-3.12,99,99,0.00,0,0.00,99.61,99.61,0.25,0.00,0.00,0,0,0,0
67583,ON,2,0,0.00,28.00,128.00,-3.12,99,99,0.00,0,0.00,99.61,99.61,0.25,0.00,0.00,0,0,0,0
67688,ON,2,0,0.00,28.00,128.00,-3.12,99,99,0.00,0,0.00,99.61,99.61,0.25,0.00,0.00,0,0,0,0
67796,ON,2,0,0.00,28.00,128.00,-3.12,99,99,0.00,0,0.00,99.61,99.61,0.25,0.00,0.00,0,0,0,0
67901,ON,2,0,0.00,28.00,128.00,-3.12,99,99,0.00,0,0.00,99.61,99.61,0.25,0.00,0.00,0,0,0,0
68011,ON,2,0,0.00,28.00,128.00,-3.12,99,99,0.00,0,0.00,99.61,99.61,0.25,0.00,0.00,0,0,0,0
68116,ON,2,0,0.00,28.00,128.00,-3.12,99,99,0.00,0,0.00,99.61,99.61,0.25,0.00,0.00,0,0,0,0
68220,ON,2,0,0.00,28.00,128.00,-3.12,99,99,0.00,0,0.00,99.61,99.61,0.25,0.00,0.00,0,0,0,0
68324,ON,2,0,0.00,28.00,128.00,-3.12,99,99,0.00,0,0.00,99.61,99.61,0.25,0.00,0.00,0,0,0,0
68432,ON,2,0,0.00,28.00,128.00,-3.12,99,99,0.00,0,0.00,99.61,99.61,0.25,0.00,0.00,0,0,0,0
68536,ON,2,0,0.00,28.00,128.00,-3.12,99,99,0.00,0,0.00,99.61,99.61,0.25,0.00,0.00,0,0,0,0
68641,ON,2,0,0.00,28.00,128.00,-3.12,99,99,0.00,0,0.00,99.61,99.61,0.25,0.00,0.00,0,0,0,0
68745,ON,2,0,0.00,28.00,128.00,-3.12,99,99,0.00,0,0.00,99.61,99.61,0.25,0.00,0.00,0,0,0,0
68850,ON,2,0,0.00,28.00,128.00,-3.12,99,99,0.00,0,0.00,99.61,99.61,0.25,0.00,0.00,0,0,0,0
68955,ON,2,0,0.00,28.00,128.00,-3.12,99,99,0.00,0,0.00,99.61,99.61,0.25,0.00,0.00,0,0,0,0
69063,ON,2,0,0.00,28.00,128.00,-3.12,99,99,0.00,0,0.00,99.61,99.61,0.25,0.00,0.00,0,0,0,0
69168,ON,2,0,0.00,28.00,128.00,-3.12,99,99,0.00,0,0.00,99.61,99.61,0.25,0.00,0.00,0,0,0,0
69273,ON,2,0,0.00,28.00,128.00,-3.12,99,99,0.00,0,0.00,99.61,99.61,0.25,0.00,0.00,0,0,0,0
69378,ON,2,0,0.00,28.00,128.00,-3.12,99,99,0.00,0,0.00,99.61,99.61,0.25,0.00,0.00,0,0,0,0
69483,ON,2,0,0.00,28.00,128.00,-3.12,99,99,0.00,0,0.00,99.61,99.61,0.25,0.00,0.00,0,0,0,0
69588,ON,2,0,0.00,28.00,128.00,-3.12,99,99,0.00,0,0.00,99.61,99.61,0.25,0.00,0.00,0,0,0,0
69696,ON,2,0,0.00,28.00,128.00,-3.12,99,99,0.00,0,0.00,99.61,99.61,0.25,0.00,0.00,0,0,0,0
69801,ON,2,0,0.00,28.00,128.00,-3.12,99,99,0.00,0,0.00,99.61,99.61,0.25,0.00,0.00,0,0,0,0
69906,ON,2,0,0.00,28.00,128.00,-3.12,99,99,0.00,0,0.00,99.61,99.61,0.25,0.00,0.00,0,0,0,0
70010,ON,2,0,0.00,28.00,128.00,-3.12,99,99,0.00,0,0.00,99.61,99.61,0.25,0.00,0.00,0,0,0,0
70114,ON,2,0,0.00,28.00,128.00,-3.12,99,99,0.00,0,0.00,99.61,99.61,0.25,0.00,0.00,0,0,0,0
70219,ON,2,0,0.00,28.00,128.00,-3.12,99,99,0.00,0,0.00,99.61,99.61,0.25,0.00,0.00,0,0,0,0
70327,ON,2,0,0.00,28.00,128.00,-3.12,99,99,0.00,0,0.00,99.61,99.61,0.25,0.00,0.00,0,0,0,0
70432,ON,2,0,0.00,28.00,128.00,-3.12,99,99,0.00,0,0.00,99.61,99.61,0.25,0.00,0.00,0,0,0,0
70536,ON,2,0,0.00,28.00,128.00,-3.12,99,99,0.00,0,0.00,99.61,99.61,0.25,0.00,0.00,0,0,0,0
70641,ON,2,0,0.00,28.00,128.00,-3.12,99,99,0.00,0,0.00,99.61,99.61,0.25,0.00,0.00,0,0,0,0
70746,ON,2,0,0.00,28.00,128.00,-3.12,99,99,0.00,0,0.00,99.61,99.61,0.25,0.00,0.00,0,0,0,0
70850,ON,2,0,0.00,28.00,128.00,-3.12,99,99,0.00,0,0.00,99.61,99.61,0.25,0.00,0.00,0,0,0,0
70958,ON,2,0,0.00,28.00,128.00,-3.12,99,99,0.00,0,0.00,99.61,99.61,0.25,0.00,0.00,0,0,0,0
71063,ON,2,0,0.00,28.00,128.00,-3.12,99,99,0.00,0,0.00,99.61,99.61,0.25,0.00,0.00,0,0,0,0
71167,ON,2,0,0.00,28.00,128.00,-3.12,99,99,0.00,0,0.00,99.61,99.61,0.25,0.00,0.00,0,0,0,0
71271,ON,2,0,0.00,28.00,128.00,-3.12,99,99,0.00,0,0.00,99.61,99.61,0.25,0.00,0.00,0,0,0,0
71375,ON,2,0,0.00,28.00,128.00,-3.12,99,99,0.00,0,0.00,99.61,99.61,0.25,0.00,0.00,0,0,0,0
71480,ON,2,0,0.00,28.00,128.00,-3.12,99,99,0.00,0,0.00,99.61,99.61,0.25,0.00,0.00,0,0,0,0
71588,ON,2,0,0.00,28.00,128.00,-3.12,99,99,0.00,0,0.00,99.61,99.61,0.25,0.00,0.00,0,0,0,0
71693,ON,2,0,0.00,28.00,128.00,-3.12,99,99,0.00,0,0.00,99.61,99.61,0.25,0.00,0.00,0,0,0,0
71798,ON,2,0,0.00,28.00,128.00,-3.12,99,99,0.00,0,0.00,99.61,99.61,0.25,0.00,0.00,0,0,0,0
71903,ON,2,0,0.00,28.00,128.00,-3.12,99,99,0.00,0,0.00,99.61,99.61,0.25,0.00,0.00,0,0,0,0
72007,ON,2,0,0.00,28.00,128.00,-3.12,99,99,0.00,0,0.00,99.61,99.61,0.25,0.00,0.00,0,0,0,0
72112,ON,2,0,0.00,28.00,128.00,-3.12,99,99,0.00,0,0.00,99.61,99.61,0.25,0.00,0.00,0,0,0,0
72220,ON,2,0,0.00,28.00,128.00,-3.12,99,99,0.00,0,0.00,99.61,99.61,0.25,0.00,0.00,0,0,0,0
72325,ON,2,0,0.00,28.00,128.00,-3.12,99,99,0.00,0,0.00,99.61,99.61,0.25,0.00,0.00,0,0,0,0
72430,ON,2,0,0.00,28.00,128.00,-3.12,99,99,0.00,0,0.00,99.61,99.61,0.25,0.00,0.00,0,0,0,0
72535,ON,2,0,0.00,28.00,128.00,-3.12,99,99,0.00,0,0.00,99.61,99.61,0.25,0.00,0.00,0,0,0,0
72639,ON,2,0,0.00,28.00,128.00,-3.12,99,99,0.00,0,0.00,99.61,99.61,0.25,0.00,0.00,0,0,0,0
72743,ON,2,0,0.00,28.00,128.00,-3.12,99,99,0.00,0,0.00,99.61,99.61,0.25,0.00,0.00,0,0,0,0
72851,ON,2,0,0.00,28.00,128.00,-3.12,99,99,0.00,0,0.00,99.61,99.61,0.25,0.00,0.00,0,0,0,0
72956,ON,2,0,0.00,28.00,128.00,-3.12,99,99,0.00,0,0.00,99.61,99.61,0.25,0.00,0.00,0,0,0,0
73060,ON,2,0,0.00,28.00,128.00,-3.12,99,99,0.00,0,0.00,99.61,99.61,0.25,0.00,0.00,0,0,0,0
73165,ON,2,0,0.00,28.00,128.00,-3.12,99,99,0.00,0,0.00,99.61,99.61,0.25,0.00,0.00,0,0,0,0
73270,ON,2,0,0.00,28.00,128.00,-3.12,99,99,0.00,0,0.00,99.61,99.61,0.25,0.00,0.00,0,0,0,0
73375,ON,2,0,0.00,28.00,128.00,-3.12,99,99,0.00,0,0.00,99.61,99.61,0.25,0.00,0.00,0,0,0,0
73483,ON,2,0,0.00,28.00,128.00,-3.12,99,99,0.00,0,0.00,99.61,99.61,0.25,0.00,0.00,0,0,0,0
73588,ON,2,0,0.00,28.00,128.00,-3.12,99,99,0.00,0,0.00,99.61,99.61,0.25,0.00,0.00,0,0,0,0
73692,ON,2,0,0.00,28.00,128.00,-3.12,99,99,0.00,0,0.00,99.61,99.61,0.25,0.00,0.00,0,0,0,0
73797,ON,2,0,0.00,28.00,128.00,-3.12,99,99,0.00,0,0.00,99.61,99.61,0.25,0.00,0.00,0,0,0,0
73901,ON,2,0,0.00,28.00,128.00,-3.12,99,99,0.00,0,0.00,99.61,99.61,0.25,0.00,0.00,0,0,0,0
74006,ON,2,0,0.00,28.00,128.00,-3.12,99,99,0.00,0,0.00,99.61,99.61,0.25,0.00,0.00,0,0,0,0
74114,ON,2,0,0.00,28.00,128.00,-3.12,99,99,0.00,0,0.00,99.61,99.61,0.25,0.00,0.00,0,0,0,0
74219,ON,2,0,0.00,28.00,128.00,-3.12,99,99,0.00,0,0.00,99.61,99.61,0.25,0.00,0.00,0,0,0,0
74324,ON,2,0,0.00,28.00,128.00,-3.12,99,99,0.00,0,0.00,99.61,99.61,0.25,0.00,0.00,0,0,0,0
74429,ON,2,0,0.00,28.00,128.00,-3.12,99,99,0.00,0,0.00,99.61,99.61,0.25,0.00,0.00,0,0,0,0
74534,ON,2,0,0.00,28.00,128.00,-3.12,99,99,0.00,0,0.00,99.61,99.61,0.25,0.00,0.00,0,0,0,0
74639,ON,2,0,0.00,28.00,128.00,-3.12,99,99,0.00,0,0.00,99.61,99.61,0.25,0.00,0.00,0,0,0,0
74747,ON,2,0,0.00,28.00,128.00,-3.12,99,99,0.00,0,0.00,99.61,99.61,0.25,0.00,0.00,0,0,0,0
74852,ON,2,0,0.00,28.00,128.00,-3.12,99,99,0.00,0,0.00,99.61,99.61,0.25,0.00,0.00,0,0,0,0
74957,ON,2,0,0.00,28.00,128.00,-3.12,99,99,0.00,0,0.00,99.61,99.61,0.25,0.00,0.00,0,0,0,0
75062,ON,2,0,0.00,28.00,128.00,-3.12,99,99,0.00,0,0.00,99.61,99.61,0.25,0.00,0.00,0,0,0,0
75167,ON,2,0,0.00,28.00,128.00,-3.12,99,99,0.00,0,0.00,99.61,99.61,0.25,0.00,0.00,0,0,0,0
75272,ON,2,0,0.00,28.00,128.00,-3.12,99,99,0.00,0,0.00,99.61,99.61,0.25,0.00,0.00,0,0,0,0
75380,ON,2,0,0.00,28.00,128.00,-3.12,99,99,0.00,0,0.00,99.61,99.61,0.25,0.00,0.00,0,0,0,0
75485,ON,2,0,0.00,28.00,128.00,-3.12,99,99,0.00,0,0.00,99.61,99.61,0.25,0.00,0.00,0,0,0,0
75589,ON,2,0,0.00,28.00,128.00,-3.12,99,99,0.00,0,0.00,99.61,99.61,0.25,0.00,0.00,0,0,0,0
75694,ON,2,0,0.00,28.00,128.00,-3.12,99,99,0.00,0,0.00,99.61,99.61,0.25,0.00,0.00,0,0,0,0
75798,ON,2,0,0.00,28.00,128.00,-3.12,99,99,0.00,0,0.00,99.61,99.61,0.25,0.00,0.00,0,0,0,0
75902,ON,2,0,0.00,28.00,128.00,-3.12,99,99,0.00,0,0.00,99.61,99.61,0.25,0.00,0.00,0,0,0,0
76010,ON,2,0,0.00,28.00,128.00,-3.12,99,99,0.00,0,0.00,99.61,99.61,0.25,0.00,0.00,0,0,0,0
76114,ON,2,0,0.00,28.00,128.00,-3.12,99,99,0.00,0,0.00,99.61,99.61,0.25,0.00,0.00,0,0,0,0
76218,ON,2,0,0.00,28.00,128.00,-3.12,99,99,0.00,0,0.00,99.61,99.61,0.25,0.00,0.00,0,0,0,0
76322,ON,2,0,0.00,28.00,128.00,-3.12,99,99,0.00,0,0.00,99.61,99.61,0.25,0.00,0.00,0,0,0,0
76428,ON,2,0,0.00,28.00,128.00,-3.12,99,99,0.00,0,0.00,99.61,99.61,0.25,0.00,0.00,0,0,0,0
76536,ON,2,0,0.00,28.00,128.00,-3.12,99,99,0.00,0,0.00,99.61,99.61,0.25,0.00,0.00,0,0,0,0
76640,ON,2,0,0.00,28.00,128.00,-3.12,99,99,0.00,0,0.00,99.61,99.61,0.25,0.00,0.00,0,0,0,0
76744,ON,2,0,0.00,28.00,128.00,-3.12,99,99,0.00,0,0.00,99.61,99.61,0.25,0.00,0.00,0,0,0,0
76848,ON,2,0,0.00,28.00,128.00,-3.12,99,99,0.00,0,0.00,99.61,99.61,0.25,0.00,0.00,0,0,0,0
76952,ON,2,0,0.00,28.00,128.00,-3.12,99,99,0.00,0,0.00,99.61,99.61,0.25,0.00,0.00,0,0,0,0
77057,ON,2,0,0.00,28.00,128.00,-3.12,99,99,0.00,0,0.00,99.61,99.61,0.25,0.00,0.00,0,0,0,0
77165,ON,2,0,0.00,28.00,128.00,-3.12,99,99,0.00,0,0.00,99.61,99.61,0.25,0.00,0.00,0,0,0,0
77270,ON,2,0,0.00,28.00,128.00,-3.12,99,99,0.00,0,0.00,99.61,99.61,0.25,0.00,0.00,0,0,0,0
77375,ON,2,0,0.00,28.00,128.00,-3.12,99,99,0.00,0,0.00,99.61,99.61,0.25,0.00,0.00,0,0,0,0
77479,ON,2,0,0.00,28.00,128.00,-3.12,99,99,0.00,0,0.00,99.61,99.61,0.25,0.00,0.00,0,0,0,0
77584,ON,2,0,0.00,28.00,128.00,-3.12,99,99,0.00,0,0.00,99.61,99.61,0.25,0.00,0.00,0,0,0,0
77688,ON,2,0,0.00,28.00,128.00,-3.12,99,99,0.00,0,0.00,99.61,99.61,0.25,0.00,0.00,0,0,0,0
77796,ON,2,0,0.00,28.00,128.00,-3.12,99,99,0.00,0,0.00,99.61,99.61,0.25,0.00,0.00,0,0,0,0
77900,ON,2,0,0.00,28.00,128.00,-3.12,99,99,0.00,0,0.00,99.61,99.61,0.25,0.00,0.00,0,0,0,0
78004,ON,2,0,0.00,28.00,128.00,-3.12,99,99,0.00,0,0.00,99.61,99.61,0.25,0.00,0.00,0,0,0,0
78109,ON,2,0,0.00,28.00,128.00,-3.12,99,99,0.00,0,0.00,99.61,99.61,0.25,0.00,0.00,0,0,0,0
78214,ON,2,0,0.00,28.00,128.00,-3.12,99,99,0.00,0,0.00,99.61,99.61,0.25,0.00,0.00,0,0,0,0
78319,ON,2,0,0.00,28.00,128.00,-3.12,99,99,0.00,0,0.00,99.61,99.61,0.25,0.00,0.00,0,0,0,0
78427,ON,2,0,0.00,28.00,128.00,-3.12,99,99,0.00,0,0.00,99.61,99.61,0.25,0.00,0.00,0,0,0,0
78532,ON,2,0,0.00,28.00,128.00,-3.12,99,99,0.00,0,0.00,99.61,99.61,0.25,0.00,0.00,0,0,0,0
78637,ON,2,0,0.00,28.00,128.00,-3.12,99,99,0.00,0,0.00,99.61,99.61,0.25,0.00,0.00,0,0,0,0
78742,ON,2,0,0.00,28.00,128.00,-3.12,99,99,0.00,0,0.00,99.61,99.61,0.25,0.00,0.00,0,0,0,0
78846,ON,2,0,0.00,28.00,128.00,-3.12,99,99,0.00,0,0.00,99.61,99.61,0.25,0.00,0.00,0,0,0,0
78951,ON,2,0,0.00,28.00,128.00,-3.12,99,99,0.00,0,0.00,99.61,99.61,0.25,0.00,0.00,0,0,0,0
79059,ON,2,0,0.00,28.00,128.00,-3.12,99,99,0.00,0,0.00,99.61,99.61,0.25,0.00,0.00,0,0,0,0
79164,ON,2,0,0.00,28.00,128.00,-3.12,99,99,0.00,0,0.00,99.61,99.61,0.25,0.00,0.00,0,0,0,0
79268,ON,2,0,0.00,28.00,128.00,-3.12,99,99,0.00,0,0.00,99.61,99.61,0.25,0.00,0.00,0,0,0,0
79373,ON,2,0,0.00,28.00,128.00,-3.12,99,99,0.00,0,0.00,99.61,99.61,0.25,0.00,0.00,0,0,0,0
79477,ON,2,0,0.00,28.00,128.00,-3.12,99,99,0.00,0,0.00,99.61,99.61,0.25,0.00,0.00,0,0,0,0
79581,ON,2,0,0.00,28.00,128.00,-3.12,99,99,0.00,0,0.00,99.61,99.61,0.25,0.00,0.00,0,0,0,0
79689,ON,2,0,0.00,28.00,128.00,-3.12,99,99,0.00,0,0.00,99.61,99.61,0.25,0.00,0.00,0,0,0,0
79794,ON,2,0,0.00,28.00,128.00,-3.12,99,99,0.00,0,0.00,99.61,99.61,0.25,0.00,0.00,0,0,0,0
79899,ON,2,0,0.00,28.00,128.00,-3.12,99,99,0.00,0,0.00,99.61,99.61,0.25,0.00,0.00,0,0,0,0
80004,ON,2,0,0.00,28.00,128.00,-3.12,99,99,0.00,0,0.00,99.61,99.61,0.25,0.00,0.00,0,0,0,0
80109,ON,2,0,0.00,28.00,128.00,-3.12,99,99,0.00,0,0.00,99.61,99.61,0.25,0.00,0.00,0,0,0,0
80214,ON,2,0,0.00,28.00,128.00,-3.12,99,99,0.00,0,0.00,99.61,99.61,0.25,0.00,0.00,0,0,0,0
80322,ON,2,0,0.00,28.00,128.00,-3.12,99,99,0.00,0,0.00,99.61,99.61,0.25,0.00,0.00,0,0,0,0
80426,ON,2,0,0.00,28.00,128.00,-3.12,99,99,0.00,0,0.00,99.61,99.61,0.25,0.00,0.00,0,0,0,0
80531,ON,2,0,0.00,28.00,128.00,-3.12,99,99,0.00,0,0.00,99.61,99.61,0.25,0.00,0.00,0,0,0,0
80636,ON,2,0,0.00,28.00,128.00,-3.12,99,99,0.00,0,0.00,99.61,99.61,0.25,0.00,0.00,0,0,0,0
80740,ON,2,0,0.00,28.00,128.00,-3.12,99,99,0.00,0,0.00,99.61,99.61,0.25,0.00,0.00,0,0,0,0
80844,ON,2,0,0.00,28.00,128.00,-3.12,99,99,0.00,0,0.00,99.61,99.61,0.25,0.00,0.00,0,0,0,0
80952,ON,2,0,0.00,28.00,128.00,-3.12,99,99,0.00,0,0.00,99.61,99.61,0.25,0.00,0.00,0,0,0,0
81056,ON,2,0,0.00,28.00,128.00,-3.12,99,99,0.00,0,0.00,99.61,99.61,0.25,0.00,0.00,0,0,0,0
81161,ON,2,0,0.00,28.00,128.00,-3.12,99,99,0.00,0,0.00,99.61,99.61,0.25,0.00,0.00,0,0,0,0
81265,ON,2,0,0.00,28.00,128.00,-3.12,99,99,0.00,0,0.00,99.61,99.61,0.25,0.00,0.00,0,0,0,0
81369,ON,2,0,0.00,28.00,128.00,-3.12,99,99,0.00,0,0.00,99.61,99.61,0.25,0.00,0.00,0,0,0,0
81474,ON,2,0,0.00,28.00,128.00,-3.12,99,99,0.00,0,0.00,99.61,99.61,0.25,0.00,0.00,0,0,0,0
81582,ON,2,0,0.00,28.00,128.00,-3.12,99,99,0.00,0,0.00,99.61,99.61,0.25,0.00,0.00,0,0,0,0
81687,ON,2,0,0.00,28.00,128.00,-3.12,99,99,0.00,0,0.00,99.61,99.61,0.25,0.00,0.00,0,0,0,0
81791,ON,2,0,0.00,28.00,128.00,-3.12,99,99,0.00,0,0.00,99.61,99.61,0.25,0.00,0.00,0,0,0,0
81895,ON,2,0,0.00,28.00,128.00,-3.12,99,99,0.00,0,0.00,99.61,99.61,0.25,0.00,0.00,0,0,0,0
81999,ON,2,0,0.00,28.00,128.00,-3.12,99,99,0.00,0,0.00,99.61,99.61,0.25,0.00,0.00,0,0,0,0
82104,ON,2,0,0.00,28.00,128.00,-3.12,99,99,0.00,0,0.00,99.61,99.61,0.25,0.00,0.00,0,0,0,0
82212,ON,2,0,0.00,28.00,128.00,-3.12,99,99,0.00,0,0.00,99.61,99.61,0.25,0.00,0.00,0,0,0,0
82317,ON,2,0,0.00,28.00,128.00,-3.12,99,99,0.00,0,0.00,99.61,99.61,0.25,0.00,0.00,0,0,0,0
82422,ON,2,0,0.00,28.00,128.00,-3.12,99,99,0.00,0,0.00,99.61,99.61,0.25,0.00,0.00,0,0,0,0
82527,ON,2,0,0.00,28.00,128.00,-3.12,99,99,0.00,0,0.00,99.61,99.61,0.25,0.00,0.00,0,0,0,0
82632,ON,2,0,0.00,28.00,128.00,-3.12,99,99,0.00,0,0.00,99.61,99.61,0.25,0.00,0.00,0,0,0,0
82737,ON,2,0,0.00,28.00,128.00,-3.12,99,99,0.00,0,0.00,99.61,99.61,0.25,0.00,0.00,0,0,0,0
82845,ON,2,0,0.00,28.00,128.00,-3.12,99,99,0.00,0,0.00,99.61,99.61,0.25,0.00,0.00,0,0,0,0
82950,ON,2,0,0.00,28.00,128.00,-3.12,99,99,0.00,0,0.00,99.61,99.61,0.25,0.00,0.00,0,0,0,0
83054,ON,2,0,0.00,28.00,128.00,-3.12,99,99,0.00,0,0.00,99.61,99.61,0.25,0.00,0.00,0,0,0,0
83159,ON,2,0,0.00,28.00,128.00,-3.12,99,99,0.00,0,0.00,99.61,99.61,0.25,0.00,0.00,0,0,0,0
83264,ON,2,0,0.00,28.00,128.00,-3.12,99,99,0.00,0,0.00,99.61,99.61,0.25,0.00,0.00,0,0,0,0
83369,ON,2,0,0.00,28.00,128.00,-3.12,99,99,0.00,0,0.00,99.61,99.61,0.25,0.00,0.00,0,0,0,0
83477,ON,2,0,0.00,28.00,128.00,-3.12,99,99,0.00,0,0.00,99.61,99.61,0.25,0.00,0.00,0,0,0,0
83582,ON,2,0,0.00,28.00,128.00,-3.12,99,99,0.00,0,0.00,99.61,99.61,0.25,0.00,0.00,0,0,0,0
83686,ON,2,0,0.00,28.00,128.00,-3.12,99,99,0.00,0,0.00,99.61,99.61,0.25,0.00,0.00,0,0,0,0
83791,ON,2,0,0.00,28.00,128.00,-3.12,99,99,0.00,0,0.00,99.61,99.61,0.25,0.00,0.00,0,0,0,0
83895,ON,2,0,0.00,28.00,128.00,-3.12,99,99,0.00,0,0.00,99.61,99.61,0.25,0.00,0.00,0,0,0,0
84000,ON,2,0,0.00,28.00,128.00,-3.12,99,99,0.00,0,0.00,99.61,99.61,0.25,0.00,0.00,0,0,0,0
84108,ON,2,0,0.00,28.00,128.00,-3.12,99,99,0.00,0,0.00,99.61,99.61,0.25,0.00,0.00,0,0,0,0
84213,ON,2,0,0.00,28.00,128.00,-3.12,99,99,0.00,0,0.00,99.61,99.61,0.25,0.00,0.00,0,0,0,0
84318,ON,2,0,0.00,28.00,128.00,-3.12,99,99,0.00,0,0.00,99.61,99.61,0.25,0.00,0.00,0,0,0,0
84423,ON,2,0,0.00,28.00,128.00,-3.12,99,99,0.00,0,0.00,99.61,99.61,0.25,0.00,0.00,0,0,0,0
84527,ON,2,0,0.00,28.00,128.00,-3.12,99,99,0.00,0,0.00,99.61,99.61,0.25,0.00,0.00,0,0,0,0
84632,ON,2,0,0.00,28.00,128.00,-3.12,99,99,0.00,0,0.00,99.61,99.61,0.25,0.00,0.00,0,0,0,0
84740,ON,2,0,0.00,28.00,128.00,-3.12,99,99,0.00,0,0.00,99.61,99.61,0.25,0.00,0.00,0,0,0,0
84845,ON,2,0,0.00,28.00,128.00,-3.12,99,99,0.00,0,0.00,99.61,99.61,0.25,0.00,0.00,0,0,0,0
84949,ON,2,0,0.00,28.00,128.00,-3.12,99,99,0.00,0,0.00,99.61,99.61,0.25,0.00,0.00,0,0,0,0
85054,ON,2,0,0.00,28.00,128.00,-3.12,99,99,0.00,0,0.00,99.61,99.61,0.25,0.00,0.00,0,0,0,0
85159,ON,2,0,0.00,28.00,128.00,-3.12,99,99,0.00,0,0.00,99.61,99.61,0.25,0.00,0.00,0,0,0,0
85263,ON,2,0,0.00,28.00,128.00,-3.12,99,99,0.00,0,0.00,99.61,99.61,0.25,0.00,0.00,0,0,0,0
85371,ON,2,0,0.00,28.00,128.00,-3.12,99,99,0.00,0,0.00,99.61,99.61,0.25,0.00,0.00,0,0,0,0
85475,ON,2,0,0.00,28.00,128.00,-3.12,99,99,0.00,0,0.00,99.61,99.61,0.25,0.00,0.00,0,0,0,0
85579,ON,2,0,0.00,28.00,128.00,-3.12,99,99,0.00,0,0.00,99.61,99.61,0.25,0.00,0.00,0,0,0,0
85683,ON,2,0,0.00,28.00,128.00,-3.12,99,99,0.00,0,0.00,99.61,99.61,0.25,0.00,0.00,0,0,0,0
85787,ON,2,0,0.00,28.00,128.00,-3.12,99,99,0.00,0,0.00,99.61,99.61,0.25,0.00,0.00,0,0,0,0
85891,ON,2,0,0.00,28.00,128.00,-3.12,99,99,0.00,0,0.00,99.61,99.61,0.25,0.00,0.00,0,0,0,0
85998,ON,2,0,0.00,28.00,128.00,-3.12,99,99,0.00,0,0.00,99.61,99.61,0.25,0.00,0.00,0,0,0,0
86102,ON,2,0,0.00,28.00,128.00,-3.12,99,99,0.00,0,0.00,99.61,99.61,0.25,0.00,0.00,0,0,0,0
86206,ON,2,0,0.00,28.00,128.00,-3.12,99,99,0.00,0,0.00,99.61,99.61,0.25,0.00,0.00,0,0,0,0
86310,ON,2,0,0.00,28.00,128.00,-3.12,99,99,0.00,0,0.00,99.61,99.61,0.25,0.00,0.00,0,0,0,0
86414,ON,2,0,0.00,28.00,128.00,-3.12,99,99,0.00,0,0.00,99.61,99.61,0.25,0.00,0.00,0,0,0,0
86519,ON,2,0,0.00,28.00,128.00,-3.12,99,99,0.00,0,0.00,99.61,99.61,0.25,0.00,0.00,0,0,0,0
86627,ON,2,0,0.00,28.00,128.00,-3.12,99,99,0.00,0,0.00,99.61,99.61,0.25,0.00,0.00,0,0,0,0
86732,ON,2,0,0.00,28.00,128.00,-3.12,99,99,0.00,0,0.00,99.61,99.61,0.25,0.00,0.00,0,0,0,0
86836,ON,2,0,0.00,28.00,128.00,-3.12,99,99,0.00,0,0.00,99.61,99.61,0.25,0.00,0.00,0,0,0,0
86941,ON,2,0,0.00,28.00,128.00,-3.12,99,99,0.00,0,0.00,99.61,99.61,0.25,0.00,0.00,0,0,0,0
87046,ON,2,0,0.00,28.00,128.00,-3.12,99,99,0.00,0,0.00,99.61,99.61,0.25,0.00,0.00,0,0,0,0
87151,ON,2,0,0.00,28.00,128.00,-3.12,99,99,0.00,0,0.00,99.61,99.61,0.25,0.00,0.00,0,0,0,0
87259,ON,2,0,0.00,28.00,128.00,-3.12,99,99,0.00,0,0.00,99.61,99.61,0.25,0.00,0.00,0,0,0,0
87363,ON,2,0,0.00,28.00,128.00,-3.12,99,99,0.00,0,0.00,99.61,99.61,0.25,0.00,0.00,0,0,0,0
87467,ON,2,0,0.00,28.00,128.00,-3.12,99,99,0.00,0,0.00,99.61,99.61,0.25,0.00,0.00,0,0,0,0
87571,ON,2,0,0.00,28.00,128.00,-3.12,99,99,0.00,0,0.00,99.61,99.61,0.25,0.00,0.00,0,0,0,0
87675,ON,2,0,0.00,28.00,128.00,-3.12,99,99,0.00,0,0.00,99.61,99.61,0.25,0.00,0.00,0,0,0,0
87779,ON,2,0,0.00,28.00,128.00,-3.12,99,99,0.00,0,0.00,99.61,99.61,0.25,0.00,0.00,0,0,0,0
87887,ON,2,0,0.00,28.00,128.00,-3.12,99,99,0.00,0,0.00,99.61,99.61,0.25,0.00,0.00,0,0,0,0
87991,ON,2,0,0.00,28.00,128.00,-3.12,99,99,0.00,0,0.00,99.61,99.61,0.25,0.00,0.00,0,0,0,0
88095,ON,2,0,0.00,28.00,128.00,-3.12,99,99,0.00,0,0.00,99.61,99.61,0.25,0.00,0.00,0,0,0,0
88200,ON,2,0,0.00,28.00,128.00,-3.12,99,99,0.00,0,0.00,99.61,99.61,0.25,0.00,0.00,0,0,0,0
88305,ON,2,0,0.00,28.00,128.00,-3.12,99,99,0.00,0,0.00,99.61,99.61,0.25,0.00,0.00,0,0,0,0
88409,ON,2,0,0.00,28.00,128.00,-3.12,99,99,0.00,0,0.00,99.61,99.61,0.25,0.00,0.00,0,0,0,0
88517,ON,2,0,0.00,28.00,128.00,-3.12,99,99,0.00,0,0.00,99.61,99.61,0.25,0.00,0.00,0,0,0,0
88621,ON,2,0,0.00,28.00,128.00,-3.12,99,99,0.00,0,0.00,99.61,99.61,0.25,0.00,0.00,0,0,0,0
88725,ON,2,0,0.00,28.00,128.00,-3.12,99,99,0.00,0,0.00,99.61,99.61,0.25,0.00,0.00,0,0,0,0
88830,ON,2,0,0.00,28.00,128.00,-3.12,99,99,0.00,0,0.00,99.61,99.61,0.25,0.00,0.00,0,0,0,0
88934,ON,2,0,0.00,28.00,128.00,-3.12,99,99,0.00,0,0.00,99.61,99.61,0.25,0.00,0.00,0,0,0,0
89038,ON,2,0,0.00,28.00,128.00,-3.12,99,99,0.00,0,0.00,99.61,99.61,0.25,0.00,0.00,0,0,0,0
89146,ON,2,0,0.00,28.00,128.00,-3.12,99,99,0.00,0,0.00,99.61,99.61,0.25,0.00,0.00,0,0,0,0
89250,ON,2,0,0.00,28.00,128.00,-3.12,99,99,0.00,0,0.00,99.61,99.61,0.25,0.00,0.00,0,0,0,0
89355,ON,2,0,0.00,28.00,128.00,-3.12,99,99,0.00,0,0.00,99.61,99.61,0.25,0.00,0.00,0,0,0,0
89459,ON,2,0,0.00,28.00,128.00,-3.12,99,99,0.00,0,0.00,99.61,99.61,0.25,0.00,0.00,0,0,0,0
89563,ON,2,0,0.00,28.00,128.00,-3.12,99,99,0.00,0,0.00,99.61,99.61,0.25,0.00,0.00,0,0,0,0
89667,ON,2,0,0.00,28.00,128.00,-3.12,99,99,0.00,0,0.00,99.61,99.61,0.25,0.00,0.00,0,0,0,0
89775,ON,2,0,0.00,28.00,128.00,-3.12,99,99,0.00,0,0.00,99.61,99.61,0.25,0.00,0.00,0,0,0,0
89879,ON,2,0,0.00,28.00,128.00,-3.12,99,99,0.00,0,0.00,99.61,99.61,0.25,0.00,0.00,0,0,0,0
89984,ON,2,0,0.00,28.00,128.00,-3.12,99,99,0.00,0,0.00,99.61,99.61,0.25,0.00,0.00,0,0,0,0
90088,ON,2,0,0.00,28.00,128.00,-3.12,99,99,0.00,0,0.00,99.61,99.61,0.25,0.00,0.00,0,0,0,0
90192,ON,2,0,0.00,28.00,128.00,-3.12,99,99,0.00,0,0.00,99.61,99.61,0.25,0.00,0.00,0,0,0,0
90297,ON,2,0,0.00,28.00,128.00,-3.12,99,99,0.00,0,0.00,99.61,99.61,0.25,0.00,0.00,0,0,0,0
90405,ON,2,0,0.00,28.00,128.00,-3.12,99,99,0.00,0,0.00,99.61,99.61,0.25,0.00,0.00,0,0,0,0
90509,ON,2,0,0.00,28.00,128.00,-3.12,99,99,0.00,0,0.00,99.61,99.61,0.25,0.00,0.00,0,0,0,0
90614,ON,2,0,0.00,28.00,128.00,-3.12,99,99,0.00,0,0.00,99.61,99.61,0.25,0.00,0.00,0,0,0,0
90719,ON,2,0,0.00,28.00,128.00,-3.12,99,99,0.00,0,0.00,99.61,99.61,0.25,0.00,0.00,0,0,0,0
90824,ON,2,0,0.00,28.00,128.00,-3.12,99,99,0.00,0,0.00,99.61,99.61,0.25,0.00,0.00,0,0,0,0
90928,ON,2,0,0.00,28.00,128.00,-3.12,99,99,0.00,0,0.00,99.61,99.61,0.25,0.00,0.00,0,0,0,0
91036,ON,2,0,0.00,28.00,128.00,-3.12,99,99,0.00,0,0.00,99.61,99.61,0.25,0.00,0.00,0,0,0,0
91141,ON,2,0,0.00,28.00,128.00,-3.12,99,99,0.00,0,0.00,99.61,99.61,0.25,0.00,0.00,0,0,0,0
91246,ON,2,0,0.00,28.00,128.00,-3.12,99,99,0.00,0,0.00,99.61,99.61,0.25,0.00,0.00,0,0,0,0
91351,ON,2,0,0.00,28.00,128.00,-3.12,99,99,0.00,0,0.00,99.61,99.61,0.25,0.00,0.00,0,0,0,0
91456,ON,2,0,0.00,28.00,128.00,-3.12,99,99,0.00,0,0.00,99.61,99.61,0.25,0.00,0.00,0,0,0,0
91560,ON,2,0,0.00,28.00,128.00,-3.12,99,99,0.00,0,0.00,99.61,99.61,0.25,0.00,0.00,0,0,0,0
91668,ON,2,0,0.00,28.00,128.00,-3.12,99,99,0.00,0,0.00,99.61,99.61,0.25,0.00,0.00,0,0,0,0
91773,ON,2,0,0.00,28.00,128.00,-3.12,99,99,0.00,0,0.00,99.61,99.61,0.25,0.00,0.00,0,0,0,0
91877,ON,2,0,0.00,28.00,128.00,-3.12,99,99,0.00,0,0.00,99.61,99.61,0.25,0.00,0.00,0,0,0,0
91981,ON,2,0,0.00,28.00,128.00,-3.12,99,99,0.00,0,0.00,99.61,99.61,0.25,0.00,0.00,0,0,0,0
92085,ON,2,0,0.00,28.00,128.00,-3.12,99,99,0.00,0,0.00,99.61,99.61,0.25,0.00,0.00,0,0,0,0
92189,ON,2,0,0.00,28.00,128.00,-3.12,99,99,0.00,0,0.00,99.61,99.61,0.25,0.00,0.00,0,0,0,0
92297,ON,2,0,0.00,28.00,128.00,-3.12,99,99,0.00,0,0.00,99.61,99.61,0.25,0.00,0.00,0,0,0,0
92402,ON,2,0,0.00,28.00,128.00,-3.12,99,99,0.00,0,0.00,99.61,99.61,0.25,0.00,0.00,0,0,0,0
92506,ON,2,0,0.00,28.00,128.00,-3.12,99,99,0.00,0,0.00,99.61,99.61,0.25,0.00,0.00,0,0,0,0
92611,ON,2,0,0.00,28.00,128.00,-3.12,99,99,0.00,0,0.00,99.61,99.61,0.25,0.00,0.00,0,0,0,0
92715,ON,2,0,0.00,28.00,128.00,-3.12,99,99,0.00,0,0.00,99.61,99.61,0.25,0.00,0.00,0,0,0,0
92819,ON,2,0,0.00,28.00,128.00,-3.12,99,99,0.00,0,0.00,99.61,99.61,0.25,0.00,0.00,0,0,0,0
92927,ON,2,0,0.00,28.00,128.00,-3.12,99,99,0.00,0,0.00,99.61,99.61,0.25,0.00,0.00,0,0,0,0
93031,ON,2,0,0.00,28.00,128.00,-3.12,99,99,0.00,0,0.00,99.61,99.61,0.25,0.00,0.00,0,0,0,0
93135,ON,2,0,0.00,28.00,128.00,-3.12,99,99,0.00,0,0.00,99.61,99.61,0.25,0.00,0.00,0,0,0,0
93240,ON,2,0,0.00,28.00,128.00,-3.12,99,99,0.00,0,0.00,99.61,99.61,0.25,0.00,0.00,0,0,0,0
93344,ON,2,0,0.00,28.00,128.00,-3.12,99,99,0.00,0,0.00,99.61,99.61,0.25,0.00,0.00,0,0,0,0
93449,ON,2,0,0.00,28.00,128.00,-3.12,99,99,0.00,0,0.00,99.61,99.61,0.25,0.00,0.00,0,0,0,0
93557,ON,2,0,0.00,28.00,128.00,-3.12,99,99,0.00,0,0.00,99.61,99.61,0.25,0.00,0.00,0,0,0,0
93662,ON,2,0,0.00,28.00,128.00,-3.12,99,99,0.00,0,0.00,99.61,99.61,0.25,0.00,0.00,0,0,0,0
93766,ON,2,0,0.00,28.00,128.00,-3.12,99,99,0.00,0,0.00,99.61,99.61,0.25,0.00,0.00,0,0,0,0
93870,ON,2,0,0.00,28.00,128.00,-3.12,99,99,0.00,0,0.00,99.61,99.61,0.25,0.00,0.00,0,0,0,0
93974,ON,2,0,0.00,28.00,128.00,-3.12,99,99,0.00,0,0.00,99.61,99.61,0.25,0.00,0.00,0,0,0,0
94079,ON,2,0,0.00,28.00,128.00,-3.12,99,99,0.00,0,0.00,99.61,99.61,0.25,0.00,0.00,0,0,0,0
94187,ON,2,0,0.00,28.00,128.00,-3.12,99,99,0.00,0,0.00,99.61,99.61,0.25,0.00,0.00,0,0,0,0
94292,ON,2,0,0.00,28.00,128.00,-3.12,99,99,0.00,0,0.00,99.61,99.61,0.25,0.00,0.00,0,0,0,0
94397,ON,2,0,0.00,28.00,128.00,-3.12,99,99,0.00,0,0.00,99.61,99.61,0.25,0.00,0.00,0,0,0,0
94502,ON,2,0,0.00,28.00,128.00,-3.12,99,99,0.00,0,0.00,99.61,99.61,0.25,0.00,0.00,0,0,0,0
94606,ON,2,0,0.00,28.00,128.00,-3.12,99,99,0.00,0,0.00,99.61,99.61,0.25,0.00,0.00,0,0,0,0
94710,ON,2,0,0.00,28.00,128.00,-3.12,99,99,0.00,0,0.00,99.61,99.61,0.25,0.00,0.00,0,0,0,0
94818,ON,2,0,0.00,28.00,128.00,-3.12,99,99,0.00,0,0.00,99.61,99.61,0.25,0.00,0.00,0,0,0,0
94923,ON,2,0,0.00,28.00,128.00,-3.12,99,99,0.00,0,0.00,99.61,99.61,0.25,0.00,0.00,0,0,0,0
95028,ON,2,0,0.00,28.00,128.00,-3.12,99,99,0.00,0,0.00,99.61,99.61,0.25,0.00,0.00,0,0,0,0
95132,ON,2,0,0.00,28.00,128.00,-3.12,99,99,0.00,0,0.00,99.61,99.61,0.25,0.00,0.00,0,0,0,0
95236,ON,2,0,0.00,28.00,128.00,-3.12,99,99,0.00,0,0.00,99.61,99.61,0.25,0.00,0.00,0,0,0,0
95340,ON,2,0,0.00,28.00,128.00,-3.12,99,99,0.00,0,0.00,99.61,99.61,0.25,0.00,0.00,0,0,0,0
95448,ON,2,0,0.00,28.00,128.00,-3.12,99,99,0.00,0,0.00,99.61,99.61,0.25,0.00,0.00,0,0,0,0
95552,ON,2,0,0.00,28.00,128.00,-3.12,99,99,0.00,0,0.00,99.61,99.61,0.25,0.00,0.00,0,0,0,0
95656,ON,2,0,0.00,28.00,128.00,-3.12,99,99,0.00,0,0.00,99.61,99.61,0.25,0.00,0.00,0,0,0,0
95761,ON,2,0,0.00,28.00,128.00,-3.12,99,99,0.00,0,0.00,99.61,99.61,0.25,0.00,0.00,0,0,0,0
95866,ON,2,0,0.00,28.00,128.00,-3.12,99,99,0.00,0,0.00,99.61,99.61,0.25,0.00,0.00,0,0,0,0
95971,ON,2,0,0.00,28.00,128.00,-3.12,99,99,0.00,0,0.00,99.61,99.61,0.25,0.00,0.00,0,0,0,0
96079,ON,2,0,0.00,28.00,128.00,-3.12,99,99,0.00,0,0.00,99.61,99.61,0.25,0.00,0.00,0,0,0,0
96184,ON,2,0,0.00,28.00,128.00,-3.12,99,99,0.00,0,0.00,99.61,99.61,0.25,0.00,0.00,0,0,0,0
96289,ON,2,0,0.00,28.00,128.00,-3.12,99,99,0.00,0,0.00,99.61,99.61,0.25,0.00,0.00,0,0,0,0
96394,ON,2,0,0.00,28.00,128.00,-3.12,99,99,0.00,0,0.00,99.61,99.61,0.25,0.00,0.00,0,0,0,0
96499,ON,2,0,0.00,28.00,128.00,-3.12,99,99,0.00,0,0.00,99.61,99.61,0.25,0.00,0.00,0,0,0,0
96604,ON,2,0,0.00,28.00,128.00,-3.12,99,99,0.00,0,0.00,99.61,99.61,0.25,0.00,0.00,0,0,0,0
96712,ON,2,0,0.00,28.00,128.00,-3.12,99,99,0.00,0,0.00,99.61,99.61,0.25,0.00,0.00,0,0,0,0
96817,ON,2,0,0.00,28.00,128.00,-3.12,99,99,0.00,0,0.00,99.61,99.61,0.25,0.00,0.00,0,0,0,0
96922,ON,2,0,0.00,28.00,128.00,-3.12,99,99,0.00,0,0.00,99.61,99.61,0.25,0.00,0.00,0,0,0,0
97027,ON,2,0,0.00,28.00,128.00,-3.12,99,99,0.00,0,0.00,99.61,99.61,0.25,0.00,0.00,0,0,0,0
97132,ON,2,0,0.00,28.00,128.00,-3.12,99,99,0.00,0,0.00,99.61,99.61,0.25,0.00,0.00,0,0,0,0
97237,ON,2,0,0.00,28.00,128.00,-3.12,99,99,0.00,0,0.00,99.61,99.61,0.25,0.00,0.00,0,0,0,0
97348,ON,2,0,0.00,28.00,128.00,-3.12,99,99,0.00,0,0.00,99.61,99.61,0.25,0.00,0.00,0,0,0,0
97462,ON,2,0,0.00,28.00,128.00,-3.12,99,99,0.00,0,0.00,99.61,99.61,0.25,0.00,0.00,0,0,0,0
97567,ON,2,0,0.00,28.00,128.00,-3.12,99,99,0.00,0,0.00,99.61,99.61,0.25,0.00,0.00,0,0,0,0
97672,ON,2,0,0.00,28.00,128.00,-3.12,99,99,0.00,0,0.00,99.61,99.61,0.25,0.00,0.00,0,0,0,0
97777,ON,2,0,0.00,28.00,128.00,-3.12,99,99,0.00,0,0.00,99.61,99.61,0.25,0.00,0.00,0,0,0,0
97882,ON,2,0,0.00,28.00,128.00,-3.12,99,99,0.00,0,0.00,99.61,99.61,0.25,0.00,0.00,0,0,0,0
97990,ON,2,0,0.00,28.00,128.00,-3.12,99,99,0.00,0,0.00,99.61,99.61,0.25,0.00,0.00,0,0,0,0
98095,ON,2,0,0.00,28.00,128.00,-3.12,99,99,0.00,0,0.00,99.61,99.61,0.25,0.00,0.00,0,0,0,0
98200,ON,2,0,0.00,28.00,128.00,-3.12,99,99,0.00,0,0.00,99.61,99.61,0.25,0.00,0.00,0,0,0,0
98305,ON,2,0,0.00,28.00,128.00,-3.12,99,99,0.00,0,0.00,99.61,99.61,0.25,0.00,0.00,0,0,0,0
98410,ON,2,0,0.00,28.00,128.00,-3.12,99,99,0.00,0,0.00,99.61,99.61,0.25,0.00,0.00,0,0,0,0
98514,ON,2,0,0.00,28.00,128.00,-3.12,99,99,0.00,0,0.00,99.61,99.61,0.25,0.00,0.00,0,0,0,0
98622,ON,2,0,0.00,28.00,128.00,-3.12,99,99,0.00,0,0.00,99.61,99.61,0.25,0.00,0.00,0,0,0,0
98727,ON,2,0,0.00,28.00,128.00,-3.12,99,99,0.00,0,0.00,99.61,99.61,0.25,0.00,0.00,0,0,0,0
98832,ON,2,0,0.00,28.00,128.00,-3.12,99,99,0.00,0,0.00,99.61,99.61,0.25,0.00,0.00,0,0,0,0
98936,ON,2,0,0.00,28.00,128.00,-3.12,99,99,0.00,0,0.00,99.61,99.61,0.25,0.00,0.00,0,0,0,0
99040,ON,2,0,0.00,28.00,128.00,-3.12,99,99,0.00,0,0.00,99.61,99.61,0.25,0.00,0.00,0,0,0,0
99145,ON,2,0,0.00,28.00,128.00,-3.12,99,99,0.00,0,0.00,99.61,99.61,0.25,0.00,0.00,0,0,0,0
99253,ON,2,0,0.00,28.00,128.00,-3.12,99,99,0.00,0,0.00,99.61,99.61,0.25,0.00,0.00,0,0,0,0
99358,ON,2,0,0.00,28.00,128.00,-3.12,99,99,0.00,0,0.00,99.61,99.61,0.25,0.00,0.00,0,0,0,0
99463,ON,2,0,0.00,28.00,128.00,-3.12,99,99,0.00,0,0.00,99.61,99.61,0.25,0.00,0.00,0,0,0,0
99568,ON,2,0,0.00,28.00,128.00,-3.12,99,99,0.00,0,0.00,99.61,99.61,0.25,0.00,0.00,0,0,0,0
99672,ON,2,0,0.00,28.00,128.00,-3.12,99,99,0.00,0,0.00,99.61,99.61,0.25,0.00,0.00,0,0,0,0
99777,ON,2,0,0.00,28.00,128.00,-3.12,99,99,0.00,0,0.00,99.61,99.61,0.25,0.00,0.00,0,0,0,0
99885,ON,2,0,0.00,28.00,128.00,-3.12,99,99,0.00,0,0.00,99.61,99.61,0.25,0.00,0.00,0,0,0,0
99990,ON,2,0,0.00,28.00,128.00,-3.12,99,99,0.00,0,0.00,99.61,99.61,0.25,0.00,0.00,0,0,0,0
100095,ON,2,0,0.00,28.00,128.00,-3.12,99,99,0.00,0,0.00,99.61,99.61,0.25,0.00,0.00,0,0,0,0
100200,ON,2,0,0.00,28.00,128.00,-3.12,99,99,0.00,0,0.00,99.61,99.61,0.25,0.00,0.00,0,0,0,0
100305,ON,2,0,0.00,28.00,128.00,-3.12,99,99,0.00,0,0.00,99.61,99.61,0.25,0.00,0.00,0,0,0,0
100410,ON,2,0,0.00,28.00,128.00,-3.12,99,99,0.00,0,0.00,99.61,99.61,0.25,0.00,0.00,0,0,0,0
100518,ON,2,0,0.00,28.00,128.00,-3.12,99,99,0.00,0,0.00,99.61,99.61,0.25,0.00,0.00,0,0,0,0
100623,ON,2,0,0.00,28.00,128.00,-3.12,99,99,0.00,0,0.00,99.61,99.61,0.25,0.00,0.00,0,0,0,0
100728,ON,2,0,0.00,28.00,128.00,-3.12,99,99,0.00,0,0.00,99.61,99.61,0.25,0.00,0.00,0,0,0,0
100833,ON,2,0,0.00,28.00,128.00,-3.12,99,99,0.00,0,0.00,99.61,99.61,0.25,0.00,0.00,0,0,0,0
100938,ON,2,0,0.00,28.00,128.00,-3.12,99,99,0.00,0,0.00,99.61,99.61,0.25,0.00,0.00,0,0,0,0
101043,ON,2,0,0.00,28.00,128.00,-3.12,99,99,0.00,0,0.00,99.61,99.61,0.25,0.00,0.00,0,0,0,0
101151,ON,2,0,0.00,28.00,128.00,-3.12,99,99,0.00,0,0.00,99.61,99.61,0.25,0.00,0.00,0,0,0,0
101256,ON,2,0,0.00,28.00,128.00,-3.12,99,99,0.00,0,0.00,99.61,99.61,0.25,0.00,0.00,0,0,0,0
101361,ON,2,0,0.00,28.00,128.00,-3.12,99,99,0.00,0,0.00,99.61,99.61,0.25,0.00,0.00,0,0,0,0
101466,ON,2,0,0.00,28.00,128.00,-3.12,99,99,0.00,0,0.00,99.61,99.61,0.25,0.00,0.00,0,0,0,0
101571,ON,2,0,0.00,28.00,128.00,-3.12,99,99,0.00,0,0.00,99.61,99.61,0.25,0.00,0.00,0,0,0,0
101676,ON,2,0,0.00,28.00,128.00,-3.12,99,99,0.00,0,0.00,99.61,99.61,0.25,0.00,0.00,0,0,0,0
101784,ON,2,0,0.00,28.00,128.00,-3.12,99,99,0.00,0,0.00,99.61,99.61,0.25,0.00,0.00,0,0,0,0
101888,ON,2,0,0.00,28.00,128.00,-3.12,99,99,0.00,0,0.00,99.61,99.61,0.25,0.00,0.00,0,0,0,0
101992,ON,2,0,0.00,28.00,128.00,-3.12,99,99,0.00,0,0.00,99.61,99.61,0.25,0.00,0.00,0,0,0,0
102097,ON,2,0,0.00,28.00,128.00,-3.12,99,99,0.00,0,0.00,99.61,99.61,0.25,0.00,0.00,0,0,0,0
102202,ON,2,0,0.00,28.00,128.00,-3.12,99,99,0.00,0,0.00,99.61,99.61,0.25,0.00,0.00,0,0,0,0
