1125,OFF,0,0,0.00,-40.00,-40.00,-100.00,0,0,0.00,0,-64.00,0.00,0.00,0.00,-100.00,0.00,0,0,0,0
1233,OFF,0,0,0.00,-40.00,-40.00,-100.00,0,0,0.00,0,-64.00,0.00,0.00,0.00,-100.00,0.00,0,0,0,0
1337,OFF,0,0,0.00,-40.00,-40.00,-100.00,0,0,0.00,0,-64.00,0.00,0.00,0.00,-100.00,0.00,0,0,0,0
1441,OFF,0,0,0.00,-40.00,-40.00,-100.00,0,0,0.00,0,-64.00,0.00,0.00,0.00,-100.00,0.00,0,0,0,0
1545,OFF,0,0,0.00,-40.00,-40.00,-100.00,0,0,0.00,0,-64.00,0.00,0.00,0.00,-100.00,0.00,0,0,0,0
1653,OFF,0,0,0.00,-40.00,-40.00,-100.00,0,0,0.00,0,-64.00,0.00,0.00,0.00,-100.00,0.00,0,0,0,0
1757,OFF,0,0,0.00,-40.00,-40.00,-100.00,0,0,0.00,0,-64.00,0.00,0.00,0.00,-100.00,0.00,0,0,0,0
1862,OFF,0,0,0.00,-40.00,-40.00,-100.00,0,0,0.00,0,-64.00,0.00,0.00,0.00,-100.00,0.00,0,0,0,0
1967,OFF,0,0,0.00,-40.00,-40.00,-100.00,0,0,0.00,0,-64.00,0.00,0.00,0.00,-100.00,0.00,0,0,0,0
2072,OFF,0,0,0.00,-40.00,-40.00,-100.00,0,0,0.00,0,-64.00,0.00,0.00,0.00,-100.00,0.00,0,0,0,0
2177,OFF,0,0,0.00,-40.00,-40.00,-100.00,0,0,0.00,0,-64.00,0.00,0.00,0.00,-100.00,0.00,0,0,0,0
2285,OFF,0,0,0.00,-40.00,-40.00,-100.00,0,0,0.00,0,-64.00,0.00,0.00,0.00,-100.00,0.00,0,0,0,0
2390,OFF,0,0,0.00,-40.00,-40.00,-100.00,0,0,0.00,0,-64.00,0.00,0.00,0.00,-100.00,0.00,0,0,0,0
2495,OFF,0,0,0.00,-40.00,-40.00,-100.00,0,0,0.00,0,-64.00,0.00,0.00,0.00,-100.00,0.00,0,0,0,0
2600,OFF,0,0,0.00,-40.00,-40.00,-100.00,0,0,0.00,0,-64.00,0.00,0.00,0.00,-100.00,0.00,0,0,0,0
2705,OFF,0,0,0.00,-40.00,-40.00,-100.00,0,0,0.00,0,-64.00,0.00,0.00,0.00,-100.00,0.00,0,0,0,0
2810,OFF,0,0,0.00,-40.00,-40.00,-100.00,0,0,0.00,0,-64.00,0.00,0.00,0.00,-100.00,0.00,0,0,0,0
2918,OFF,0,0,0.00,-40.00,-40.00,-100.00,0,0,0.00,0,-64.00,0.00,0.00,0.00,-100.00,0.00,0,0,0,0
3023,OFF,0,0,0.00,-40.00,-40.00,-100.00,0,0,0.00,0,-64.00,0.00,0.00,0.00,-100.00,0.00,0,0,0,0
3128,OFF,0,0,0.00,-40.00,-40.00,-100.00,0,0,0.00,0,-64.00,0.00,0.00,0.00,-100.00,0.00,0,0,0,0
3233,OFF,0,0,0.00,-40.00,-40.00,-100.00,0,0,0.00,0,-64.00,0.00,0.00,0.00,-100.00,0.00,0,0,0,0
3338,OFF,0,0,0.00,-40.00,-40.00,-100.00,0,0,0.00,0,-64.00,0.00,0.00,0.00,-100.00,0.00,0,0,0,0
3443,OFF,0,0,0.00,-40.00,-40.00,-100.00,0,0,0.00,0,-64.00,0.00,0.00,0.00,-100.00,0.00,0,0,0,0
3551,OFF,0,0,0.00,-40.00,-40.00,-100.00,0,0,0.00,0,-64.00,0.00,0.00,0.00,-100.00,0.00,0,0,0,0
3656,OFF,0,0,0.00,-40.00,-40.00,-100.00,0,0,0.00,0,-64.00,0.00,0.00,0.00,-100.00,0.00,0,0,0,0
3761,OFF,0,0,0.00,-40.00,-40.00,-100.00,0,0,0.00,0,-64.00,0.00,0.00,0.00,-100.00,0.00,0,0,0,0
3866,OFF,0,0,0.00,-40.00,-40.00,-100.00,0,0,0.00,0,-64.00,0.00,0.00,0.00,-100.00,0.00,0,0,0,0
3971,OFF,0,0,0.00,-40.00,-40.00,-100.00,0,0,0.00,0,-64.00,0.00,0.00,0.00,-100.00,0.00,0,0,0,0
4076,OFF,0,0,0.00,-40.00,-40.00,-100.00,0,0,0.00,0,-64.00,0.00,0.00,0.00,-100.00,0.00,0,0,0,0
4184,OFF,0,0,0.00,-40.00,-40.00,-100.00,0,0,0.00,0,-64.00,0.00,0.00,0.00,-100.00,0.00,0,0,0,0
4289,OFF,0,0,0.00,-40.00,-40.00,-100.00,0,0,0.00,0,-64.00,0.00,0.00,0.00,-100.00,0.00,0,0,0,0
4394,OFF,0,0,0.00,-40.00,-40.00,-100.00,0,0,0.00,0,-64.00,0.00,0.00,0.00,-100.00,0.00,0,0,0,0
4499,OFF,0,0,0.00,-40.00,-40.00,-100.00,0,0,0.00,0,-64.00,0.00,0.00,0.00,-100.00,0.00,0,0,0,0
4604,OFF,0,0,0.00,-40.00,-40.00,-100.00,0,0,0.00,0,-64.00,0.00,0.00,0.00,-100.00,0.00,0,0,0,0
4709,OFF,0,0,0.00,-40.00,-40.00,-100.00,0,0,0.00,0,-64.00,0.00,0.00,0.00,-100.00,0.00,0,0,0,0
4817,OFF,0,0,0.00,-40.00,-40.00,-100.00,0,0,0.00,0,-64.00,0.00,0.00,0.00,-100.00,0.00,0,0,0,0
4922,OFF,0,0,0.00,-40.00,-40.00,-100.00,0,0,0.00,0,-64.00,0.00,0.00,0.00,-100.00,0.00,0,0,0,0
5027,OFF,0,0,0.00,-40.00,-40.00,-100.00,0,0,0.00,0,-64.00,0.00,0.00,0.00,-100.00,0.00,0,0,0,0
5132,OFF,0,0,0.00,-40.00,-40.00,-100.00,0,0,0.00,0,-64.00,0.00,0.00,0.00,-100.00,0.00,0,0,0,0
5237,OFF,0,0,0.00,-40.00,-40.00,-100.00,0,0,0.00,0,-64.00,0.00,0.00,0.00,-100.00,0.00,0,0,0,0
5342,OFF,0,0,0.00,-40.00,-40.00,-100.00,0,0,0.00,0,-64.00,0.00,0.00,0.00,-100.00,0.00,0,0,0,0
5450,OFF,0,0,0.00,-40.00,-40.00,-100.00,0,0,0.00,0,-64.00,0.00,0.00,0.00,-100.00,0.00,0,0,0,0
5555,OFF,0,0,0.00,-40.00,-40.00,-100.00,0,0,0.00,0,-64.00,0.00,0.00,0.00,-100.00,0.00,0,0,0,0
5660,OFF,0,0,0.00,-40.00,-40.00,-100.00,0,0,0.00,0,-64.00,0.00,0.00,0.00,-100.00,0.00,0,0,0,0
5765,OFF,0,0,0.00,-40.00,-40.00,-100.00,0,0,0.00,0,-64.00,0.00,0.00,0.00,-100.00,0.00,0,0,0,0
5870,OFF,0,0,0.00,-40.00,-40.00,-100.00,0,0,0.00,0,-64.00,0.00,0.00,0.00,-100.00,0.00,0,0,0,0
5975,OFF,0,0,0.00,-40.00,-40.00,-100.00,0,0,0.00,0,-64.00,0.00,0.00,0.00,-100.00,0.00,0,0,0,0
6083,OFF,0,0,0.00,-40.00,-40.00,-100.00,0,0,0.00,0,-64.00,0.00,0.00,0.00,-100.00,0.00,0,0,0,0
6188,OFF,0,0,0.00,-40.00,-40.00,-100.00,0,0,0.00,0,-64.00,0.00,0.00,0.00,-100.00,0.00,0,0,0,0
6293,OFF,0,0,0.00,-40.00,-40.00,-100.00,0,0,0.00,0,-64.00,0.00,0.00,0.00,-100.00,0.00,0,0,0,0
6398,OFF,0,0,0.00,-40.00,-40.00,-100.00,0,0,0.00,0,-64.00,0.00,0.00,0.00,-100.00,0.00,0,0,0,0
6503,OFF,0,0,0.00,-40.00,-40.00,-100.00,0,0,0.00,0,-64.00,0.00,0.00,0.00,-100.00,0.00,0,0,0,0
6608,OFF,0,0,0.00,-40.00,-40.00,-100.00,0,0,0.00,0,-64.00,0.00,0.00,0.00,-100.00,0.00,0,0,0,0
6716,OFF,0,0,0.00,-40.00,-40.00,-100.00,0,0,0.00,0,-64.00,0.00,0.00,0.00,-100.00,0.00,0,0,0,0
6821,OFF,0,0,0.00,-40.00,-40.00,-100.00,0,0,0.00,0,-64.00,0.00,0.00,0.00,-100.00,0.00,0,0,0,0
6926,OFF,0,0,0.00,-40.00,-40.00,-100.00,0,0,0.00,0,-64.00,0.00,0.00,0.00,-100.00,0.00,0,0,0,0
7031,OFF,0,0,0.00,-40.00,-40.00,-100.00,0,0,0.00,0,-64.00,0.00,0.00,0.00,-100.00,0.00,0,0,0,0
7136,OFF,0,0,0.00,-40.00,-40.00,-100.00,0,0,0.00,0,-64.00,0.00,0.00,0.00,-100.00,0.00,0,0,0,0
7241,OFF,0,0,0.00,-40.00,-40.00,-100.00,0,0,0.00,0,-64.00,0.00,0.00,0.00,-100.00,0.00,0,0,0,0
7349,OFF,0,0,0.00,-40.00,-40.00,-100.00,0,0,0.00,0,-64.00,0.00,0.00,0.00,-100.00,0.00,0,0,0,0
7454,OFF,0,0,0.00,-40.00,-40.00,-100.00,0,0,0.00,0,-64.00,0.00,0.00,0.00,-100.00,0.00,0,0,0,0
7559,OFF,0,0,0.00,-40.00,-40.00,-100.00,0,0,0.00,0,-64.00,0.00,0.00,0.00,-100.00,0.00,0,0,0,0
7664,ON,3,0,0.00,34.00,128.00,-3.12,100,101,0.00,0,0.00,31.37,16.08,0.25,0.00,0.00,0,0,0,0
7769,ON,3,0,0.00,34.00,128.00,-3.12,100,101,0.00,0,0.00,31.37,16.08,0.25,0.00,12.19,155,0,0,0
7874,ON,3,0,0.00,34.00,128.00,-3.12,100,101,0.00,0,0.00,31.37,16.08,0.25,0.00,12.27,233,0,0,0
7982,ON,3,0,0.00,34.00,128.00,-3.12,100,101,0.00,0,0.00,31.37,16.08,0.25,0.00,12.27,233,0,0,0
8087,ON,3,0,0.00,34.00,128.00,-3.12,100,101,0.00,0,0.00,31.37,16.08,0.25,0.00,12.27,233,0,0,0
8192,ON,3,0,0.00,34.00,128.00,-3.12,100,101,0.00,0,0.00,31.37,16.08,0.25,0.00,12.27,233,0,0,0
8297,ON,3,0,0.00,34.00,128.00,-3.12,100,101,0.00,0,0.00,31.37,16.08,0.25,0.00,12.19,155,0,0,0
8402,ON,3,0,0.00,34.00,128.00,-3.12,100,100,0.00,0,0.00,31.37,16.08,0.25,0.00,12.19,155,0,0,0
8507,ON,3,0,0.00,34.00,128.00,-3.12,100,100,0.00,0,0.00,31.37,16.08,0.25,0.00,12.19,155,0,0,0
8615,ON,3,0,0.00,34.00,128.00,-3.12,100,100,0.00,0,0.00,31.37,16.08,0.25,0.00,12.19,155,0,0,0
8720,ON,3,0,0.00,34.00,128.00,-3.12,100,100,0.00,0,0.00,31.37,16.08,0.25,0.00,12.19,155,0,0,0
8825,ON,3,0,0.00,34.00,128.00,-3.12,100,100,0.00,0,0.00,31.37,16.08,0.25,0.00,12.27,233,0,0,0
8930,ON,3,0,0.00,34.00,128.00,-3.12,100,100,0.00,0,0.00,31.37,16.08,0.25,0.00,12.19,155,0,0,0
9035,ON,3,0,0.00,34.00,128.00,-3.12,100,100,0.00,0,0.00,31.37,16.08,0.25,0.00,12.19,155,0,0,0
9140,ON,3,0,0.00,34.00,128.00,-3.12,100,100,0.00,0,0.00,31.37,16.08,0.25,0.00,12.27,233,0,0,0
9248,ON,3,0,0.00,34.00,128.00,-3.12,100,100,0.00,0,0.00,31.37,16.08,0.25,0.00,12.19,155,0,0,0
9353,ON,3,0,0.00,34.00,128.00,-3.12,100,100,0.00,0,0.00,31.37,16.08,0.25,0.00,12.19,155,0,0,0
9458,ON,3,0,0.00,34.00,128.00,-3.12,100,100,0.00,0,0.00,31.37,16.08,0.25,0.00,12.19,155,0,0,0
9563,ON,3,0,0.00,34.00,128.00,-3.12,100,100,0.00,0,0.00,31.37,16.08,0.25,0.00,12.19,155,0,0,0
9667,ON,3,0,0.00,34.00,128.00,-3.12,100,100,0.00,0,0.00,31.37,16.08,0.25,0.00,12.19,155,0,0,0
9771,ON,3,0,0.00,34.00,128.00,-3.12,100,100,0.00,0,0.00,31.37,16.08,0.25,0.00,12.19,155,0,0,0
9879,ON,3,0,0.00,34.00,128.00,-3.12,100,100,0.00,0,0.00,31.37,16.08,0.25,0.00,12.19,155,0,0,0
9983,ON,3,0,0.00,34.00,128.00,-3.12,100,100,0.00,0,0.00,31.37,16.08,0.25,0.00,12.27,233,0,0,0
10087,ON,3,0,0.00,34.00,128.00,-3.12,100,100,0.00,0,0.00,31.37,16.08,0.25,0.00,12.19,155,0,0,0
10192,ON,3,0,0.00,34.00,128.00,-3.12,100,100,0.00,0,0.00,31.37,16.08,0.25,0.00,12.19,155,0,0,0
10296,ON,3,0,0.00,34.00,128.00,-3.12,100,100,0.00,0,0.00,31.37,16.08,0.25,0.00,12.19,155,0,0,0
10400,ON,3,0,0.00,34.00,128.00,-3.12,100,100,0.00,0,0.00,31.37,16.08,0.25,0.00,12.19,155,0,0,0
10508,ON,3,0,0.00,35.00,128.00,-3.12,100,100,0.00,0,0.00,31.37,16.08,0.25,0.00,12.19,155,0,0,0
10612,ON,3,0,0.00,35.00,128.00,-3.12,100,100,0.00,0,0.00,31.37,16.08,0.25,0.00,12.27,233,0,0,0
10717,ON,3,0,0.00,35.00,128.00,-3.12,100,100,0.00,0,0.00,31.37,16.08,0.25,0.00,12.19,155,0,0,0
10821,ON,3,0,0.00,34.00,128.00,-3.12,100,100,0.00,0,0.00,31.37,16.08,0.25,0.00,0.00,0,0,0,0
10926,ON,3,0,0.00,35.00,128.00,-3.12,100,100,0.00,0,0.00,31.37,16.08,0.25,0.00,0.00,0,0,0,0
11031,ON,3,0,0.00,35.00,128.00,-3.12,100,100,0.00,0,0.00,31.37,16.08,0.25,0.00,0.00,0,0,0,0
11139,ON,3,0,0.00,35.00,128.00,-3.12,100,100,0.00,0,0.00,31.37,16.08,0.25,0.00,0.00,0,0,0,0
11244,ON,3,0,0.00,35.00,128.00,-3.12,100,100,0.00,0,0.00,31.37,16.08,0.25,0.00,0.00,0,0,0,0
11349,ON,3,0,0.00,35.00,128.00,-3.12,100,100,0.00,0,0.00,31.37,16.08,0.25,0.00,0.00,0,0,0,0
11454,ON,3,0,0.00,35.00,128.00,-3.12,100,100,0.00,0,0.00,31.37,16.08,0.25,0.00,0.00,0,0,0,0
11559,ON,3,0,0.00,35.00,128.00,-3.12,100,100,0.00,0,0.00,31.37,16.08,0.25,0.00,0.00,0,0,0,0
11664,ON,3,0,0.00,35.00,128.00,-3.12,100,100,0.00,0,0.00,31.37,16.08,0.25,0.00,0.00,0,0,0,0
11772,ON,3,0,0.00,34.00,128.00,-3.12,100,100,0.00,0,0.00,31.37,16.08,0.25,0.00,0.00,0,0,0,0
11877,ON,3,0,0.00,35.00,128.00,-3.12,100,100,0.00,0,0.00,31.37,16.08,0.25,0.00,0.00,0,0,0,0
11982,ON,3,0,0.00,35.00,128.00,-3.12,100,100,0.00,0,0.00,31.37,16.08,0.25,0.00,0.00,0,0,0,0
12087,ON,3,0,0.00,34.00,128.00,-3.12,100,100,0.00,0,0.00,31.37,16.08,0.25,0.00,0.00,0,0,0,0
12192,ON,3,0,0.00,35.00,128.00,-3.12,100,100,0.00,0,0.00,31.37,16.08,0.25,0.00,0.00,0,0,0,0
12297,ON,3,0,0.00,35.00,128.00,-3.12,100,100,0.00,0,0.00,31.37,16.08,0.25,0.00,0.00,0,0,0,0
12405,ON,3,0,0.00,35.00,128.00,-3.12,100,100,0.00,0,0.00,31.37,16.08,0.25,0.00,0.00,0,0,0,0
12510,ON,3,0,0.00,35.00,128.00,-3.12,100,100,0.00,0,0.00,31.37,16.08,0.25,0.00,0.00,0,0,0,0
12615,ON,3,0,0.00,35.00,128.00,-3.12,100,100,0.00,0,0.00,31.37,16.08,0.25,0.00,0.00,0,0,0,0
12720,ON,3,0,0.00,34.00,128.00,-3.12,100,100,0.00,0,0.00,31.37,16.08,0.25,0.00,0.00,0,0,0,0
12825,ON,3,0,0.00,35.00,128.00,-3.12,100,100,0.00,0,0.00,31.37,16.08,0.25,0.00,0.00,0,0,0,0
12930,ON,3,0,0.00,35.00,128.00,-3.12,100,100,0.00,0,0.00,31.37,16.08,0.25,0.00,0.00,0,0,0,0
13038,ON,3,0,0.00,35.00,128.00,-3.12,100,100,0.00,0,0.00,31.37,16.08,0.25,0.00,0.00,0,0,0,0
13143,ON,3,0,0.00,35.00,128.00,-3.12,100,100,0.00,0,0.00,31.37,16.08,0.25,0.00,0.00,0,0,0,0
13248,ON,3,0,0.00,35.00,128.00,-3.12,100,100,0.00,0,0.00,31.37,16.08,0.25,0.00,0.00,0,0,0,0
13353,ON,3,0,0.00,35.00,128.00,-3.12,100,100,0.00,0,0.00,31.37,16.08,0.25,0.00,0.00,0,0,0,0
13458,ON,3,0,0.00,35.00,128.00,-3.12,100,100,0.00,0,0.00,31.37,16.08,0.25,0.00,0.00,0,0,0,0
13563,ON,3,0,0.00,35.00,128.00,-3.12,100,100,0.00,0,0.00,31.37,16.08,0.25,0.00,0.00,0,0,0,0
13671,ON,3,0,0.00,35.00,128.00,-3.12,100,100,0.00,0,0.00,31.37,16.08,0.25,0.00,0.00,0,0,0,0
13776,ON,3,0,0.00,35.00,128.00,-3.12,100,100,0.00,0,0.00,31.37,16.08,0.25,0.00,0.00,0,0,0,0
13881,ON,3,0,0.00,35.00,128.00,-3.12,100,100,0.00,0,0.00,31.37,16.08,0.25,0.00,0.00,0,0,0,0
13986,ON,3,0,0.00,35.00,128.00,-3.12,100,100,0.00,0,0.00,31.37,16.08,0.25,0.00,0.00,0,0,0,0
14091,ON,3,0,0.00,35.00,128.00,-3.12,100,100,0.00,0,0.00,31.37,16.08,0.25,0.00,0.00,0,0,0,0
14196,ON,3,0,0.00,35.00,128.00,-3.12,100,100,0.00,0,0.00,31.37,16.08,0.25,0.00,0.00,0,0,0,0
14304,ON,3,0,0.00,35.00,128.00,-3.12,100,100,0.00,0,0.00,31.37,16.08,0.25,0.00,0.00,0,0,0,0
14409,ON,3,0,0.00,35.00,128.00,-3.12,100,100,0.00,0,0.00,31.37,16.08,0.25,0.00,0.00,0,0,0,0
14514,ON,3,0,0.00,35.00,128.00,-3.12,100,100,0.00,0,0.00,31.37,16.08,0.25,0.00,0.00,0,0,0,0
14619,ON,3,0,0.00,35.00,128.00,-3.12,100,100,0.00,0,0.00,31.37,16.08,0.25,0.00,0.00,0,0,0,0
14724,ON,3,0,0.00,35.00,128.00,-3.12,100,100,0.00,0,0.00,31.37,16.08,0.25,0.00,0.00,0,0,0,0
14829,ON,3,0,0.00,35.00,128.00,-3.12,100,100,0.00,0,0.00,31.37,16.08,0.25,0.00,0.00,0,0,0,0
14937,ON,3,0,0.00,35.00,128.00,-3.12,100,100,0.00,0,0.00,31.37,16.08,0.25,0.00,0.00,0,0,0,0
15042,ON,3,0,0.00,35.00,128.00,-3.12,100,100,0.00,0,0.00,31.37,16.08,0.25,0.00,0.00,0,0,0,0
15147,ON,3,0,0.00,35.00,128.00,-3.12,100,100,0.00,0,0.00,31.37,16.08,0.25,0.00,0.00,0,0,0,0
15252,ON,3,0,0.00,35.00,128.00,-3.12,100,100,0.00,0,0.00,31.37,16.08,0.25,0.00,0.00,0,0,0,0
15357,ON,3,0,0.00,35.00,128.00,-3.12,100,100,0.00,0,0.00,31.37,16.08,0.25,0.00,0.00,0,0,0,0
15462,ON,3,0,0.00,35.00,128.00,-3.12,100,100,0.00,0,0.00,31.37,16.08,0.25,0.00,0.00,0,0,0,0
15570,ON,3,0,0.00,35.00,128.00,-3.12,100,100,0.00,0,0.00,31.37,16.08,0.25,0.00,0.00,0,0,0,0
15675,ON,3,0,0.00,35.00,128.00,-3.12,100,100,0.00,0,0.00,31.37,16.08,0.25,0.00,0.00,0,0,0,0
15780,ON,3,0,0.00,35.00,128.00,-3.12,100,100,0.00,0,0.00,31.37,16.08,0.25,0.00,0.00,0,0,0,0
15885,ON,3,0,0.00,35.00,128.00,-3.12,100,100,0.00,0,0.00,31.37,16.08,0.25,0.00,0.00,0,0,0,0
15990,ON,3,0,0.00,35.00,128.00,-3.12,100,100,0.00,0,0.00,31.37,16.08,0.25,0.00,0.00,0,0,0,0
16095,ON,3,0,0.00,35.00,128.00,-3.12,100,100,0.00,0,0.00,31.37,16.08,0.25,0.00,0.00,0,0,0,0
16203,ON,3,0,0.00,35.00,128.00,-3.12,100,100,0.00,0,0.00,31.37,16.08,0.25,0.00,0.00,0,0,0,0
16308,ON,3,0,0.00,35.00,128.00,-3.12,100,100,0.00,0,0.00,31.37,16.08,0.25,0.00,0.00,0,0,0,0
16413,ON,3,0,0.00,35.00,128.00,-3.12,100,100,0.00,0,0.00,31.37,16.08,0.25,0.00,0.00,0,0,0,0
16518,ON,3,0,0.00,34.00,128.00,-3.12,100,100,0.00,0,0.00,31.37,16.08,0.25,0.00,0.00,0,0,0,0
16623,ON,3,0,0.00,35.00,128.00,-3.12,100,100,0.00,0,0.00,31.37,16.08,0.25,0.00,0.00,0,0,0,0
16728,ON,3,0,0.00,35.00,128.00,-3.12,100,100,0.00,0,0.00,31.37,16.08,0.25,0.00,0.00,0,0,0,0
16836,ON,3,0,0.00,35.00,128.00,-3.12,100,100,0.00,0,0.00,31.37,16.08,0.25,0.00,0.00,0,0,0,0
16941,ON,3,0,0.00,35.00,128.00,-3.12,100,100,0.00,0,0.00,31.37,16.08,0.25,0.00,0.00,0,0,0,0
17046,ON,3,0,0.00,35.00,128.00,-3.12,100,100,0.00,0,0.00,31.37,16.08,0.25,0.00,0.00,0,0,0,0
17151,ON,3,0,0.00,35.00,128.00,-3.12,100,100,0.00,0,0.00,31.37,16.08,0.25,0.00,0.00,0,0,0,0
17256,ON,3,0,0.00,35.00,128.00,-3.12,100,100,0.00,0,0.00,31.37,16.08,0.25,0.00,0.00,0,0,0,0
17361,ON,3,0,0.00,35.00,128.00,-3.12,100,100,0.00,0,0.00,31.37,16.08,0.25,0.00,0.00,0,0,0,0
17469,ON,3,0,0.00,35.00,128.00,-3.12,100,100,0.00,0,0.00,31.37,16.08,0.25,0.00,0.00,0,0,0,0
17574,ON,3,0,0.00,35.00,128.00,-3.12,100,100,0.00,0,0.00,31.37,16.08,0.25,0.00,0.00,0,0,0,0
17679,ON,3,0,0.00,35.00,128.00,-3.12,100,100,0.00,0,0.00,31.37,16.08,0.25,0.00,0.00,0,0,0,0
17784,ON,3,0,0.00,35.00,128.00,-3.12,100,100,0.00,0,0.00,31.37,16.08,0.25,0.00,0.00,0,0,0,0
17889,ON,3,0,0.00,35.00,128.00,-3.12,100,100,0.00,0,0.00,31.37,16.08,0.25,0.00,0.00,0,0,0,0
17994,ON,3,0,0.00,35.00,128.00,-3.12,100,100,0.00,0,0.00,31.37,16.08,0.25,0.00,0.00,0,0,0,0
18102,ON,3,0,0.00,35.00,128.00,-3.12,100,100,0.00,0,0.00,31.37,16.08,0.25,0.00,0.00,0,0,0,0
18207,ON,3,0,0.00,35.00,128.00,-3.12,100,100,0.00,0,0.00,31.37,16.08,0.25,0.00,0.00,0,0,0,0
18312,ON,3,0,0.00,35.00,128.00,-3.12,100,100,0.00,0,0.00,31.37,16.08,0.25,0.00,0.00,0,0,0,0
18417,ON,3,0,0.00,35.00,128.00,-3.12,100,100,0.00,0,0.00,31.37,16.08,0.25,0.00,0.00,0,0,0,0
18522,ON,3,0,0.00,35.00,128.00,-3.12,100,100,0.00,0,0.00,31.37,16.08,0.25,0.00,0.00,0,0,0,0
18627,ON,3,0,0.00,35.00,128.00,-3.12,100,100,0.00,0,0.00,31.37,16.08,0.25,0.00,0.00,0,0,0,0
18735,ON,3,0,0.00,35.00,128.00,-3.12,100,100,0.00,0,0.00,31.37,16.08,0.25,0.00,0.00,0,0,0,0
18840,ON,3,0,0.00,35.00,128.00,-3.12,100,100,0.00,0,0.00,31.37,16.08,0.25,0.00,0.00,0,0,0,0
18945,ON,3,0,0.00,35.00,128.00,-3.12,100,100,0.00,0,0.00,31.37,16.08,0.25,0.00,0.00,0,0,0,0
19050,ON,3,0,0.00,35.00,128.00,-3.12,100,100,0.00,0,0.00,31.37,16.08,0.25,0.00,0.00,0,0,0,0
19155,ON,3,0,0.00,35.00,128.00,-3.12,100,100,0.00,0,0.00,31.37,16.08,0.25,0.00,0.00,0,0,0,0
19260,ON,3,0,0.00,35.00,128.00,-3.12,100,100,0.00,0,0.00,31.37,16.08,0.25,0.00,0.00,0,0,0,0
19368,ON,3,0,0.00,35.00,128.00,-3.12,100,100,0.00,0,0.00,31.37,16.08,0.25,0.00,0.00,0,0,0,0
19473,ON,3,0,0.00,35.00,128.00,-3.12,100,100,0.00,0,0.00,31.37,16.08,0.25,0.00,0.00,0,0,0,0
19577,ON,3,0,0.00,35.00,128.00,-3.12,100,100,0.00,0,0.00,31.37,16.08,0.25,0.00,0.00,0,0,0,0
19681,ON,3,0,0.00,35.00,128.00,-3.12,100,100,0.00,0,0.00,31.37,16.08,0.25,0.00,0.00,0,0,0,0
19785,ON,3,0,0.00,35.00,128.00,-3.12,100,100,0.00,0,0.00,31.37,16.08,0.25,0.00,0.00,0,0,0,0
19889,ON,3,0,0.00,35.00,128.00,-3.12,100,100,0.00,0,0.00,31.37,16.08,0.25,0.00,0.00,0,0,0,0
19997,ON,3,0,0.00,35.00,128.00,-3.12,100,100,0.00,0,0.00,31.37,16.08,0.25,0.00,0.00,0,0,0,0
20102,ON,3,0,0.00,35.00,128.00,-3.12,100,100,0.00,0,0.00,31.37,16.08,0.25,0.00,0.00,0,0,0,0
20207,ON,3,0,0.00,35.00,128.00,-3.12,100,100,0.00,0,0.00,31.37,16.08,0.25,0.00,0.00,0,0,0,0
20312,ON,3,0,0.00,35.00,128.00,-3.12,100,100,0.00,0,0.00,31.37,16.08,0.25,0.00,0.00,0,0,0,0
20417,ON,3,0,0.00,35.00,128.00,-3.12,100,100,0.00,0,0.00,31.37,16.08,0.25,0.00,0.00,0,0,0,0
20522,ON,3,0,0.00,35.00,128.00,-3.12,100,100,0.00,0,0.00,31.37,16.08,0.25,0.00,0.00,0,0,0,0
20630,ON,3,0,0.00,35.00,128.00,-3.12,100,100,0.00,0,0.00,31.37,16.08,0.25,0.00,0.00,0,0,0,0
20735,ON,3,0,0.00,35.00,128.00,-3.12,100,100,0.00,0,0.00,31.37,16.08,0.25,0.00,0.00,0,0,0,0
20840,ON,3,0,0.00,35.00,128.00,-3.12,100,100,0.00,0,0.00,31.37,16.08,0.25,0.00,0.00,0,0,0,0
20945,ON,3,0,0.00,35.00,128.00,-3.12,100,100,0.00,0,0.00,31.37,16.08,0.25,0.00,0.00,0,0,0,0
21050,ON,3,0,0.00,35.00,128.00,-3.12,100,100,0.00,0,0.00,31.37,16.08,0.25,0.00,0.00,0,0,0,0
21155,ON,3,0,0.00,35.00,128.00,-3.12,100,100,0.00,0,0.00,31.37,16.08,0.25,0.00,0.00,0,0,0,0
21263,ON,3,0,0.00,35.00,128.00,-3.12,100,100,0.00,0,0.00,31.37,16.08,0.25,0.00,0.00,0,0,0,0
21368,ON,3,0,0.00,35.00,128.00,-3.12,100,100,0.00,0,0.00,31.37,16.08,0.25,0.00,0.00,0,0,0,0
21473,ON,3,0,0.00,35.00,128.00,-3.12,100,100,0.00,0,0.00,31.37,16.08,0.25,0.00,0.00,0,0,0,0
21578,ON,3,0,0.00,35.00,128.00,-3.12,100,100,0.00,0,0.00,31.37,16.08,0.25,0.00,0.00,0,0,0,0
21683,ON,3,0,0.00,35.00,128.00,-3.12,100,100,0.00,0,0.00,31.37,16.08,0.25,0.00,0.00,0,0,0,0
21788,ON,3,0,0.00,35.00,128.00,-3.12,100,100,0.00,0,0.00,31.37,16.08,0.25,0.00,0.00,0,0,0,0
21896,ON,3,0,0.00,35.00,128.00,-3.12,100,100,0.00,0,0.00,31.37,16.08,0.25,0.00,0.00,0,0,0,0
22001,ON,3,0,0.00,35.00,128.00,-3.12,100,100,0.00,0,0.00,31.37,16.08,0.25,0.00,0.00,0,0,0,0
22106,ON,3,0,0.00,35.00,128.00,-3.12,100,100,0.00,0,0.00,31.37,16.08,0.25,0.00,0.00,0,0,0,0
22211,ON,3,0,0.00,35.00,128.00,-3.12,100,100,0.00,0,0.00,31.37,16.08,0.25,0.00,0.00,0,0,0,0
22316,ON,3,0,0.00,35.00,128.00,-3.12,100,100,0.00,0,0.00,31.37,16.08,0.25,0.00,0.00,0,0,0,0
22421,ON,3,0,0.00,35.00,128.00,-3.12,100,100,0.00,0,0.00,31.37,16.08,0.25,0.00,0.00,0,0,0,0
22529,ON,3,0,0.00,35.00,128.00,-3.12,100,100,0.00,0,0.00,31.37,16.08,0.25,0.00,0.00,0,0,0,0
22634,ON,3,0,0.00,35.00,128.00,-3.12,100,100,0.00,0,0.00,31.37,16.08,0.25,0.00,0.00,0,0,0,0
22739,ON,3,0,0.00,35.00,128.00,-3.12,100,100,0.00,0,0.00,31.37,16.08,0.25,0.00,0.00,0,0,0,0
22844,ON,3,0,0.00,35.00,128.00,-3.12,100,100,0.00,0,0.00,31.37,16.08,0.25,0.00,0.00,0,0,0,0
22949,ON,3,0,0.00,35.00,128.00,-3.12,100,100,0.00,0,0.00,31.37,16.08,0.25,0.00,0.00,0,0,0,0
23054,ON,3,0,0.00,35.00,128.00,-3.12,100,100,0.00,0,0.00,31.37,16.08,0.25,0.00,0.00,0,0,0,0
23162,ON,3,0,0.00,35.00,128.00,-3.12,100,100,0.00,0,0.00,31.37,16.08,0.25,0.00,0.00,0,0,0,0
23267,ON,3,0,0.00,35.00,128.00,-3.12,100,100,0.00,0,0.00,31.37,16.08,0.25,0.00,0.00,0,0,0,0
23372,ON,3,0,0.00,35.00,128.00,-3.12,100,100,0.00,0,0.00,31.37,16.08,0.25,0.00,0.00,0,0,0,0
23477,ON,3,0,0.00,35.00,128.00,-3.12,100,100,0.00,0,0.00,31.37,16.08,0.25,0.00,0.00,0,0,0,0
23582,ON,3,0,0.00,35.00,128.00,-3.12,100,100,0.00,0,0.00,31.37,16.08,0.25,0.00,0.00,0,0,0,0
23687,ON,3,0,0.00,35.00,128.00,-3.12,100,100,0.00,0,0.00,31.37,16.08,0.25,0.00,0.00,0,0,0,0
23795,ON,3,0,0.00,35.00,128.00,-3.12,100,100,0.00,0,0.00,31.37,16.08,0.25,0.00,0.00,0,0,0,0
23900,ON,3,0,0.00,35.00,128.00,-3.12,100,100,0.00,0,0.00,31.37,16.08,0.25,0.00,0.00,0,0,0,0
24005,ON,3,0,0.00,35.00,128.00,-3.12,100,100,0.00,0,0.00,31.37,16.08,0.25,0.00,0.00,0,0,0,0
24110,ON,3,0,0.00,35.00,128.00,-3.12,100,100,0.00,0,0.00,31.37,16.08,0.25,0.00,0.00,0,0,0,0
24220,ON,3,0,0.00,35.00,128.00,-3.12,100,100,0.00,0,0.00,31.37,16.08,0.25,0.00,0.00,0,0,0,0
24325,ON,3,0,0.00,35.00,128.00,-3.12,100,100,0.00,0,0.00,31.37,16.08,0.25,0.00,0.00,0,0,0,0
24433,ON,3,0,0.00,35.00,128.00,-3.12,100,100,0.00,0,0.00,31.37,16.08,0.25,0.00,0.00,0,0,0,0
24538,ON,3,0,0.00,35.00,128.00,-3.12,100,100,0.00,0,0.00,31.37,16.08,0.25,0.00,0.00,0,0,0,0
24643,ON,3,0,0.00,35.00,128.00,-3.12,100,100,0.00,0,0.00,31.37,16.08,0.25,0.00,0.00,0,0,0,0
24748,ON,3,0,0.00,35.00,128.00,-3.12,100,100,0.00,0,0.00,31.37,16.08,0.25,0.00,0.00,0,0,0,0
24853,ON,3,0,0.00,35.00,128.00,-3.12,100,100,0.00,0,0.00,31.37,16.08,0.25,0.00,0.00,0,0,0,0
24958,ON,3,0,0.00,35.00,128.00,-3.12,100,100,0.00,0,0.00,31.37,16.08,0.25,0.00,0.00,0,0,0,0
25066,ON,3,0,0.00,35.00,128.00,-3.12,100,100,0.00,0,0.00,31.37,16.08,0.25,0.00,0.00,0,0,0,0
25171,ON,3,0,0.00,35.00,128.00,-3.12,100,100,0.00,0,0.00,31.37,16.08,0.25,0.00,0.00,0,0,0,0
25276,ON,3,0,0.00,35.00,128.00,-3.12,100,100,0.00,0,0.00,31.37,16.08,0.25,0.00,0.00,0,0,0,0
25381,ON,3,0,0.00,35.00,128.00,-3.12,100,100,0.00,0,0.00,31.37,16.08,0.25,0.00,0.00,0,0,0,0
25486,ON,3,0,0.00,35.00,128.00,-3.12,100,100,0.00,0,0.00,31.37,16.08,0.25,0.00,0.00,0,0,0,0
25591,ON,3,0,0.00,35.00,128.00,-3.12,100,100,0.00,0,0.00,31.37,16.08,0.25,0.00,0.00,0,0,0,0
25699,ON,3,0,0.00,35.00,128.00,-3.12,100,100,0.00,0,0.00,31.37,16.08,0.25,0.00,0.00,0,0,0,0
25804,ON,3,0,0.00,35.00,128.00,-3.12,100,100,0.00,0,0.00,31.37,16.08,0.25,0.00,0.00,0,0,0,0
25909,ON,3,0,0.00,35.00,128.00,-3.12,100,100,0.00,0,0.00,31.37,16.08,0.25,0.00,0.00,0,0,0,0
26014,ON,3,0,0.00,35.00,128.00,-3.12,100,100,0.00,0,0.00,31.37,16.08,0.25,0.00,0.00,0,0,0,0
26119,ON,3,0,0.00,35.00,128.00,-3.12,100,100,0.00,0,0.00,31.37,16.08,0.25,0.00,0.00,0,0,0,0
26224,ON,3,0,0.00,35.00,128.00,-3.12,100,100,0.00,0,0.00,31.37,16.08,0.25,0.00,0.00,0,0,0,0
26332,ON,3,0,0.00,35.00,128.00,-3.12,100,100,0.00,0,0.00,31.37,16.08,0.25,0.00,0.00,0,0,0,0
26437,ON,3,0,0.00,35.00,128.00,-3.12,100,100,0.00,0,0.00,31.37,16.08,0.25,0.00,0.00,0,0,0,0
26542,ON,3,0,0.00,35.00,128.00,-3.12,100,100,0.00,0,0.00,31.37,16.08,0.25,0.00,0.00,0,0,0,0
26647,ON,3,0,0.00,35.00,128.00,-3.12,100,100,0.00,0,0.00,31.37,16.08,0.25,0.00,0.00,0,0,0,0
26752,ON,3,0,0.00,35.00,128.00,-3.12,100,100,0.00,0,0.00,31.37,16.08,0.25,0.00,0.00,0,0,0,0
26857,ON,3,0,0.00,35.00,128.00,-3.12,100,100,0.00,0,0.00,31.37,16.08,0.25,0.00,0.00,0,0,0,0
26965,ON,3,0,0.00,35.00,128.00,-3.12,100,100,0.00,0,0.00,31.37,16.08,0.25,0.00,0.00,0,0,0,0
27070,ON,3,0,0.00,35.00,128.00,-3.12,100,100,0.00,0,0.00,31.37,16.08,0.25,0.00,0.00,0,0,0,0
27175,ON,3,0,0.00,35.00,128.00,-3.12,100,100,0.00,0,0.00,31.37,16.08,0.25,0.00,0.00,0,0,0,0
27280,ON,3,0,0.00,35.00,128.00,-3.12,100,100,0.00,0,0.00,31.37,16.08,0.25,0.00,0.00,0,0,0,0
27385,ON,3,0,0.00,35.00,128.00,-3.12,100,100,0.00,0,0.00,31.37,16.08,0.25,0.00,0.00,0,0,0,0
27490,ON,3,0,0.00,35.00,128.00,-3.12,100,100,0.00,0,0.00,31.37,16.08,0.25,0.00,0.00,0,0,0,0
27598,ON,3,0,0.00,35.00,128.00,-3.12,100,100,0.00,0,0.00,31.37,16.08,0.25,0.00,0.00,0,0,0,0
27703,ON,3,0,0.00,35.00,128.00,-3.12,100,100,0.00,0,0.00,31.37,16.08,0.25,0.00,0.00,0,0,0,0
27808,ON,3,0,0.00,35.00,128.00,-3.12,100,100,0.00,0,0.00,31.37,16.08,0.25,0.00,0.00,0,0,0,0
27913,ON,3,0,0.00,35.00,128.00,-3.12,100,100,0.00,0,0.00,31.37,16.08,0.25,0.00,0.00,0,0,0,0
28018,ON,3,0,0.00,35.00,128.00,-3.12,100,100,0.00,0,0.00,31.37,16.08,0.25,0.00,0.00,0,0,0,0
28123,ON,3,0,0.00,35.00,128.00,-3.12,100,100,0.00,0,0.00,31.37,16.08,0.25,0.00,0.00,0,0,0,0
28231,ON,3,0,0.00,35.00,128.00,-3.12,100,100,0.00,0,0.00,31.37,16.08,0.25,0.00,0.00,0,0,0,0
28336,ON,3,0,0.00,35.00,128.00,-3.12,100,100,0.00,0,0.00,31.37,16.08,0.25,0.00,0.00,0,0,0,0
28441,ON,3,0,0.00,35.00,128.00,-3.12,100,100,0.00,0,0.00,31.37,16.08,0.25,0.00,0.00,0,0,0,0
28546,ON,3,0,0.00,35.00,128.00,-3.12,100,100,0.00,0,0.00,31.37,16.08,0.25,0.00,0.00,0,0,0,0
28651,ON,3,0,0.00,35.00,128.00,-3.12,100,100,0.00,0,0.00,31.37,16.08,0.25,0.00,0.00,0,0,0,0
28756,ON,3,0,0.00,35.00,128.00,-3.12,100,100,0.00,0,0.00,31.37,16.08,0.25,0.00,0.00,0,0,0,0
28863,ON,3,0,0.00,35.00,128.00,-3.12,100,100,0.00,0,0.00,31.37,16.08,0.25,0.00,0.00,0,0,0,0
28967,ON,3,0,0.00,35.00,128.00,-3.12,100,100,0.00,0,0.00,31.37,16.08,0.25,0.00,0.00,0,0,0,0
29071,ON,3,0,0.00,35.00,128.00,-3.12,100,100,0.00,0,0.00,31.37,16.08,0.25,0.00,0.00,0,0,0,0
29175,ON,3,0,0.00,35.00,128.00,-3.12,100,100,0.00,0,0.00,31.37,16.08,0.25,0.00,0.00,0,0,0,0
29279,ON,3,0,0.00,35.00,128.00,-3.12,100,100,0.00,0,0.00,31.37,16.08,0.25,0.00,0.00,0,0,0,0
29384,ON,3,0,0.00,35.00,128.00,-3.12,100,100,0.00,0,0.00,31.37,16.08,0.25,0.00,0.00,0,0,0,0
29492,ON,3,0,0.00,35.00,128.00,-3.12,100,100,0.00,0,0.00,31.37,16.08,0.25,0.00,0.00,0,0,0,0
29597,ON,3,0,0.00,35.00,128.00,-3.12,100,100,0.00,0,0.00,31.37,16.08,0.25,0.00,0.00,0,0,0,0
29702,ON,3,0,0.00,35.00,128.00,-3.12,100,100,0.00,0,0.00,31.37,16.08,0.25,0.00,0.00,0,0,0,0
29807,ON,3,0,0.00,35.00,128.00,-3.12,100,100,0.00,0,0.00,31.37,16.08,0.25,0.00,0.00,0,0,0,0
29912,ON,3,0,0.00,35.00,128.00,-3.12,100,100,0.00,0,0.00,31.37,16.08,0.25,0.00,0.00,0,0,0,0
30017,ON,3,0,0.00,35.00,128.00,-3.12,100,100,0.00,0,0.00,31.37,16.08,0.25,0.00,0.00,0,0,0,0
30125,ON,3,0,0.00,35.00,128.00,-3.12,100,100,0.00,0,0.00,31.37,16.08,0.25,0.00,0.00,0,0,0,0
30230,ON,3,0,0.00,35.00,128.00,-3.12,100,100,0.00,0,0.00,31.37,16.08,0.25,0.00,0.00,0,0,0,0
30335,ON,3,0,0.00,35.00,128.00,-3.12,100,100,0.00,0,0.00,31.37,16.08,0.25,0.00,0.00,0,0,0,0
30440,ON,3,0,0.00,35.00,128.00,-3.12,100,100,0.00,0,0.00,31.37,16.08,0.25,0.00,0.00,0,0,0,0
30545,ON,3,0,0.00,35.00,128.00,-3.12,100,100,0.00,0,0.00,31.37,16.08,0.25,0.00,0.00,0,0,0,0
30650,ON,3,0,0.00,35.00,128.00,-3.12,100,100,0.00,0,0.00,31.37,16.08,0.25,0.00,0.00,0,0,0,0
30758,ON,3,0,0.00,35.00,128.00,-3.12,100,100,0.00,0,0.00,31.37,16.08,0.25,0.00,0.00,0,0,0,0
30863,ON,3,0,0.00,35.00,128.00,-3.12,100,100,0.00,0,0.00,31.37,16.08,0.25,0.00,0.00,0,0,0,0
30968,ON,3,0,0.00,35.00,128.00,-3.12,100,100,0.00,0,0.00,31.37,16.08,0.25,0.00,0.00,0,0,0,0
31073,ON,3,0,0.00,35.00,128.00,-3.12,100,100,0.00,0,0.00,31.37,16.08,0.25,0.00,0.00,0,0,0,0
31178,ON,3,0,0.00,35.00,128.00,-3.12,100,100,0.00,0,0.00,31.37,16.08,0.25,0.00,0.00,0,0,0,0
31283,ON,3,0,0.00,35.00,128.00,-3.12,100,100,0.00,0,0.00,31.37,16.08,0.25,0.00,0.00,0,0,0,0
31391,ON,3,0,0.00,35.00,128.00,-3.12,100,100,0.00,0,0.00,31.37,16.08,0.25,0.00,0.00,0,0,0,0
31496,ON,3,0,0.00,35.00,128.00,-3.12,100,100,0.00,0,0.00,31.37,16.08,0.25,0.00,0.00,0,0,0,0
31601,ON,3,0,0.00,35.00,128.00,-3.12,100,100,0.00,0,0.00,31.37,16.08,0.25,0.00,0.00,0,0,0,0
31706,ON,3,0,0.00,35.00,128.00,-3.12,100,100,0.00,0,0.00,31.37,16.08,0.25,0.00,0.00,0,0,0,0
31811,ON,3,0,0.00,35.00,128.00,-3.12,100,100,0.00,0,0.00,31.37,16.08,0.25,0.00,0.00,0,0,0,0
31916,ON,3,0,0.00,35.00,128.00,-3.12,100,100,0.00,0,0.00,31.37,16.08,0.25,0.00,0.00,0,0,0,0
32024,ON,3,0,0.00,35.00,128.00,-3.12,100,100,0.00,0,0.00,31.37,16.08,0.25,0.00,0.00,0,0,0,0
32129,ON,3,0,0.00,35.00,128.00,-3.12,100,100,0.00,0,0.00,31.37,16.08,0.25,0.00,0.00,0,0,0,0
32234,ON,3,0,0.00,35.00,128.00,-3.12,100,100,0.00,0,0.00,31.37,16.08,0.25,0.00,0.00,0,0,0,0
32339,ON,3,0,0.00,35.00,128.00,-3.12,100,100,0.00,0,0.00,31.37,16.08,0.25,0.00,0.00,0,0,0,0
32444,ON,3,0,0.00,35.00,128.00,-3.12,100,100,0.00,0,0.00,31.37,16.08,0.25,0.00,0.00,0,0,0,0
32549,ON,3,0,0.00,35.00,128.00,-3.12,100,100,0.00,0,0.00,31.37,16.08,0.25,0.00,0.00,0,0,0,0
32657,ON,3,0,0.00,35.00,128.00,-3.12,100,100,0.00,0,0.00,31.37,16.08,0.25,0.00,0.00,0,0,0,0
32762,ON,3,0,0.00,35.00,128.00,-3.12,100,100,0.00,0,0.00,31.37,16.08,0.25,0.00,0.00,0,0,0,0
32867,ON,3,0,0.00,35.00,128.00,-3.12,100,100,0.00,0,0.00,31.37,16.08,0.25,0.00,0.00,0,0,0,0
32972,ON,3,0,0.00,35.00,128.00,-3.12,100,100,0.00,0,0.00,31.37,16.08,0.25,0.00,0.00,0,0,0,0
33077,ON,3,0,0.00,35.00,128.00,-3.12,100,100,0.00,0,0.00,31.37,16.08,0.25,0.00,0.00,0,0,0,0
33182,ON,3,0,0.00,35.00,128.00,-3.12,100,100,0.00,0,0.00,31.37,16.08,0.25,0.00,0.00,0,0,0,0
33290,ON,3,0,0.00,35.00,128.00,-3.12,100,100,0.00,0,0.00,31.37,16.08,0.25,0.00,0.00,0,0,0,0
33395,ON,3,0,0.00,35.00,128.00,-3.12,100,100,0.00,0,0.00,31.37,16.08,0.25,0.00,0.00,0,0,0,0
33500,ON,3,0,0.00,35.00,128.00,-3.12,100,100,0.00,0,0.00,31.37,16.08,0.25,0.00,0.00,0,0,0,0
33605,ON,3,0,0.00,35.00,128.00,-3.12,100,100,0.00,0,0.00,31.37,16.08,0.25,0.00,0.00,0,0,0,0
33710,ON,3,0,0.00,35.00,128.00,-3.12,100,100,0.00,0,0.00,31.37,16.08,0.25,0.00,0.00,0,0,0,0
33815,ON,3,0,0.00,35.00,128.00,-3.12,100,100,0.00,0,0.00,31.37,16.08,0.25,0.00,0.00,0,0,0,0
33923,ON,3,0,0.00,35.00,128.00,-3.12,100,100,0.00,0,0.00,31.37,16.08,0.25,0.00,0.00,0,0,0,0
34028,ON,3,0,0.00,35.00,128.00,-3.12,100,100,0.00,0,0.00,31.37,16.08,0.25,0.00,0.00,0,0,0,0
34133,ON,3,0,0.00,35.00,128.00,-3.12,100,100,0.00,0,0.00,31.37,16.08,0.25,0.00,0.00,0,0,0,0
34238,ON,3,0,0.00,35.00,128.00,-3.12,100,100,0.00,0,0.00,31.37,16.08,0.25,0.00,0.00,0,0,0,0
34343,ON,3,0,0.00,35.00,128.00,-3.12,100,100,0.00,0,0.00,31.37,16.08,0.25,0.00,0.00,0,0,0,0
34448,ON,3,0,0.00,35.00,128.00,-3.12,100,100,0.00,0,0.00,31.37,16.08,0.25,0.00,0.00,0,0,0,0
34556,ON,3,0,0.00,35.00,128.00,-3.12,100,100,0.00,0,0.00,31.37,16.08,0.25,0.00,0.00,0,0,0,0
34661,ON,3,0,0.00,35.00,128.00,-3.12,100,100,0.00,0,0.00,31.37,16.08,0.25,0.00,0.00,0,0,0,0
34766,ON,3,0,0.00,35.00,128.00,-3.12,100,100,0.00,0,0.00,31.37,16.08,0.25,0.00,0.00,0,0,0,0
34871,ON,3,0,0.00,35.00,128.00,-3.12,100,100,0.00,0,0.00,31.37,16.08,0.25,0.00,0.00,0,0,0,0
34976,ON,3,0,0.00,35.00,128.00,-3.12,100,100,0.00,0,0.00,31.37,16.08,0.25,0.00,0.00,0,0,0,0
35081,ON,3,0,0.00,35.00,128.00,-3.12,100,100,0.00,0,0.00,31.37,16.08,0.25,0.00,0.00,0,0,0,0
35189,ON,3,0,0.00,35.00,128.00,-3.12,100,100,0.00,0,0.00,31.37,16.08,0.25,0.00,0.00,0,0,0,0
35294,ON,3,0,0.00,35.00,128.00,-3.12,100,100,0.00,0,0.00,31.37,16.08,0.25,0.00,0.00,0,0,0,0
35399,ON,3,0,0.00,35.00,128.00,-3.12,100,100,0.00,0,0.00,31.37,16.08,0.25,0.00,0.00,0,0,0,0
35504,ON,3,0,0.00,35.00,128.00,-3.12,100,100,0.00,0,0.00,31.37,16.08,0.25,0.00,0.00,0,0,0,0
35609,ON,3,0,0.00,35.00,128.00,-3.12,100,100,0.00,0,0.00,31.37,16.08,0.25,0.00,0.00,0,0,0,0
35714,ON,3,0,0.00,35.00,128.00,-3.12,100,100,0.00,0,0.00,31.37,16.08,0.25,0.00,0.00,0,0,0,0
35822,ON,3,0,0.00,35.00,128.00,-3.12,100,100,0.00,0,0.00,31.37,16.08,0.25,0.00,0.00,0,0,0,0
35927,ON,3,0,0.00,35.00,128.00,-3.12,100,100,0.00,0,0.00,31.37,16.08,0.25,0.00,0.00,0,0,0,0
36032,ON,3,0,0.00,35.00,128.00,-3.12,100,100,0.00,0,0.00,31.37,16.08,0.25,0.00,0.00,0,0,0,0
36137,ON,3,0,0.00,35.00,128.00,-3.12,100,100,0.00,0,0.00,31.37,16.08,0.25,0.00,0.00,0,0,0,0
36242,ON,3,0,0.00,35.00,128.00,-3.12,100,100,0.00,0,0.00,31.37,16.08,0.25,0.00,0.00,0,0,0,0
36347,ON,3,0,0.00,35.00,128.00,-3.12,100,100,0.00,0,0.00,31.37,16.08,0.25,0.00,0.00,0,0,0,0
36455,ON,3,0,0.00,35.00,128.00,-3.12,100,100,0.00,0,0.00,31.37,16.08,0.25,0.00,0.00,0,0,0,0
36560,ON,3,0,0.00,35.00,128.00,-3.12,100,100,0.00,0,0.00,31.37,16.08,0.25,0.00,0.00,0,0,0,0
36665,ON,3,0,0.00,35.00,128.00,-3.12,100,100,0.00,0,0.00,31.37,16.08,0.25,0.00,0.00,0,0,0,0
36770,ON,3,0,0.00,35.00,128.00,-3.12,100,100,0.00,0,0.00,31.37,16.08,0.25,0.00,0.00,0,0,0,0
36875,ON,3,0,0.00,35.00,128.00,-3.12,100,100,0.00,0,0.00,31.37,16.08,0.25,0.00,0.00,0,0,0,0
36980,ON,3,0,0.00,35.00,128.00,-3.12,100,100,0.00,0,0.00,31.37,16.08,0.25,0.00,0.00,0,0,0,0
37088,ON,3,0,0.00,35.00,128.00,-3.12,100,100,0.00,0,0.00,31.37,16.08,0.25,0.00,0.00,0,0,0,0
37193,ON,3,0,0.00,35.00,128.00,-3.12,100,100,0.00,0,0.00,31.37,16.08,0.25,0.00,0.00,0,0,0,0
37298,ON,3,0,0.00,35.00,128.00,-3.12,100,100,0.00,0,0.00,31.37,16.08,0.25,0.00,0.00,0,0,0,0
37403,ON,3,0,0.00,35.00,128.00,-3.12,100,100,0.00,0,0.00,31.37,16.08,0.25,0.00,0.00,0,0,0,0
37508,ON,3,0,0.00,35.00,128.00,-3.12,100,100,0.00,0,0.00,31.37,16.08,0.25,0.00,0.00,0,0,0,0
37613,ON,3,0,0.00,35.00,128.00,-3.12,100,100,0.00,0,0.00,31.37,16.08,0.25,0.00,0.00,0,0,0,0
37721,ON,3,0,0.00,35.00,128.00,-3.12,100,100,0.00,0,0.00,31.37,16.08,0.25,0.00,0.00,0,0,0,0
37826,ON,3,0,0.00,35.00,128.00,-3.12,100,100,0.00,0,0.00,31.37,16.08,0.25,0.00,0.00,0,0,0,0
37931,ON,3,0,0.00,35.00,128.00,-3.12,100,100,0.00,0,0.00,31.37,16.08,0.25,0.00,0.00,0,0,0,0
38036,ON,3,0,0.00,35.00,128.00,-3.12,100,100,0.00,0,0.00,31.37,16.08,0.25,0.00,0.00,0,0,0,0
38142,ON,3,0,0.00,35.00,128.00,-3.12,100,100,0.00,0,0.00,31.37,16.08,0.25,0.00,0.00,0,0,0,0
38250,ON,3,0,0.00,35.00,128.00,-3.12,100,100,0.00,0,0.00,31.37,16.08,0.25,0.00,0.00,0,0,0,0
38355,ON,3,0,0.00,35.00,128.00,-3.12,100,100,0.00,0,0.00,31.37,16.08,0.25,0.00,0.00,0,0,0,0
38459,ON,3,0,0.00,35.00,128.00,-3.12,100,100,0.00,0,0.00,31.37,16.08,0.25,0.00,0.00,0,0,0,0
38563,ON,3,0,0.00,35.00,128.00,-3.12,100,100,0.00,0,0.00,31.37,16.08,0.25,0.00,0.00,0,0,0,0
38667,ON,3,0,0.00,35.00,128.00,-3.12,100,100,0.00,0,0.00,31.37,16.08,0.25,0.00,0.00,0,0,0,0
38772,ON,3,0,0.00,35.00,128.00,-3.12,100,100,0.00,0,0.00,31.37,16.08,0.25,0.00,0.00,0,0,0,0
38880,ON,3,0,0.00,35.00,128.00,-3.12,100,100,0.00,0,0.00,31.37,16.08,0.25,0.00,0.00,0,0,0,0
38985,ON,3,0,0.00,35.00,128.00,-3.12,100,100,0.00,0,0.00,31.37,16.08,0.25,0.00,0.00,0,0,0,0
39090,ON,3,0,0.00,35.00,128.00,-3.12,100,100,0.00,0,0.00,31.37,16.08,0.25,0.00,0.00,0,0,0,0
39195,ON,3,0,0.00,35.00,128.00,-3.12,100,100,0.00,0,0.00,31.37,16.08,0.25,0.00,0.00,0,0,0,0
39300,ON,3,0,0.00,35.00,128.00,-3.12,100,100,0.00,0,0.00,31.37,16.08,0.25,0.00,0.00,0,0,0,0
39405,ON,3,0,0.00,35.00,128.00,-3.12,100,100,0.00,0,0.00,31.37,16.08,0.25,0.00,0.00,0,0,0,0
39521,ON,3,0,0.00,35.00,128.00,-3.12,100,100,0.00,0,0.00,31.37,16.08,0.25,0.00,0.00,0,0,0,0
39640,ON,3,0,0.00,35.00,128.00,-3.12,100,100,0.00,0,0.00,31.37,16.08,0.25,0.00,0.00,0,0,0,0
39745,ON,3,0,0.00,35.00,128.00,-3.12,100,100,0.00,0,0.00,31.37,16.08,0.25,0.00,0.00,0,0,0,0
39850,ON,3,0,0.00,35.00,128.00,-3.12,100,100,0.00,0,0.00,31.37,16.08,0.25,0.00,0.00,0,0,0,0
39955,ON,3,0,0.00,35.00,128.00,-3.12,100,100,0.00,0,0.00,31.37,16.08,0.25,0.00,0.00,0,0,0,0
40060,ON,3,0,0.00,35.00,128.00,-3.12,100,100,0.00,0,0.00,31.37,16.08,0.25,0.00,0.00,0,0,0,0
40168,ON,3,0,0.00,35.00,128.00,-3.12,100,100,0.00,0,0.00,31.37,16.08,0.25,0.00,0.00,0,0,0,0
40273,ON,3,0,0.00,35.00,128.00,-3.12,100,100,0.00,0,0.00,31.37,16.08,0.25,0.00,0.00,0,0,0,0
40378,ON,3,0,0.00,35.00,128.00,-3.12,100,100,0.00,0,0.00,31.37,16.08,0.25,0.00,0.00,0,0,0,0
40483,ON,3,0,0.00,35.00,128.00,-3.12,100,100,0.00,0,0.00,31.37,16.08,0.25,0.00,0.00,0,0,0,0
40588,ON,3,0,0.00,35.00,128.00,-3.12,100,100,0.00,0,0.00,31.37,16.08,0.25,0.00,0.00,0,0,0,0
40693,ON,3,0,0.00,35.00,128.00,-3.12,100,100,0.00,0,0.00,31.37,16.08,0.25,0.00,0.00,0,0,0,0
40801,ON,3,0,0.00,35.00,128.00,-3.12,100,100,0.00,0,0.00,31.37,16.08,0.25,0.00,0.00,0,0,0,0
40906,ON,3,0,0.00,35.00,128.00,-3.12,100,100,0.00,0,0.00,31.37,16.08,0.25,0.00,0.00,0,0,0,0
41011,ON,3,0,0.00,35.00,128.00,-3.12,100,100,0.00,0,0.00,31.37,16.08,0.25,0.00,0.00,0,0,0,0
41116,ON,3,0,0.00,35.00,128.00,-3.12,100,100,0.00,0,0.00,31.37,16.08,0.25,0.00,0.00,0,0,0,0
41221,ON,3,0,0.00,35.00,128.00,-3.12,100,100,0.00,0,0.00,31.37,16.08,0.25,0.00,0.00,0,0,0,0
41326,ON,3,0,0.00,35.00,128.00,-3.12,100,100,0.00,0,0.00,31.37,16.08,0.25,0.00,0.00,0,0,0,0
41434,ON,3,0,0.00,35.00,128.00,-3.12,100,100,0.00,0,0.00,31.37,16.08,0.25,0.00,0.00,0,0,0,0
41539,ON,3,0,0.00,35.00,128.00,-3.12,100,100,0.00,0,0.00,31.37,16.08,0.25,0.00,0.00,0,0,0,0
41644,ON,3,0,0.00,35.00,128.00,-3.12,100,100,0.00,0,0.00,31.37,16.08,0.25,0.00,0.00,0,0,0,0
41749,ON,3,0,0.00,35.00,128.00,-3.12,100,100,0.00,0,0.00,31.37,16.08,0.25,0.00,0.00,0,0,0,0
41854,ON,3,0,0.00,35.00,128.00,-3.12,100,100,0.00,0,0.00,31.37,16.08,0.25,0.00,0.00,0,0,0,0
41959,ON,3,0,0.00,35.00,128.00,-3.12,100,100,0.00,0,0.00,31.37,16.08,0.25,0.00,0.00,0,0,0,0
42067,ON,3,0,0.00,35.00,128.00,-3.12,100,100,0.00,0,0.00,31.37,16.08,0.25,0.00,0.00,0,0,0,0
42172,ON,3,0,0.00,35.00,128.00,-3.12,100,100,0.00,0,0.00,31.37,16.08,0.25,0.00,0.00,0,0,0,0
42277,ON,3,0,0.00,35.00,128.00,-3.12,100,100,0.00,0,0.00,31.37,16.08,0.25,0.00,0.00,0,0,0,0
42382,ON,3,0,0.00,35.00,128.00,-3.12,100,100,0.00,0,0.00,31.37,16.08,0.25,0.00,0.00,0,0,0,0
42487,ON,3,0,0.00,35.00,128.00,-3.12,100,100,0.00,0,0.00,31.37,16.08,0.25,0.00,0.00,0,0,0,0
42592,ON,3,0,0.00,35.00,128.00,-3.12,100,100,0.00,0,0.00,31.37,16.08,0.25,0.00,0.00,0,0,0,0
42700,ON,3,0,0.00,35.00,128.00,-3.12,100,100,0.00,0,0.00,31.37,16.08,0.25,0.00,0.00,0,0,0,0
42805,ON,3,0,0.00,35.00,128.00,-3.12,100,100,0.00,0,0.00,31.37,16.08,0.25,0.00,0.00,0,0,0,0
42910,ON,3,0,0.00,35.00,128.00,-3.12,100,100,0.00,0,0.00,31.37,16.08,0.25,0.00,0.00,0,0,0,0
43015,ON,3,0,0.00,35.00,128.00,-3.12,100,100,0.00,0,0.00,31.37,16.08,0.25,0.00,0.00,0,0,0,0
43120,ON,3,0,0.00,35.00,128.00,-3.12,100,100,0.00,0,0.00,31.37,16.08,0.25,0.00,0.00,0,0,0,0
43225,ON,3,0,0.00,35.00,128.00,-3.12,100,100,0.00,0,0.00,31.37,16.08,0.25,0.00,0.00,0,0,0,0
43333,ON,3,0,0.00,35.00,128.00,-3.12,100,100,0.00,0,0.00,31.37,16.08,0.25,0.00,0.00,0,0,0,0
43438,ON,3,0,0.00,35.00,128.00,-3.12,100,100,0.00,0,0.00,31.37,16.08,0.25,0.00,0.00,0,0,0,0
43543,ON,3,0,0.00,35.00,128.00,-3.12,100,100,0.00,0,0.00,31.37,16.08,0.25,0.00,0.00,0,0,0,0
43648,ON,3,0,0.00,35.00,128.00,-3.12,100,100,0.00,0,0.00,31.37,16.08,0.25,0.00,0.00,0,0,0,0
43753,ON,3,0,0.00,35.00,128.00,-3.12,100,100,0.00,0,0.00,31.37,16.08,0.25,0.00,0.00,0,0,0,0
43858,ON,3,0,0.00,35.00,128.00,-3.12,100,100,0.00,0,0.00,31.37,16.08,0.25,0.00,0.00,0,0,0,0
43966,ON,3,0,0.00,35.00,128.00,-3.12,100,100,0.00,0,0.00,31.37,16.08,0.25,0.00,0.00,0,0,0,0
44071,ON,3,0,0.00,35.00,128.00,-3.12,100,100,0.00,0,0.00,31.37,16.08,0.25,0.00,0.00,0,0,0,0
44176,ON,3,0,0.00,35.00,128.00,-3.12,100,100,0.00,0,0.00,31.37,16.08,0.25,0.00,0.00,0,0,0,0
44281,ON,3,0,0.00,35.00,128.00,-3.12,100,100,0.00,0,0.00,31.37,16.08,0.25,0.00,0.00,0,0,0,0
44386,ON,3,0,0.00,35.00,128.00,-3.12,100,100,0.00,0,0.00,31.37,16.08,0.25,0.00,0.00,0,0,0,0
44491,ON,3,0,0.00,35.00,128.00,-3.12,100,100,0.00,0,0.00,31.37,16.08,0.25,0.00,0.00,0,0,0,0
44599,ON,3,0,0.00,35.00,128.00,-3.12,100,100,0.00,0,0.00,31.37,16.08,0.25,0.00,0.00,0,0,0,0
44704,ON,3,0,0.00,35.00,128.00,-3.12,100,100,0.00,0,0.00,31.37,16.08,0.25,0.00,0.00,0,0,0,0
44809,ON,3,0,0.00,35.00,128.00,-3.12,100,100,0.00,0,0.00,31.37,16.08,0.25,0.00,0.00,0,0,0,0
44914,ON,3,0,0.00,35.00,128.00,-3.12,100,100,0.00,0,0.00,31.37,16.08,0.25,0.00,0.00,0,0,0,0
45019,ON,3,0,0.00,35.00,128.00,-3.12,100,100,0.00,0,0.00,31.37,16.08,0.25,0.00,0.00,0,0,0,0
45124,ON,3,0,0.00,35.00,128.00,-3.12,100,100,0.00,0,0.00,31.37,16.08,0.25,0.00,0.00,0,0,0,0
45232,ON,3,0,0.00,35.00,128.00,-3.12,100,100,0.00,0,0.00,31.37,16.08,0.25,0.00,0.00,0,0,0,0
45337,ON,3,0,0.00,35.00,128.00,-3.12,100,100,0.00,0,0.00,31.37,16.08,0.25,0.00,0.00,0,0,0,0
45442,ON,3,0,0.00,35.00,128.00,-3.12,100,100,0.00,0,0.00,31.37,16.08,0.25,0.00,0.00,0,0,0,0
45547,ON,3,0,0.00,35.00,128.00,-3.12,100,100,0.00,0,0.00,31.37,16.08,0.25,0.00,0.00,0,0,0,0
45652,ON,3,0,0.00,35.00,128.00,-3.12,100,100,0.00,0,0.00,31.37,16.08,0.25,0.00,0.00,0,0,0,0
45757,ON,3,0,0.00,35.00,128.00,-3.12,100,100,0.00,0,0.00,31.37,16.08,0.25,0.00,0.00,0,0,0,0
45865,ON,3,0,0.00,35.00,128.00,-3.12,100,100,0.00,0,0.00,31.37,16.08,0.25,0.00,0.00,0,0,0,0
45970,ON,3,0,0.00,35.00,128.00,-3.12,100,100,0.00,0,0.00,31.37,16.08,0.25,0.00,0.00,0,0,0,0
46075,ON,3,0,0.00,35.00,128.00,-3.12,100,100,0.00,0,0.00,31.37,16.08,0.25,0.00,0.00,0,0,0,0
46180,ON,3,0,0.00,35.00,128.00,-3.12,100,100,0.00,0,0.00,31.37,16.08,0.25,0.00,0.00,0,0,0,0
46285,ON,3,0,0.00,35.00,128.00,-3.12,100,100,0.00,0,0.00,31.37,16.08,0.25,0.00,0.00,0,0,0,0
46390,ON,3,0,0.00,35.00,128.00,-3.12,100,100,0.00,0,0.00,31.37,16.08,0.25,0.00,0.00,0,0,0,0
46498,ON,3,0,0.00,35.00,128.00,-3.12,100,100,0.00,0,0.00,31.37,16.08,0.25,0.00,0.00,0,0,0,0
46603,ON,3,0,0.00,35.00,128.00,-3.12,100,100,0.00,0,0.00,31.37,16.08,0.25,0.00,0.00,0,0,0,0
46708,ON,3,0,0.00,35.00,128.00,-3.12,100,100,0.00,0,0.00,31.37,16.08,0.25,0.00,0.00,0,0,0,0
46813,ON,3,0,0.00,35.00,128.00,-3.12,100,100,0.00,0,0.00,31.37,16.08,0.25,0.00,0.00,0,0,0,0
46918,ON,3,0,0.00,35.00,128.00,-3.12,100,100,0.00,0,0.00,31.37,16.08,0.25,0.00,0.00,0,0,0,0
47023,ON,3,0,0.00,35.00,128.00,-3.12,100,100,0.00,0,0.00,31.37,16.08,0.25,0.00,0.00,0,0,0,0
47131,ON,3,0,0.00,35.00,128.00,-3.12,100,100,0.00,0,0.00,31.37,16.08,0.25,0.00,0.00,0,0,0,0
47236,ON,3,0,0.00,35.00,128.00,-3.12,100,100,0.00,0,0.00,31.37,16.08,0.25,0.00,0.00,0,0,0,0
47341,ON,3,0,0.00,35.00,128.00,-3.12,100,100,0.00,0,0.00,31.37,16.08,0.25,0.00,0.00,0,0,0,0
47445,ON,3,0,0.00,35.00,128.00,-3.12,100,100,0.00,0,0.00,31.37,16.08,0.25,0.00,0.00,0,0,0,0
47550,ON,3,0,0.00,35.00,128.00,-3.12,100,100,0.00,0,0.00,31.37,16.08,0.25,0.00,0.00,0,0,0,0
47655,ON,3,0,0.00,35.00,128.00,-3.12,100,100,0.00,0,0.00,31.37,16.08,0.25,0.00,0.00,0,0,0,0
47763,ON,3,0,0.00,35.00,128.00,-3.12,100,100,0.00,0,0.00,31.37,16.08,0.25,0.00,0.00,0,0,0,0
47867,ON,3,0,0.00,35.00,128.00,-3.12,100,100,0.00,0,0.00,31.37,16.08,0.25,0.00,0.00,0,0,0,0
47971,ON,3,0,0.00,35.00,128.00,-3.12,100,100,0.00,0,0.00,31.37,16.08,0.25,0.00,0.00,0,0,0,0
48076,ON,3,0,0.00,35.00,128.00,-3.12,100,100,0.00,0,0.00,31.37,16.08,0.25,0.00,0.00,0,0,0,0
48181,ON,3,0,0.00,35.00,128.00,-3.12,100,100,0.00,0,0.00,31.37,16.08,0.25,0.00,0.00,0,0,0,0
48286,ON,3,0,0.00,35.00,128.00,-3.12,100,100,0.00,0,0.00,31.37,16.08,0.25,0.00,0.00,0,0,0,0
48394,ON,3,0,0.00,35.00,128.00,-3.12,100,100,0.00,0,0.00,31.37,16.08,0.25,0.00,0.00,0,0,0,0
48499,ON,3,0,0.00,35.00,128.00,-3.12,100,100,0.00,0,0.00,31.37,16.08,0.25,0.00,0.00,0,0,0,0
48604,ON,3,0,0.00,35.00,128.00,-3.12,100,100,0.00,0,0.00,31.37,16.08,0.25,0.00,0.00,0,0,0,0
48709,ON,3,0,0.00,35.00,128.00,-3.12,100,100,0.00,0,0.00,31.37,16.08,0.25,0.00,0.00,0,0,0,0
48814,ON,3,0,0.00,35.00,128.00,-3.12,100,100,0.00,0,0.00,31.37,16.08,0.25,0.00,0.00,0,0,0,0
48919,ON,3,0,0.00,35.00,128.00,-3.12,100,100,0.00,0,0.00,31.37,16.08,0.25,0.00,0.00,0,0,0,0
49027,ON,3,0,0.00,35.00,128.00,-3.12,100,100,0.00,0,0.00,31.37,16.08,0.25,0.00,0.00,0,0,0,0
49132,ON,3,0,0.00,35.00,128.00,-3.12,100,100,0.00,0,0.00,31.37,16.08,0.25,0.00,0.00,0,0,0,0
49237,ON,3,0,0.00,35.00,128.00,-3.12,100,100,0.00,0,0.00,31.37,16.08,0.25,0.00,0.00,0,0,0,0
49342,ON,3,0,0.00,35.00,128.00,-3.12,100,100,0.00,0,0.00,31.37,16.08,0.25,0.00,0.00,0,0,0,0
49447,ON,3,0,0.00,35.00,128.00,-3.12,100,100,0.00,0,0.00,31.37,16.08,0.25,0.00,0.00,0,0,0,0
49552,ON,3,0,0.00,35.00,128.00,-3.12,100,100,0.00,0,0.00,31.37,16.08,0.25,0.00,0.00,0,0,0,0
49660,ON,3,0,0.00,35.00,128.00,-3.12,100,100,0.00,0,0.00,31.37,16.08,0.25,0.00,0.00,0,0,0,0
49765,ON,3,0,0.00,35.00,128.00,-3.12,100,100,0.00,0,0.00,31.37,16.08,0.25,0.00,0.00,0,0,0,0
49870,ON,3,0,0.00,35.00,128.00,-3.12,100,100,0.00,0,0.00,31.37,16.08,0.25,0.00,0.00,0,0,0,0
49975,ON,3,0,0.00,35.00,128.00,-3.12,100,100,0.00,0,0.00,31.37,16.08,0.25,0.00,0.00,0,0,0,0
50080,ON,3,0,0.00,35.00,128.00,-3.12,100,100,0.00,0,0.00,31.37,16.08,0.25,0.00,0.00,0,0,0,0
50185,ON,3,0,0.00,35.00,128.00,-3.12,100,100,0.00,0,0.00,31.37,16.08,0.25,0.00,0.00,0,0,0,0
50293,ON,3,0,0.00,35.00,128.00,-3.12,100,100,0.00,0,0.00,31.37,16.08,0.25,0.00,0.00,0,0,0,0
50398,ON,3,0,0.00,35.00,128.00,-3.12,100,100,0.00,0,0.00,31.37,16.08,0.25,0.00,0.00,0,0,0,0
50503,ON,3,0,0.00,35.00,128.00,-3.12,100,100,0.00,0,0.00,31.37,16.08,0.25,0.00,0.00,0,0,0,0
50608,ON,3,0,0.00,35.00,128.00,-3.12,100,100,0.00,0,0.00,31.37,16.08,0.25,0.00,0.00,0,0,0,0
50713,ON,3,0,0.00,35.00,128.00,-3.12,100,100,0.00,0,0.00,31.37,16.08,0.25,0.00,0.00,0,0,0,0
50818,ON,3,0,0.00,35.00,128.00,-3.12,100,100,0.00,0,0.00,31.37,16.08,0.25,0.00,0.00,0,0,0,0
50926,ON,3,0,0.00,35.00,128.00,-3.12,100,100,0.00,0,0.00,31.37,16.08,0.25,0.00,0.00,0,0,0,0
51031,ON,3,0,0.00,35.00,128.00,-3.12,100,100,0.00,0,0.00,31.37,16.08,0.25,0.00,0.00,0,0,0,0
51136,ON,3,0,0.00,35.00,128.00,-3.12,100,100,0.00,0,0.00,31.37,16.08,0.25,0.00,0.00,0,0,0,0
51241,ON,3,0,0.00,35.00,128.00,-3.12,100,100,0.00,0,0.00,31.37,16.08,0.25,0.00,0.00,0,0,0,0
51346,ON,3,0,0.00,35.00,128.00,-3.12,100,100,0.00,0,0.00,31.37,16.08,0.25,0.00,0.00,0,0,0,0
51451,ON,3,0,0.00,35.00,128.00,-3.12,100,100,0.00,0,0.00,31.37,16.08,0.25,0.00,0.00,0,0,0,0
51559,ON,3,0,0.00,35.00,128.00,-3.12,100,100,0.00,0,0.00,31.37,16.08,0.25,0.00,0.00,0,0,0,0
51664,ON,3,0,0.00,35.00,128.00,-3.12,100,100,0.00,0,0.00,31.37,16.08,0.25,0.00,0.00,0,0,0,0
51769,ON,3,0,0.00,35.00,128.00,-3.12,100,100,0.00,0,0.00,31.37,16.08,0.25,0.00,0.00,0,0,0,0
51874,ON,3,0,0.00,34.00,128.00,-3.12,100,100,0.00,0,0.00,31.37,16.08,0.25,0.00,0.00,0,0,0,0
51979,ON,3,0,0.00,35.00,128.00,-3.12,100,100,0.00,0,0.00,31.37,16.08,0.25,0.00,0.00,0,0,0,0
52084,ON,3,0,0.00,35.00,128.00,-3.12,100,100,0.00,0,0.00,31.37,16.08,0.25,0.00,0.00,0,0,0,0
52192,ON,3,0,0.00,35.00,128.00,-3.12,100,100,0.00,0,0.00,31.37,16.08,0.25,0.00,0.00,0,0,0,0
52297,ON,3,0,0.00,35.00,128.00,-3.12,100,100,0.00,0,0.00,31.37,16.08,0.25,0.00,0.00,0,0,0,0
52402,ON,3,0,0.00,35.00,128.00,-3.12,100,100,0.00,0,0.00,31.37,16.08,0.25,0.00,0.00,0,0,0,0
52507,ON,3,0,0.00,35.00,128.00,-3.12,100,100,0.00,0,0.00,31.37,16.08,0.25,0.00,0.00,0,0,0,0
52612,ON,3,0,0.00,35.00,128.00,-3.12,100,100,0.00,0,0.00,31.37,16.08,0.25,0.00,0.00,0,0,0,0
52717,ON,3,0,0.00,35.00,128.00,-3.12,100,100,0.00,0,0.00,31.37,16.08,0.25,0.00,0.00,0,0,0,0
52825,ON,3,0,0.00,35.00,128.00,-3.12,100,100,0.00,0,0.00,31.37,16.08,0.25,0.00,0.00,0,0,0,0
52930,ON,3,0,0.00,35.00,128.00,-3.12,100,100,0.00,0,0.00,31.37,16.08,0.25,0.00,0.00,0,0,0,0
53035,ON,3,0,0.00,35.00,128.00,-3.12,100,100,0.00,0,0.00,31.37,16.08,0.25,0.00,0.00,0,0,0,0
53140,ON,3,0,0.00,35.00,128.00,-3.12,100,100,0.00,0,0.00,31.37,16.08,0.25,0.00,0.00,0,0,0,0
53245,ON,3,0,0.00,35.00,128.00,-3.12,100,100,0.00,0,0.00,31.37,16.08,0.25,0.00,0.00,0,0,0,0
53350,ON,3,0,0.00,35.00,128.00,-3.12,100,100,0.00,0,0.00,31.37,16.08,0.25,0.00,0.00,0,0,0,0
53458,ON,3,0,0.00,35.00,128.00,-3.12,100,100,0.00,0,0.00,31.37,16.08,0.25,0.00,0.00,0,0,0,0
53563,ON,3,0,0.00,35.00,128.00,-3.12,100,100,0.00,0,0.00,31.37,16.08,0.25,0.00,0.00,0,0,0,0
53668,ON,3,0,0.00,35.00,128.00,-3.12,100,100,0.00,0,0.00,31.37,16.08,0.25,0.00,0.00,0,0,0,0
53773,ON,3,0,0.00,35.00,128.00,-3.12,100,100,0.00,0,0.00,31.37,16.08,0.25,0.00,0.00,0,0,0,0
53878,ON,3,0,0.00,35.00,128.00,-3.12,100,100,0.00,0,0.00,31.37,16.08,0.25,0.00,0.00,0,0,0,0
53983,ON,3,0,0.00,35.00,128.00,-3.12,100,100,0.00,0,0.00,31.37,16.08,0.25,0.00,0.00,0,0,0,0
54091,ON,3,0,0.00,35.00,128.00,-3.12,100,100,0.00,0,0.00,31.37,16.08,0.25,0.00,0.00,0,0,0,0
54196,ON,3,0,0.00,35.00,128.00,-3.12,100,100,0.00,0,0.00,31.37,16.08,0.25,0.00,0.00,0,0,0,0
54301,ON,3,0,0.00,35.00,128.00,-3.12,100,100,0.00,0,0.00,31.37,16.08,0.25,0.00,0.00,0,0,0,0
54406,ON,3,0,0.00,35.00,128.00,-3.12,100,100,0.00,0,0.00,31.37,16.08,0.25,0.00,0.00,0,0,0,0
54511,ON,3,0,0.00,35.00,128.00,-3.12,100,100,0.00,0,0.00,31.37,16.08,0.25,0.00,0.00,0,0,0,0
54616,ON,3,0,0.00,35.00,128.00,-3.12,100,100,0.00,0,0.00,31.37,16.08,0.25,0.00,0.00,0,0,0,0
54724,ON,3,0,0.00,35.00,128.00,-3.12,100,100,0.00,0,0.00,31.37,16.08,0.25,0.00,0.00,0,0,0,0
54829,ON,3,0,0.00,35.00,128.00,-3.12,100,100,0.00,0,0.00,31.37,16.08,0.25,0.00,0.00,0,0,0,0
54934,ON,3,0,0.00,35.00,128.00,-3.12,100,100,0.00,0,0.00,31.37,16.08,0.25,0.00,0.00,0,0,0,0
55039,ON,3,0,0.00,35.00,128.00,-3.12,100,100,0.00,0,0.00,31.37,16.08,0.25,0.00,0.00,0,0,0,0
55144,ON,3,0,0.00,35.00,128.00,-3.12,100,100,0.00,0,0.00,31.37,16.08,0.25,0.00,0.00,0,0,0,0
55249,ON,3,0,0.00,35.00,128.00,-3.12,100,100,0.00,0,0.00,31.37,16.08,0.25,0.00,0.00,0,0,0,0
55357,ON,3,0,0.00,35.00,128.00,-3.12,100,100,0.00,0,0.00,31.37,16.08,0.25,0.00,0.00,0,0,0,0
55462,ON,3,0,0.00,35.00,128.00,-3.12,100,100,0.00,0,0.00,31.37,16.08,0.25,0.00,0.00,0,0,0,0
55567,ON,3,0,0.00,35.00,128.00,-3.12,100,100,0.00,0,0.00,31.37,16.08,0.25,0.00,0.00,0,0,0,0
55672,ON,3,0,0.00,35.00,128.00,-3.12,100,100,0.00,0,0.00,31.37,16.08,0.25,0.00,0.00,0,0,0,0
55777,ON,3,0,0.00,35.00,128.00,-3.12,100,100,0.00,0,0.00,31.37,16.08,0.25,0.00,0.00,0,0,0,0
55882,ON,3,0,0.00,35.00,128.00,-3.12,100,100,0.00,0,0.00,31.37,16.08,0.25,0.00,0.00,0,0,0,0
55990,ON,3,0,0.00,35.00,128.00,-3.12,100,100,0.00,0,0.00,31.37,16.08,0.25,0.00,0.00,0,0,0,0
56095,ON,3,0,0.00,35.00,128.00,-3.12,100,100,0.00,0,0.00,31.37,16.08,0.25,0.00,0.00,0,0,0,0
56200,ON,3,0,0.00,35.00,128.00,-3.12,100,100,0.00,0,0.00,31.37,16.08,0.25,0.00,0.00,0,0,0,0
56305,ON,3,0,0.00,35.00,128.00,-3.12,100,100,0.00,0,0.00,31.37,16.08,0.25,0.00,0.00,0,0,0,0
56410,ON,3,0,0.00,35.00,128.00,-3.12,100,100,0.00,0,0.00,31.37,16.08,0.25,0.00,0.00,0,0,0,0
56514,ON,3,0,0.00,35.00,128.00,-3.12,100,100,0.00,0,0.00,31.37,16.08,0.25,0.00,0.00,0,0,0,0
56622,ON,3,0,0.00,35.00,128.00,-3.12,100,100,0.00,0,0.00,31.37,16.08,0.25,0.00,0.00,0,0,0,0
56726,ON,3,0,0.00,35.00,128.00,-3.12,100,100,0.00,0,0.00,31.37,16.08,0.25,0.00,0.00,0,0,0,0
56831,ON,3,0,0.00,35.00,128.00,-3.12,100,100,0.00,0,0.00,31.37,16.08,0.25,0.00,0.00,0,0,0,0
56936,ON,3,0,0.00,35.00,128.00,-3.12,100,100,0.00,0,0.00,31.37,16.08,0.25,0.00,0.00,0,0,0,0
57040,ON,3,0,0.00,35.00,128.00,-3.12,100,100,0.00,0,0.00,31.37,16.08,0.25,0.00,0.00,0,0,0,0
57144,ON,3,0,0.00,35.00,128.00,-3.12,100,100,0.00,0,0.00,31.37,16.08,0.25,0.00,0.00,0,0,0,0
57252,ON,3,0,0.00,35.00,128.00,-3.12,100,100,0.00,0,0.00,31.37,16.08,0.25,0.00,0.00,0,0,0,0
57356,ON,3,0,0.00,35.00,128.00,-3.12,100,100,0.00,0,0.00,31.37,16.08,0.25,0.00,0.00,0,0,0,0
57461,ON,3,0,0.00,35.00,128.00,-3.12,100,100,0.00,0,0.00,31.37,16.08,0.25,0.00,0.00,0,0,0,0
57566,ON,3,0,0.00,35.00,128.00,-3.12,100,100,0.00,0,0.00,31.37,16.08,0.25,0.00,0.00,0,0,0,0
57671,ON,3,0,0.00,35.00,128.00,-3.12,100,100,0.00,0,0.00,31.37,16.08,0.25,0.00,0.00,0,0,0,0
57776,ON,3,0,0.00,35.00,128.00,-3.12,100,100,0.00,0,0.00,31.37,16.08,0.25,0.00,0.00,0,0,0,0
57884,ON,3,0,0.00,35.00,128.00,-3.12,100,100,0.00,0,0.00,31.37,16.08,0.25,0.00,0.00,0,0,0,0
57989,ON,3,0,0.00,35.00,128.00,-3.12,100,100,0.00,0,0.00,31.37,16.08,0.25,0.00,0.00,0,0,0,0
58094,ON,3,0,0.00,35.00,128.00,-3.12,100,100,0.00,0,0.00,31.37,16.08,0.25,0.00,0.00,0,0,0,0
58199,ON,3,0,0.00,35.00,128.00,-3.12,100,100,0.00,0,0.00,31.37,16.08,0.25,0.00,0.00,0,0,0,0
58304,ON,3,0,0.00,35.00,128.00,-3.12,100,100,0.00,0,0.00,31.37,16.08,0.25,0.00,0.00,0,0,0,0
58409,ON,3,0,0.00,35.00,128.00,-3.12,100,100,0.00,0,0.00,31.37,16.08,0.25,0.00,0.00,0,0,0,0
58517,ON,3,0,0.00,35.00,128.00,-3.12,100,100,0.00,0,0.00,31.37,16.08,0.25,0.00,0.00,0,0,0,0
58622,ON,3,0,0.00,35.00,128.00,-3.12,100,100,0.00,0,0.00,31.37,16.08,0.25,0.00,0.00,0,0,0,0
58727,ON,3,0,0.00,35.00,128.00,-3.12,100,100,0.00,0,0.00,31.37,16.08,0.25,0.00,0.00,0,0,0,0
58832,ON,3,0,0.00,35.00,128.00,-3.12,100,100,0.00,0,0.00,31.37,16.08,0.25,0.00,0.00,0,0,0,0
58937,ON,3,0,0.00,35.00,128.00,-3.12,100,100,0.00,0,0.00,31.37,16.08,0.25,0.00,0.00,0,0,0,0
59042,ON,3,0,0.00,35.00,128.00,-3.12,100,100,0.00,0,0.00,31.37,16.08,0.25,0.00,0.00,0,0,0,0
59150,ON,3,0,0.00,35.00,128.00,-3.12,100,100,0.00,0,0.00,31.37,16.08,0.25,0.00,0.00,0,0,0,0
59255,ON,3,0,0.00,35.00,128.00,-3.12,100,100,0.00,0,0.00,31.37,16.08,0.25,0.00,0.00,0,0,0,0
59360,ON,3,0,0.00,35.00,128.00,-3.12,100,100,0.00,0,0.00,31.37,16.08,0.25,0.00,0.00,0,0,0,0
59465,ON,3,0,0.00,35.00,128.00,-3.12,100,100,0.00,0,0.00,31.37,16.08,0.25,0.00,0.00,0,0,0,0
59570,ON,3,0,0.00,35.00,128.00,-3.12,100,100,0.00,0,0.00,31.37,16.08,0.25,0.00,0.00,0,0,0,0
59675,ON,3,0,0.00,35.00,128.00,-3.12,100,100,0.00,0,0.00,31.37,16.08,0.25,0.00,0.00,0,0,0,0
59783,ON,3,0,0.00,35.00,128.00,-3.12,100,100,0.00,0,0.00,31.37,16.08,0.25,0.00,0.00,0,0,0,0
59888,ON,3,0,0.00,35.00,128.00,-3.12,100,100,0.00,0,0.00,31.37,16.08,0.25,0.00,0.00,0,0,0,0
59993,ON,3,0,0.00,35.00,128.00,-3.12,100,100,0.00,0,0.00,31.37,16.08,0.25,0.00,0.00,0,0,0,0
60098,ON,3,0,0.00,35.00,128.00,-3.12,100,100,0.00,0,0.00,31.37,16.08,0.25,0.00,0.00,0,0,0,0
60203,ON,3,0,0.00,35.00,128.00,-3.12,100,100,0.00,0,0.00,31.37,16.08,0.25,0.00,0.00,0,0,0,0
60308,ON,3,0,0.00,35.00,128.00,-3.12,100,100,0.00,0,0.00,31.37,16.08,0.25,0.00,0.00,0,0,0,0
60416,ON,3,0,0.00,35.00,128.00,-3.12,100,100,0.00,0,0.00,31.37,16.08,0.25,0.00,0.00,0,0,0,0
60521,ON,3,0,0.00,35.00,128.00,-3.12,100,100,0.00,0,0.00,31.37,16.08,0.25,0.00,0.00,0,0,0,0
60626,ON,3,0,0.00,35.00,128.00,-3.12,100,100,0.00,0,0.00,31.37,16.08,0.25,0.00,0.00,0,0,0,0
60731,ON,3,0,0.00,35.00,128.00,-3.12,100,100,0.00,0,0.00,31.37,16.08,0.25,0.00,0.00,0,0,0,0
60836,ON,3,0,0.00,35.00,128.00,-3.12,100,100,0.00,0,0.00,31.37,16.08,0.25,0.00,0.00,0,0,0,0
60941,ON,3,0,0.00,35.00,128.00,-3.12,100,100,0.00,0,0.00,31.37,16.08,0.25,0.00,0.00,0,0,0,0
61049,ON,3,0,0.00,35.00,128.00,-3.12,100,100,0.00,0,0.00,31.37,16.08,0.25,0.00,0.00,0,0,0,0
61154,ON,3,0,0.00,35.00,128.00,-3.12,100,100,0.00,0,0.00,31.37,16.08,0.25,0.00,0.00,0,0,0,0
61259,ON,3,0,0.00,35.00,128.00,-3.12,100,100,0.00,0,0.00,31.37,16.08,0.25,0.00,0.00,0,0,0,0
61364,ON,3,0,0.00,35.00,128.00,-3.12,100,100,0.00,0,0.00,31.37,16.08,0.25,0.00,0.00,0,0,0,0
61469,ON,3,0,0.00,35.00,128.00,-3.12,100,100,0.00,0,0.00,31.37,16.08,0.25,0.00,0.00,0,0,0,0
61574,ON,3,0,0.00,35.00,128.00,-3.12,100,100,0.00,0,0.00,31.37,16.08,0.25,0.00,0.00,0,0,0,0
61682,ON,3,0,0.00,35.00,128.00,-3.12,100,100,0.00,0,0.00,31.37,16.08,0.25,0.00,0.00,0,0,0,0
61787,ON,3,0,0.00,35.00,128.00,-3.12,100,100,0.00,0,0.00,31.37,16.08,0.25,0.00,0.00,0,0,0,0
61892,ON,3,0,0.00,35.00,128.00,-3.12,100,100,0.00,0,0.00,31.37,16.08,0.25,0.00,0.00,0,0,0,0
61997,ON,3,0,0.00,35.00,128.00,-3.12,100,100,0.00,0,0.00,31.37,16.08,0.25,0.00,0.00,0,0,0,0
62102,ON,3,0,0.00,35.00,128.00,-3.12,100,100,0.00,0,0.00,31.37,16.08,0.25,0.00,0.00,0,0,0,0
62207,ON,3,0,0.00,35.00,128.00,-3.12,100,100,0.00,0,0.00,31.37,16.08,0.25,0.00,0.00,0,0,0,0
62315,ON,3,0,0.00,35.00,128.00,-3.12,100,100,0.00,0,0.00,31.37,16.08,0.25,0.00,0.00,0,0,0,0
62420,ON,3,0,0.00,35.00,128.00,-3.12,100,100,0.00,0,0.00,31.37,16.08,0.25,0.00,0.00,0,0,0,0
62525,ON,3,0,0.00,35.00,128.00,-3.12,100,100,0.00,0,0.00,31.37,16.08,0.25,0.00,0.00,0,0,0,0
62630,ON,3,0,0.00,35.00,128.00,-3.12,100,100,0.00,0,0.00,31.37,16.08,0.25,0.00,0.00,0,0,0,0
62735,ON,3,0,0.00,35.00,128.00,-3.12,100,100,0.00,0,0.00,31.37,16.08,0.25,0.00,0.00,0,0,0,0
62840,ON,3,0,0.00,35.00,128.00,-3.12,100,100,0.00,0,0.00,31.37,16.08,0.25,0.00,0.00,0,0,0,0
62948,ON,3,0,0.00,35.00,128.00,-3.12,100,100,0.00,0,0.00,31.37,16.08,0.25,0.00,0.00,0,0,0,0
63053,ON,3,0,0.00,35.00,128.00,-3.12,100,100,0.00,0,0.00,31.37,16.08,0.25,0.00,0.00,0,0,0,0
63158,ON,3,0,0.00,35.00,128.00,-3.12,100,100,0.00,0,0.00,31.37,16.08,0.25,0.00,0.00,0,0,0,0
63263,ON,3,0,0.00,35.00,128.00,-3.12,100,100,0.00,0,0.00,31.37,16.08,0.25,0.00,0.00,0,0,0,0
63368,ON,3,0,0.00,35.00,128.00,-3.12,100,100,0.00,0,0.00,31.37,16.08,0.25,0.00,0.00,0,0,0,0
63473,ON,3,0,0.00,35.00,128.00,-3.12,100,100,0.00,0,0.00,31.37,16.08,0.25,0.00,0.00,0,0,0,0
63581,ON,3,0,0.00,35.00,128.00,-3.12,100,100,0.00,0,0.00,31.37,16.08,0.25,0.00,0.00,0,0,0,0
63686,ON,3,0,0.00,35.00,128.00,-3.12,100,100,0.00,0,0.00,31.37,16.08,0.25,0.00,0.00,0,0,0,0
63791,ON,3,0,0.00,35.00,128.00,-3.12,100,100,0.00,0,0.00,31.37,16.08,0.25,0.00,0.00,0,0,0,0
63896,ON,3,0,0.00,35.00,128.00,-3.12,100,100,0.00,0,0.00,31.37,16.08,0.25,0.00,0.00,0,0,0,0
64001,ON,3,0,0.00,35.00,128.00,-3.12,100,100,0.00,0,0.00,31.37,16.08,0.25,0.00,0.00,0,0,0,0
64106,ON,3,0,0.00,35.00,128.00,-3.12,100,100,0.00,0,0.00,31.37,16.08,0.25,0.00,0.00,0,0,0,0
64214,ON,3,0,0.00,35.00,128.00,-3.12,100,100,0.00,0,0.00,31.37,16.08,0.25,0.00,0.00,0,0,0,0
64319,ON,3,0,0.00,35.00,128.00,-3.12,100,100,0.00,0,0.00,31.37,16.08,0.25,0.00,0.00,0,0,0,0
64424,ON,3,0,0.00,35.00,128.00,-3.12,100,100,0.00,0,0.00,31.37,16.08,0.25,0.00,0.00,0,0,0,0
64529,ON,3,0,0.00,35.00,128.00,-3.12,100,100,0.00,0,0.00,31.37,16.08,0.25,0.00,0.00,0,0,0,0
64634,ON,3,0,0.00,35.00,128.00,-3.12,100,100,0.00,0,0.00,31.37,16.08,0.25,0.00,0.00,0,0,0,0
64739,ON,3,0,0.00,35.00,128.00,-3.12,100,100,0.00,0,0.00,31.37,16.08,0.25,0.00,0.00,0,0,0,0
64852,ON,3,0,0.00,35.00,128.00,-3.12,100,100,0.00,0,0.00,31.37,16.08,0.25,0.00,0.00,0,0,0,0
64957,ON,3,0,0.00,35.00,128.00,-3.12,100,100,0.00,0,0.00,31.37,16.08,0.25,0.00,0.00,0,0,0,0
65062,ON,3,0,0.00,35.00,128.00,-3.12,100,100,0.00,0,0.00,31.37,16.08,0.25,0.00,0.00,0,0,0,0
65167,ON,3,0,0.00,35.00,128.00,-3.12,100,100,0.00,0,0.00,31.37,16.08,0.25,0.00,0.00,0,0,0,0
65272,ON,3,0,0.00,35.00,128.00,-3.12,100,100,0.00,0,0.00,31.37,16.08,0.25,0.00,0.00,0,0,0,0
65377,ON,3,0,0.00,35.00,128.00,-3.12,100,100,0.00,0,0.00,31.37,16.08,0.25,0.00,0.00,0,0,0,0
65485,ON,3,0,0.00,35.00,128.00,-3.12,100,100,0.00,0,0.00,31.37,16.08,0.25,0.00,0.00,0,0,0,0
65590,ON,3,0,0.00,35.00,128.00,-3.12,100,100,0.00,0,0.00,31.37,16.08,0.25,0.00,0.00,0,0,0,0
65695,ON,3,0,0.00,35.00,128.00,-3.12,100,100,0.00,0,0.00,31.37,16.08,0.25,0.00,0.00,0,0,0,0
65800,ON,3,0,0.00,35.00,128.00,-3.12,100,100,0.00,0,0.00,31.37,16.08,0.25,0.00,0.00,0,0,0,0
65905,ON,3,0,0.00,35.00,128.00,-3.12,100,100,0.00,0,0.00,31.37,16.08,0.25,0.00,0.00,0,0,0,0
66009,ON,3,0,0.00,35.00,128.00,-3.12,100,100,0.00,0,0.00,31.37,16.08,0.25,0.00,0.00,0,0,0,0
66117,ON,3,0,0.00,35.00,128.00,-3.12,100,100,0.00,0,0.00,31.37,16.08,0.25,0.00,0.00,0,0,0,0
66222,ON,3,0,0.00,35.00,128.00,-3.12,100,100,0.00,0,0.00,31.37,16.08,0.25,0.00,0.00,0,0,0,0
66327,ON,3,0,0.00,35.00,128.00,-3.12,100,100,0.00,0,0.00,31.37,16.08,0.25,0.00,0.00,0,0,0,0
66432,ON,3,0,0.00,35.00,128.00,-3.12,100,100,0.00,0,0.00,31.37,16.08,0.25,0.00,0.00,0,0,0,0
66536,ON,3,0,0.00,35.00,128.00,-3.12,100,100,0.00,0,0.00,31.37,16.08,0.25,0.00,0.00,0,0,0,0
66640,ON,3,0,0.00,35.00,128.00,-3.12,100,100,0.00,0,0.00,31.37,16.08,0.25,0.00,0.00,0,0,0,0
66748,ON,3,0,0.00,35.00,128.00,-3.12,100,100,0.00,0,0.00,31.37,16.08,0.25,0.00,0.00,0,0,0,0
66853,ON,3,0,0.00,35.00,128.00,-3.12,100,100,0.00,0,0.00,31.37,16.08,0.25,0.00,0.00,0,0,0,0
66958,ON,3,0,0.00,35.00,128.00,-3.12,100,100,0.00,0,0.00,31.37,16.08,0.25,0.00,0.00,0,0,0,0
67063,ON,3,0,0.00,35.00,128.00,-3.12,100,100,0.00,0,0.00,31.37,16.08,0.25,0.00,0.00,0,0,0,0
67168,ON,3,0,0.00,35.00,128.00,-3.12,100,100,0.00,0,0.00,31.37,16.08,0.25,0.00,0.00,0,0,0,0
67273,ON,3,0,0.00,35.00,128.00,-3.12,100,100,0.00,0,0.00,31.37,16.08,0.25,0.00,0.00,0,0,0,0
67381,ON,3,0,0.00,35.00,128.00,-3.12,100,100,0.00,0,0.00,31.37,16.08,0.25,0.00,0.00,0,0,0,0
67486,ON,3,0,0.00,35.00,128.00,-3.12,100,100,0.00,0,0.00,31.37,16.08,0.25,0.00,0.00,0,0,0,0
67591,ON,3,0,0.00,35.00,128.00,-3.12,100,100,0.00,0,0.00,31.37,16.08,0.25,0.00,0.00,0,0,0,0
67696,ON,3,0,0.00,35.00,128.00,-3.12,100,100,0.00,0,0.00,31.37,16.08,0.25,0.00,0.00,0,0,0,0
67801,ON,3,0,0.00,35.00,128.00,-3.12,100,100,0.00,0,0.00,31.37,16.08,0.25,0.00,0.00,0,0,0,0
67906,ON,3,0,0.00,35.00,128.00,-3.12,100,100,0.00,0,0.00,31.37,16.08,0.25,0.00,0.00,0,0,0,0
68014,ON,3,0,0.00,35.00,128.00,-3.12,100,100,0.00,0,0.00,31.37,16.08,0.25,0.00,0.00,0,0,0,0
68119,ON,3,0,0.00,35.00,128.00,-3.12,100,100,0.00,0,0.00,31.37,16.08,0.25,0.00,0.00,0,0,0,0
68224,ON,3,0,0.00,35.00,128.00,-3.12,100,100,0.00,0,0.00,31.37,16.08,0.25,0.00,0.00,0,0,0,0
68329,ON,3,0,0.00,35.00,128.00,-3.12,100,100,0.00,0,0.00,31.37,16.08,0.25,0.00,0.00,0,0,0,0
68434,ON,3,0,0.00,35.00,128.00,-3.12,100,100,0.00,0,0.00,31.37,16.08,0.25,0.00,0.00,0,0,0,0
68539,ON,3,0,0.00,35.00,128.00,-3.12,100,100,0.00,0,0.00,31.37,16.08,0.25,0.00,0.00,0,0,0,0
68647,ON,3,0,0.00,35.00,128.00,-3.12,100,100,0.00,0,0.00,31.37,16.08,0.25,0.00,0.00,0,0,0,0
68752,ON,3,0,0.00,35.00,128.00,-3.12,100,100,0.00,0,0.00,31.37,16.08,0.25,0.00,0.00,0,0,0,0
68857,ON,3,0,0.00,35.00,128.00,-3.12,100,100,0.00,0,0.00,31.37,16.08,0.25,0.00,0.00,0,0,0,0
68962,ON,3,0,0.00,35.00,128.00,-3.12,100,100,0.00,0,0.00,31.37,16.08,0.25,0.00,0.00,0,0,0,0
69067,ON,3,0,0.00,35.00,128.00,-3.12,100,100,0.00,0,0.00,31.37,16.08,0.25,0.00,0.00,0,0,0,0
69172,ON,3,0,0.00,35.00,128.00,-3.12,100,100,0.00,0,0.00,31.37,16.08,0.25,0.00,0.00,0,0,0,0
69280,ON,3,0,0.00,35.00,128.00,-3.12,100,100,0.00,0,0.00,31.37,16.08,0.25,0.00,0.00,0,0,0,0
69385,ON,3,0,0.00,35.00,128.00,-3.12,100,100,0.00,0,0.00,31.37,16.08,0.25,0.00,0.00,0,0,0,0
69490,ON,3,0,0.00,35.00,128.00,-3.12,100,100,0.00,0,0.00,31.37,16.08,0.25,0.00,0.00,0,0,0,0
69595,ON,3,0,0.00,35.00,128.00,-3.12,100,100,0.00,0,0.00,31.37,16.08,0.25,0.00,0.00,0,0,0,0
69700,ON,3,0,0.00,35.00,128.00,-3.12,100,100,0.00,0,0.00,31.37,16.08,0.25,0.00,0.00,0,0,0,0
69805,ON,3,0,0.00,35.00,128.00,-3.12,100,100,0.00,0,0.00,31.37,16.08,0.25,0.00,0.00,0,0,0,0
69913,ON,3,0,0.00,35.00,128.00,-3.12,100,100,0.00,0,0.00,31.37,16.08,0.25,0.00,0.00,0,0,0,0
70018,ON,3,0,0.00,35.00,128.00,-3.12,100,100,0.00,0,0.00,31.37,16.08,0.25,0.00,0.00,0,0,0,0
70123,ON,3,0,0.00,35.00,128.00,-3.12,100,100,0.00,0,0.00,31.37,16.08,0.25,0.00,0.00,0,0,0,0
70228,ON,3,0,0.00,35.00,128.00,-3.12,100,100,0.00,0,0.00,31.37,16.08,0.25,0.00,0.00,0,0,0,0
70333,ON,3,0,0.00,35.00,128.00,-3.12,100,100,0.00,0,0.00,31.37,16.08,0.25,0.00,0.00,0,0,0,0
70438,ON,3,0,0.00,35.00,128.00,-3.12,100,100,0.00,0,0.00,31.37,16.08,0.25,0.00,0.00,0,0,0,0
70546,ON,3,0,0.00,35.00,128.00,-3.12,100,100,0.00,0,0.00,31.37,16.08,0.25,0.00,0.00,0,0,0,0
70651,ON,3,0,0.00,35.00,128.00,-3.12,100,100,0.00,0,0.00,31.37,16.08,0.25,0.00,0.00,0,0,0,0
70756,ON,3,0,0.00,35.00,128.00,-3.12,100,100,0.00,0,0.00,31.37,16.08,0.25,0.00,0.00,0,0,0,0
70861,ON,3,0,0.00,35.00,128.00,-3.12,100,100,0.00,0,0.00,31.37,16.08,0.25,0.00,0.00,0,0,0,0
70966,ON,3,0,0.00,35.00,128.00,-3.12,100,100,0.00,0,0.00,31.37,16.08,0.25,0.00,0.00,0,0,0,0
71071,ON,3,0,0.00,35.00,128.00,-3.12,100,100,0.00,0,0.00,31.37,16.08,0.25,0.00,0.00,0,0,0,0
71179,ON,3,0,0.00,35.00,128.00,-3.12,100,100,0.00,0,0.00,31.37,16.08,0.25,0.00,0.00,0,0,0,0
71284,ON,3,0,0.00,35.00,128.00,-3.12,100,100,0.00,0,0.00,31.37,16.08,0.25,0.00,0.00,0,0,0,0
71389,ON,3,0,0.00,35.00,128.00,-3.12,100,100,0.00,0,0.00,31.37,16.08,0.25,0.00,0.00,0,0,0,0
71494,ON,3,0,0.00,35.00,128.00,-3.12,100,100,0.00,0,0.00,31.37,16.08,0.25,0.00,0.00,0,0,0,0
71599,ON,3,0,0.00,35.00,128.00,-3.12,100,100,0.00,0,0.00,31.37,16.08,0.25,0.00,0.00,0,0,0,0
71704,ON,3,0,0.00,35.00,128.00,-3.12,100,100,0.00,0,0.00,31.37,16.08,0.25,0.00,0.00,0,0,0,0
71812,ON,3,0,0.00,35.00,128.00,-3.12,100,100,0.00,0,0.00,31.37,16.08,0.25,0.00,0.00,0,0,0,0
71917,ON,3,0,0.00,35.00,128.00,-3.12,100,100,0.00,0,0.00,31.37,16.08,0.25,0.00,0.00,0,0,0,0
72022,ON,3,0,0.00,35.00,128.00,-3.12,100,100,0.00,0,0.00,31.37,16.08,0.25,0.00,0.00,0,0,0,0
72127,ON,3,0,0.00,35.00,128.00,-3.12,100,100,0.00,0,0.00,31.37,16.08,0.25,0.00,0.00,0,0,0,0
72232,ON,3,0,0.00,35.00,128.00,-3.12,100,100,0.00,0,0.00,31.37,16.08,0.25,0.00,0.00,0,0,0,0
72337,ON,3,0,0.00,35.00,128.00,-3.12,100,100,0.00,0,0.00,31.37,16.08,0.25,0.00,0.00,0,0,0,0
72445,ON,3,0,0.00,35.00,128.00,-3.12,100,100,0.00,0,0.00,31.37,16.08,0.25,0.00,0.00,0,0,0,0
72550,ON,3,0,0.00,35.00,128.00,-3.12,100,100,0.00,0,0.00,31.37,16.08,0.25,0.00,0.00,0,0,0,0
72655,ON,3,0,0.00,35.00,128.00,-3.12,100,100,0.00,0,0.00,31.37,16.08,0.25,0.00,0.00,0,0,0,0
72760,ON,3,0,0.00,35.00,128.00,-3.12,100,100,0.00,0,0.00,31.37,16.08,0.25,0.00,0.00,0,0,0,0
72865,ON,3,0,0.00,35.00,128.00,-3.12,100,100,0.00,0,0.00,31.37,16.08,0.25,0.00,0.00,0,0,0,0
72970,ON,3,0,0.00,35.00,128.00,-3.12,100,100,0.00,0,0.00,31.37,16.08,0.25,0.00,0.00,0,0,0,0
73078,ON,3,0,0.00,35.00,128.00,-3.12,100,100,0.00,0,0.00,31.37,16.08,0.25,0.00,0.00,0,0,0,0
73183,ON,3,0,0.00,35.00,128.00,-3.12,100,100,0.00,0,0.00,31.37,16.08,0.25,0.00,0.00,0,0,0,0
73288,ON,3,0,0.00,35.00,128.00,-3.12,100,100,0.00,0,0.00,31.37,16.08,0.25,0.00,0.00,0,0,0,0
73393,ON,3,0,0.00,35.00,128.00,-3.12,100,100,0.00,0,0.00,31.37,16.08,0.25,0.00,0.00,0,0,0,0
73498,ON,3,0,0.00,35.00,128.00,-3.12,100,100,0.00,0,0.00,31.37,16.08,0.25,0.00,0.00,0,0,0,0
73603,ON,3,0,0.00,35.00,128.00,-3.12,100,100,0.00,0,0.00,31.37,16.08,0.25,0.00,0.00,0,0,0,0
73711,ON,3,0,0.00,35.00,128.00,-3.12,100,100,0.00,0,0.00,31.37,16.08,0.25,0.00,0.00,0,0,0,0
73816,ON,3,0,0.00,35.00,128.00,-3.12,100,100,0.00,0,0.00,31.37,16.08,0.25,0.00,0.00,0,0,0,0
73921,ON,3,0,0.00,34.00,128.00,-3.12,100,100,0.00,0,0.00,31.37,16.08,0.25,0.00,0.00,0,0,0,0
74026,ON,3,0,0.00,35.00,128.00,-3.12,100,100,0.00,0,0.00,31.37,16.08,0.25,0.00,0.00,0,0,0,0
74131,ON,3,0,0.00,35.00,128.00,-3.12,100,100,0.00,0,0.00,31.37,16.08,0.25,0.00,0.00,0,0,0,0
74236,ON,3,0,0.00,35.00,128.00,-3.12,100,100,0.00,0,0.00,31.37,16.08,0.25,0.00,0.00,0,0,0,0
74344,ON,3,0,0.00,35.00,128.00,-3.12,100,100,0.00,0,0.00,31.37,16.08,0.25,0.00,0.00,0,0,0,0
74449,ON,3,0,0.00,35.00,128.00,-3.12,100,100,0.00,0,0.00,31.37,16.08,0.25,0.00,0.00,0,0,0,0
74554,ON,3,0,0.00,35.00,128.00,-3.12,100,100,0.00,0,0.00,31.37,16.08,0.25,0.00,0.00,0,0,0,0
74659,ON,3,0,0.00,35.00,128.00,-3.12,100,100,0.00,0,0.00,31.37,16.08,0.25,0.00,0.00,0,0,0,0
74763,ON,3,0,0.00,35.00,128.00,-3.12,100,100,0.00,0,0.00,31.37,16.08,0.25,0.00,0.00,0,0,0,0
74867,ON,3,0,0.00,35.00,128.00,-3.12,100,100,0.00,0,0.00,31.37,16.08,0.25,0.00,0.00,0,0,0,0
74975,ON,3,0,0.00,35.00,128.00,-3.12,100,100,0.00,0,0.00,31.37,16.08,0.25,0.00,0.00,0,0,0,0
75079,ON,3,0,0.00,35.00,128.00,-3.12,100,100,0.00,0,0.00,31.37,16.08,0.25,0.00,0.00,0,0,0,0
75183,ON,3,0,0.00,35.00,128.00,-3.12,100,100,0.00,0,0.00,31.37,16.08,0.25,0.00,0.00,0,0,0,0
75289,ON,3,0,0.00,35.00,128.00,-3.12,100,100,0.00,0,0.00,31.37,16.08,0.25,0.00,0.00,0,0,0,0
75394,ON,3,0,0.00,35.00,128.00,-3.12,100,100,0.00,0,0.00,31.37,16.08,0.25,0.00,0.00,0,0,0,0
75502,ON,3,0,0.00,35.00,128.00,-3.12,100,100,0.00,0,0.00,31.37,16.08,0.25,0.00,0.00,0,0,0,0
75606,ON,3,0,0.00,35.00,128.00,-3.12,100,100,0.00,0,0.00,31.37,16.08,0.25,0.00,0.00,0,0,0,0
75710,ON,3,0,0.00,35.00,128.00,-3.12,100,100,0.00,0,0.00,31.37,16.08,0.25,0.00,0.00,0,0,0,0
75814,ON,3,0,0.00,35.00,128.00,-3.12,100,100,0.00,0,0.00,31.37,16.08,0.25,0.00,0.00,0,0,0,0
75918,ON,3,0,0.00,35.00,128.00,-3.12,100,100,0.00,0,0.00,31.37,16.08,0.25,0.00,0.00,0,0,0,0
76023,ON,3,0,0.00,35.00,128.00,-3.12,100,100,0.00,0,0.00,31.37,16.08,0.25,0.00,0.00,0,0,0,0
76131,ON,3,0,0.00,35.00,128.00,-3.12,100,100,0.00,0,0.00,31.37,16.08,0.25,0.00,0.00,0,0,0,0
76236,ON,3,0,0.00,35.00,128.00,-3.12,100,100,0.00,0,0.00,31.37,16.08,0.25,0.00,0.00,0,0,0,0
76341,ON,3,0,0.00,35.00,128.00,-3.12,100,100,0.00,0,0.00,31.37,16.08,0.25,0.00,0.00,0,0,0,0
76446,ON,3,0,0.00,35.00,128.00,-3.12,100,100,0.00,0,0.00,31.37,16.08,0.25,0.00,0.00,0,0,0,0
76551,ON,3,0,0.00,35.00,128.00,-3.12,100,100,0.00,0,0.00,31.37,16.08,0.25,0.00,0.00,0,0,0,0
76656,ON,3,0,0.00,35.00,128.00,-3.12,100,100,0.00,0,0.00,31.37,16.08,0.25,0.00,0.00,0,0,0,0
76764,ON,3,0,0.00,35.00,128.00,-3.12,100,100,0.00,0,0.00,31.37,16.08,0.25,0.00,0.00,0,0,0,0
76869,ON,3,0,0.00,35.00,128.00,-3.12,100,100,0.00,0,0.00,31.37,16.08,0.25,0.00,0.00,0,0,0,0
76974,ON,3,0,0.00,35.00,128.00,-3.12,100,100,0.00,0,0.00,31.37,16.08,0.25,0.00,0.00,0,0,0,0
77079,ON,3,0,0.00,35.00,128.00,-3.12,100,100,0.00,0,0.00,31.37,16.08,0.25,0.00,0.00,0,0,0,0
77184,ON,3,0,0.00,35.00,128.00,-3.12,100,100,0.00,0,0.00,31.37,16.08,0.25,0.00,0.00,0,0,0,0
77289,ON,3,0,0.00,35.00,128.00,-3.12,100,100,0.00,0,0.00,31.37,16.08,0.25,0.00,0.00,0,0,0,0
77397,ON,3,0,0.00,35.00,128.00,-3.12,100,100,0.00,0,0.00,31.37,16.08,0.25,0.00,0.00,0,0,0,0
77502,ON,3,0,0.00,35.00,128.00,-3.12,100,100,0.00,0,0.00,31.37,16.08,0.25,0.00,0.00,0,0,0,0
77607,ON,3,0,0.00,35.00,128.00,-3.12,100,100,0.00,0,0.00,31.37,16.08,0.25,0.00,0.00,0,0,0,0
77712,ON,3,0,0.00,35.00,128.00,-3.12,100,100,0.00,0,0.00,31.37,16.08,0.25,0.00,0.00,0,0,0,0
77817,ON,3,0,0.00,35.00,128.00,-3.12,100,100,0.00,0,0.00,31.37,16.08,0.25,0.00,0.00,0,0,0,0
77922,ON,3,0,0.00,35.00,128.00,-3.12,100,100,0.00,0,0.00,31.37,16.08,0.25,0.00,0.00,0,0,0,0
78030,ON,3,0,0.00,35.00,128.00,-3.12,100,100,0.00,0,0.00,31.37,16.08,0.25,0.00,0.00,0,0,0,0
78135,ON,3,0,0.00,35.00,128.00,-3.12,100,100,0.00,0,0.00,31.37,16.08,0.25,0.00,0.00,0,0,0,0
78240,ON,3,0,0.00,35.00,128.00,-3.12,100,100,0.00,0,0.00,31.37,16.08,0.25,0.00,0.00,0,0,0,0
78345,ON,3,0,0.00,35.00,128.00,-3.12,100,100,0.00,0,0.00,31.37,16.08,0.25,0.00,0.00,0,0,0,0
78450,ON,3,0,0.00,35.00,128.00,-3.12,100,100,0.00,0,0.00,31.37,16.08,0.25,0.00,0.00,0,0,0,0
78555,ON,3,0,0.00,35.00,128.00,-3.12,100,100,0.00,0,0.00,31.37,16.08,0.25,0.00,0.00,0,0,0,0
78663,ON,3,0,0.00,35.00,128.00,-3.12,100,100,0.00,0,0.00,31.37,16.08,0.25,0.00,0.00,0,0,0,0
78768,ON,3,0,0.00,35.00,128.00,-3.12,100,100,0.00,0,0.00,31.37,16.08,0.25,0.00,0.00,0,0,0,0
78873,ON,3,0,0.00,35.00,128.00,-3.12,100,100,0.00,0,0.00,31.37,16.08,0.25,0.00,0.00,0,0,0,0
78978,ON,3,0,0.00,35.00,128.00,-3.12,100,100,0.00,0,0.00,31.37,16.08,0.25,0.00,0.00,0,0,0,0
79083,ON,3,0,0.00,35.00,128.00,-3.12,100,100,0.00,0,0.00,31.37,16.08,0.25,0.00,0.00,0,0,0,0
79188,ON,3,0,0.00,35.00,128.00,-3.12,100,100,0.00,0,0.00,31.37,16.08,0.25,0.00,0.00,0,0,0,0
79296,ON,3,0,0.00,35.00,128.00,-3.12,100,100,0.00,0,0.00,31.37,16.08,0.25,0.00,0.00,0,0,0,0
79401,ON,3,0,0.00,35.00,128.00,-3.12,100,100,0.00,0,0.00,31.37,16.08,0.25,0.00,0.00,0,0,0,0
79506,ON,3,0,0.00,35.00,128.00,-3.12,100,100,0.00,0,0.00,31.37,16.08,0.25,0.00,0.00,0,0,0,0
79611,ON,3,0,0.00,35.00,128.00,-3.12,100,100,0.00,0,0.00,31.37,16.08,0.25,0.00,0.00,0,0,0,0
79716,ON,3,0,0.00,35.00,128.00,-3.12,100,100,0.00,0,0.00,31.37,16.08,0.25,0.00,0.00,0,0,0,0
79821,ON,3,0,0.00,35.00,128.00,-3.12,100,100,0.00,0,0.00,31.37,16.08,0.25,0.00,0.00,0,0,0,0
79929,ON,3,0,0.00,35.00,128.00,-3.12,100,100,0.00,0,0.00,31.37,16.08,0.25,0.00,0.00,0,0,0,0
80034,ON,3,0,0.00,35.00,128.00,-3.12,100,100,0.00,0,0.00,31.37,16.08,0.25,0.00,0.00,0,0,0,0
80139,ON,3,0,0.00,35.00,128.00,-3.12,100,100,0.00,0,0.00,31.37,16.08,0.25,0.00,0.00,0,0,0,0
80244,ON,3,0,0.00,35.00,128.00,-3.12,100,100,0.00,0,0.00,31.37,16.08,0.25,0.00,0.00,0,0,0,0
80349,ON,3,0,0.00,35.00,128.00,-3.12,100,100,0.00,0,0.00,31.37,16.08,0.25,0.00,0.00,0,0,0,0
80454,ON,3,0,0.00,35.00,128.00,-3.12,100,100,0.00,0,0.00,31.37,16.08,0.25,0.00,0.00,0,0,0,0
80562,ON,3,0,0.00,35.00,128.00,-3.12,100,100,0.00,0,0.00,31.37,16.08,0.25,0.00,0.00,0,0,0,0
80667,ON,3,0,0.00,35.00,128.00,-3.12,100,100,0.00,0,0.00,31.37,16.08,0.25,0.00,0.00,0,0,0,0
80772,ON,3,0,0.00,35.00,128.00,-3.12,100,100,0.00,0,0.00,31.37,16.08,0.25,0.00,0.00,0,0,0,0
80877,ON,3,0,0.00,35.00,128.00,-3.12,100,100,0.00,0,0.00,31.37,16.08,0.25,0.00,0.00,0,0,0,0
80982,ON,3,0,0.00,35.00,128.00,-3.12,100,100,0.00,0,0.00,31.37,16.08,0.25,0.00,0.00,0,0,0,0
81087,ON,3,0,0.00,35.00,128.00,-3.12,100,100,0.00,0,0.00,31.37,16.08,0.25,0.00,0.00,0,0,0,0
81195,ON,3,0,0.00,35.00,128.00,-3.12,100,100,0.00,0,0.00,31.37,16.08,0.25,0.00,0.00,0,0,0,0
81300,ON,3,0,0.00,35.00,128.00,-3.12,100,100,0.00,0,0.00,31.37,16.08,0.25,0.00,0.00,0,0,0,0
81405,ON,3,0,0.00,35.00,128.00,-3.12,100,100,0.00,0,0.00,31.37,16.08,0.25,0.00,0.00,0,0,0,0
81510,ON,3,0,0.00,35.00,128.00,-3.12,100,100,0.00,0,0.00,31.37,16.08,0.25,0.00,0.00,0,0,0,0
81615,ON,3,0,0.00,35.00,128.00,-3.12,100,100,0.00,0,0.00,31.37,16.08,0.25,0.00,0.00,0,0,0,0
81720,ON,3,0,0.00,35.00,128.00,-3.12,100,100,0.00,0,0.00,31.37,16.08,0.25,0.00,0.00,0,0,0,0
81828,ON,3,0,0.00,35.00,128.00,-3.12,100,100,0.00,0,0.00,31.37,16.08,0.25,0.00,0.00,0,0,0,0
81933,ON,3,0,0.00,35.00,128.00,-3.12,100,100,0.00,0,0.00,31.37,16.08,0.25,0.00,0.00,0,0,0,0
82038,ON,3,0,0.00,35.00,128.00,-3.12,100,100,0.00,0,0.00,31.37,16.08,0.25,0.00,0.00,0,0,0,0
82143,ON,3,0,0.00,35.00,128.00,-3.12,100,100,0.00,0,0.00,31.37,16.08,0.25,0.00,0.00,0,0,0,0
82248,ON,3,0,0.00,35.00,128.00,-3.12,100,100,0.00,0,0.00,31.37,16.08,0.25,0.00,0.00,0,0,0,0
82353,ON,3,0,0.00,35.00,128.00,-3.12,100,100,0.00,0,0.00,31.37,16.08,0.25,0.00,0.00,0,0,0,0
82461,ON,3,0,0.00,35.00,128.00,-3.12,100,100,0.00,0,0.00,31.37,16.08,0.25,0.00,0.00,0,0,0,0
82566,ON,3,0,0.00,35.00,128.00,-3.12,100,100,0.00,0,0.00,31.37,16.08,0.25,0.00,0.00,0,0,0,0
82671,ON,3,0,0.00,35.00,128.00,-3.12,100,100,0.00,0,0.00,31.37,16.08,0.25,0.00,0.00,0,0,0,0
82776,ON,3,0,0.00,35.00,128.00,-3.12,100,100,0.00,0,0.00,31.37,16.08,0.25,0.00,0.00,0,0,0,0
82881,ON,3,0,0.00,35.00,128.00,-3.12,100,100,0.00,0,0.00,31.37,16.08,0.25,0.00,0.00,0,0,0,0
82986,ON,3,0,0.00,35.00,128.00,-3.12,100,100,0.00,0,0.00,31.37,16.08,0.25,0.00,0.00,0,0,0,0
83094,ON,3,0,0.00,35.00,128.00,-3.12,100,100,0.00,0,0.00,31.37,16.08,0.25,0.00,0.00,0,0,0,0
83199,ON,3,0,0.00,35.00,128.00,-3.12,100,100,0.00,0,0.00,31.37,16.08,0.25,0.00,0.00,0,0,0,0
83304,ON,3,0,0.00,35.00,128.00,-3.12,100,100,0.00,0,0.00,31.37,16.08,0.25,0.00,0.00,0,0,0,0
83409,ON,3,0,0.00,35.00,128.00,-3.12,100,100,0.00,0,0.00,31.37,16.08,0.25,0.00,0.00,0,0,0,0
83514,ON,3,0,0.00,35.00,128.00,-3.12,100,100,0.00,0,0.00,31.37,16.08,0.25,0.00,0.00,0,0,0,0
83619,ON,3,0,0.00,35.00,128.00,-3.12,100,100,0.00,0,0.00,31.37,16.08,0.25,0.00,0.00,0,0,0,0
83727,ON,3,0,0.00,35.00,128.00,-3.12,100,100,0.00,0,0.00,31.37,16.08,0.25,0.00,0.00,0,0,0,0
83832,ON,3,0,0.00,35.00,128.00,-3.12,100,100,0.00,0,0.00,31.37,16.08,0.25,0.00,0.00,0,0,0,0
83937,ON,3,0,0.00,35.00,128.00,-3.12,100,100,0.00,0,0.00,31.37,16.08,0.25,0.00,0.00,0,0,0,0
84041,ON,3,0,0.00,35.00,128.00,-3.12,100,100,0.00,0,0.00,31.37,16.08,0.25,0.00,0.00,0,0,0,0
84145,ON,3,0,0.00,35.00,128.00,-3.12,100,100,0.00,0,0.00,31.37,16.08,0.25,0.00,0.00,0,0,0,0
84250,ON,3,0,0.00,35.00,128.00,-3.12,100,100,0.00,0,0.00,31.37,16.08,0.25,0.00,0.00,0,0,0,0
84358,ON,3,0,0.00,35.00,128.00,-3.12,100,100,0.00,0,0.00,31.37,16.08,0.25,0.00,0.00,0,0,0,0
84463,ON,3,0,0.00,35.00,128.00,-3.12,100,100,0.00,0,0.00,31.37,16.08,0.25,0.00,0.00,0,0,0,0
84567,ON,3,0,0.00,35.00,128.00,-3.12,100,100,0.00,0,0.00,31.37,16.08,0.25,0.00,0.00,0,0,0,0
84671,ON,3,0,0.00,35.00,128.00,-3.12,100,100,0.00,0,0.00,31.37,16.08,0.25,0.00,0.00,0,0,0,0
84775,ON,3,0,0.00,35.00,128.00,-3.12,100,100,0.00,0,0.00,31.37,16.08,0.25,0.00,0.00,0,0,0,0
84879,ON,3,0,0.00,35.00,128.00,-3.12,100,100,0.00,0,0.00,31.37,16.08,0.25,0.00,0.00,0,0,0,0
84987,ON,3,0,0.00,35.00,128.00,-3.12,100,100,0.00,0,0.00,31.37,16.08,0.25,0.00,0.00,0,0,0,0
85092,ON,3,0,0.00,35.00,128.00,-3.12,100,100,0.00,0,0.00,31.37,16.08,0.25,0.00,0.00,0,0,0,0
85197,ON,3,0,0.00,35.00,128.00,-3.12,100,100,0.00,0,0.00,31.37,16.08,0.25,0.00,0.00,0,0,0,0
85302,ON,3,0,0.00,35.00,128.00,-3.12,100,100,0.00,0,0.00,31.37,16.08,0.25,0.00,0.00,0,0,0,0
85407,ON,3,0,0.00,35.00,128.00,-3.12,100,100,0.00,0,0.00,31.37,16.08,0.25,0.00,0.00,0,0,0,0
85512,ON,3,0,0.00,35.00,128.00,-3.12,100,100,0.00,0,0.00,31.37,16.08,0.25,0.00,0.00,0,0,0,0
85620,ON,3,0,0.00,35.00,128.00,-3.12,100,100,0.00,0,0.00,31.37,16.08,0.25,0.00,0.00,0,0,0,0
85725,ON,3,0,0.00,35.00,128.00,-3.12,100,100,0.00,0,0.00,31.37,16.08,0.25,0.00,0.00,0,0,0,0
85830,ON,3,0,0.00,35.00,128.00,-3.12,100,100,0.00,0,0.00,31.37,16.08,0.25,0.00,0.00,0,0,0,0
85935,ON,3,0,0.00,35.00,128.00,-3.12,100,100,0.00,0,0.00,31.37,16.08,0.25,0.00,0.00,0,0,0,0
86040,ON,3,0,0.00,35.00,128.00,-3.12,100,100,0.00,0,0.00,31.37,16.08,0.25,0.00,0.00,0,0,0,0
86145,ON,3,0,0.00,35.00,128.00,-3.12,100,100,0.00,0,0.00,31.37,16.08,0.25,0.00,0.00,0,0,0,0
86253,ON,3,0,0.00,35.00,128.00,-3.12,100,100,0.00,0,0.00,31.37,16.08,0.25,0.00,0.00,0,0,0,0
86358,ON,3,0,0.00,35.00,128.00,-3.12,100,100,0.00,0,0.00,31.37,16.08,0.25,0.00,0.00,0,0,0,0
86463,ON,3,0,0.00,35.00,128.00,-3.12,100,100,0.00,0,0.00,31.37,16.08,0.25,0.00,0.00,0,0,0,0
86568,ON,3,0,0.00,35.00,128.00,-3.12,100,100,0.00,0,0.00,31.37,16.08,0.25,0.00,0.00,0,0,0,0
86673,ON,3,0,0.00,35.00,128.00,-3.12,100,100,0.00,0,0.00,31.37,16.08,0.25,0.00,0.00,0,0,0,0
86778,ON,3,0,0.00,35.00,128.00,-3.12,100,100,0.00,0,0.00,31.37,16.08,0.25,0.00,0.00,0,0,0,0
86886,ON,3,0,0.00,35.00,128.00,-3.12,100,100,0.00,0,0.00,31.37,16.08,0.25,0.00,0.00,0,0,0,0
86991,ON,3,0,0.00,35.00,128.00,-3.12,100,100,0.00,0,0.00,31.37,16.08,0.25,0.00,0.00,0,0,0,0
87096,ON,3,0,0.00,35.00,128.00,-3.12,100,100,0.00,0,0.00,31.37,16.08,0.25,0.00,0.00,0,0,0,0
87201,ON,3,0,0.00,35.00,128.00,-3.12,100,100,0.00,0,0.00,31.37,16.08,0.25,0.00,0.00,0,0,0,0
87306,ON,3,0,0.00,35.00,128.00,-3.12,100,100,0.00,0,0.00,31.37,16.08,0.25,0.00,0.00,0,0,0,0
87411,ON,3,0,0.00,35.00,128.00,-3.12,100,100,0.00,0,0.00,31.37,16.08,0.25,0.00,0.00,0,0,0,0
87519,ON,3,0,0.00,35.00,128.00,-3.12,100,100,0.00,0,0.00,31.37,16.08,0.25,0.00,0.00,0,0,0,0
87624,ON,3,0,0.00,35.00,128.00,-3.12,100,100,0.00,0,0.00,31.37,16.08,0.25,0.00,0.00,0,0,0,0
87729,ON,3,0,0.00,35.00,128.00,-3.12,100,100,0.00,0,0.00,31.37,16.08,0.25,0.00,0.00,0,0,0,0
87834,ON,3,0,0.00,35.00,128.00,-3.12,100,100,0.00,0,0.00,31.37,16.08,0.25,0.00,0.00,0,0,0,0
87939,ON,3,0,0.00,35.00,128.00,-3.12,100,100,0.00,0,0.00,31.37,16.08,0.25,0.00,0.00,0,0,0,0
88044,ON,3,0,0.00,35.00,128.00,-3.12,100,100,0.00,0,0.00,31.37,16.08,0.25,0.00,0.00,0,0,0,0
88152,ON,3,0,0.00,35.00,128.00,-3.12,100,100,0.00,0,0.00,31.37,16.08,0.25,0.00,0.00,0,0,0,0
88257,ON,3,0,0.00,35.00,128.00,-3.12,100,100,0.00,0,0.00,31.37,16.08,0.25,0.00,0.00,0,0,0,0
88362,ON,3,0,0.00,35.00,128.00,-3.12,100,100,0.00,0,0.00,31.37,16.08,0.25,0.00,0.00,0,0,0,0
88467,ON,3,0,0.00,35.00,128.00,-3.12,100,100,0.00,0,0.00,31.37,16.08,0.25,0.00,0.00,0,0,0,0
88572,ON,3,0,0.00,35.00,128.00,-3.12,100,100,0.00,0,0.00,31.37,16.08,0.25,0.00,0.00,0,0,0,0
88677,ON,3,0,0.00,35.00,128.00,-3.12,100,100,0.00,0,0.00,31.37,16.08,0.25,0.00,0.00,0,0,0,0
88785,ON,3,0,0.00,35.00,128.00,-3.12,100,100,0.00,0,0.00,31.37,16.08,0.25,0.00,0.00,0,0,0,0
88890,ON,3,0,0.00,35.00,128.00,-3.12,100,100,0.00,0,0.00,31.37,16.08,0.25,0.00,0.00,0,0,0,0
88995,ON,3,0,0.00,35.00,128.00,-3.12,100,100,0.00,0,0.00,31.37,16.08,0.25,0.00,0.00,0,0,0,0
89100,ON,3,0,0.00,35.00,128.00,-3.12,100,100,0.00,0,0.00,31.37,16.08,0.25,0.00,0.00,0,0,0,0
89205,ON,3,0,0.00,35.00,128.00,-3.12,100,100,0.00,0,0.00,31.37,16.08,0.25,0.00,0.00,0,0,0,0
89310,ON,3,0,0.00,35.00,128.00,-3.12,100,100,0.00,0,0.00,31.37,16.08,0.25,0.00,0.00,0,0,0,0
89418,ON,3,0,0.00,35.00,128.00,-3.12,100,100,0.00,0,0.00,31.37,16.08,0.25,0.00,0.00,0,0,0,0
89523,ON,3,0,0.00,35.00,128.00,-3.12,100,100,0.00,0,0.00,31.37,16.08,0.25,0.00,0.00,0,0,0,0
89628,ON,3,0,0.00,35.00,128.00,-3.12,100,100,0.00,0,0.00,31.37,16.08,0.25,0.00,0.00,0,0,0,0
89733,ON,3,0,0.00,35.00,128.00,-3.12,100,100,0.00,0,0.00,31.37,16.08,0.25,0.00,0.00,0,0,0,0
89838,ON,3,0,0.00,35.00,128.00,-3.12,100,100,0.00,0,0.00,31.37,16.08,0.25,0.00,0.00,0,0,0,0
89943,ON,3,0,0.00,35.00,128.00,-3.12,100,100,0.00,0,0.00,31.37,16.08,0.25,0.00,0.00,0,0,0,0
90051,ON,3,0,0.00,35.00,128.00,-3.12,100,100,0.00,0,0.00,31.37,16.08,0.25,0.00,0.00,0,0,0,0
90156,ON,3,0,0.00,35.00,128.00,-3.12,100,100,0.00,0,0.00,31.37,16.08,0.25,0.00,0.00,0,0,0,0
90261,ON,3,0,0.00,35.00,128.00,-3.12,100,100,0.00,0,0.00,31.37,16.08,0.25,0.00,0.00,0,0,0,0
90366,ON,3,0,0.00,35.00,128.00,-3.12,100,100,0.00,0,0.00,31.37,16.08,0.25,0.00,0.00,0,0,0,0
90471,ON,3,0,0.00,35.00,128.00,-3.12,100,100,0.00,0,0.00,31.37,16.08,0.25,0.00,0.00,0,0,0,0
90576,ON,3,0,0.00,35.00,128.00,-3.12,100,100,0.00,0,0.00,31.37,16.08,0.25,0.00,0.00,0,0,0,0
90684,ON,3,0,0.00,35.00,128.00,-3.12,100,100,0.00,0,0.00,31.37,16.08,0.25,0.00,0.00,0,0,0,0
90789,ON,3,0,0.00,35.00,128.00,-3.12,100,100,0.00,0,0.00,31.37,16.08,0.25,0.00,0.00,0,0,0,0
90894,ON,3,0,0.00,34.00,128.00,-3.12,100,100,0.00,0,0.00,31.37,16.08,0.25,0.00,0.00,0,0,0,0
90999,ON,3,0,0.00,35.00,128.00,-3.12,100,100,0.00,0,0.00,31.37,16.08,0.25,0.00,0.00,0,0,0,0
91104,ON,3,0,0.00,35.00,128.00,-3.12,100,100,0.00,0,0.00,31.37,16.08,0.25,0.00,0.00,0,0,0,0
91209,ON,3,0,0.00,35.00,128.00,-3.12,100,100,0.00,0,0.00,31.37,16.08,0.25,0.00,0.00,0,0,0,0
91317,ON,3,0,0.00,35.00,128.00,-3.12,100,100,0.00,0,0.00,31.37,16.08,0.25,0.00,0.00,0,0,0,0
91422,ON,3,0,0.00,35.00,128.00,-3.12,100,100,0.00,0,0.00,31.37,16.08,0.25,0.00,0.00,0,0,0,0
91527,ON,3,0,0.00,35.00,128.00,-3.12,100,100,0.00,0,0.00,31.37,16.08,0.25,0.00,0.00,0,0,0,0
91632,ON,3,0,0.00,35.00,128.00,-3.12,100,100,0.00,0,0.00,31.37,16.08,0.25,0.00,0.00,0,0,0,0
91737,ON,3,0,0.00,35.00,128.00,-3.12,100,100,0.00,0,0.00,31.37,16.08,0.25,0.00,0.00,0,0,0,0
91842,ON,3,0,0.00,35.00,128.00,-3.12,100,100,0.00,0,0.00,31.37,16.08,0.25,0.00,0.00,0,0,0,0
91950,ON,3,0,0.00,35.00,128.00,-3.12,100,100,0.00,0,0.00,31.37,16.08,0.25,0.00,0.00,0,0,0,0
92055,ON,3,0,0.00,35.00,128.00,-3.12,100,100,0.00,0,0.00,31.37,16.08,0.25,0.00,0.00,0,0,0,0
92160,ON,3,0,0.00,35.00,128.00,-3.12,100,100,0.00,0,0.00,31.37,16.08,0.25,0.00,0.00,0,0,0,0
92265,ON,3,0,0.00,35.00,128.00,-3.12,100,100,0.00,0,0.00,31.37,16.08,0.25,0.00,0.00,0,0,0,0
92370,ON,3,0,0.00,35.00,128.00,-3.12,100,100,0.00,0,0.00,31.37,16.08,0.25,0.00,0.00,0,0,0,0
92475,ON,3,0,0.00,35.00,128.00,-3.12,100,100,0.00,0,0.00,31.37,16.08,0.25,0.00,0.00,0,0,0,0
92583,ON,3,0,0.00,35.00,128.00,-3.12,100,100,0.00,0,0.00,31.37,16.08,0.25,0.00,0.00,0,0,0,0
92688,ON,3,0,0.00,35.00,128.00,-3.12,100,100,0.00,0,0.00,31.37,16.08,0.25,0.00,0.00,0,0,0,0
92793,ON,3,0,0.00,35.00,128.00,-3.12,100,100,0.00,0,0.00,31.37,16.08,0.25,0.00,0.00,0,0,0,0
92898,ON,3,0,0.00,35.00,128.00,-3.12,100,100,0.00,0,0.00,31.37,16.08,0.25,0.00,0.00,0,0,0,0
93003,ON,3,0,0.00,35.00,128.00,-3.12,100,100,0.00,0,0.00,31.37,16.08,0.25,0.00,0.00,0,0,0,0
93108,ON,3,0,0.00,35.00,128.00,-3.12,100,100,0.00,0,0.00,31.37,16.08,0.25,0.00,0.00,0,0,0,0
93216,ON,3,0,0.00,35.00,128.00,-3.12,100,100,0.00,0,0.00,31.37,16.08,0.25,0.00,0.00,0,0,0,0
93320,ON,3,0,0.00,35.00,128.00,-3.12,100,100,0.00,0,0.00,31.37,16.08,0.25,0.00,0.00,0,0,0,0
93424,ON,3,0,0.00,35.00,128.00,-3.12,100,100,0.00,0,0.00,31.37,16.08,0.25,0.00,0.00,0,0,0,0
93529,ON,3,0,0.00,35.00,128.00,-3.12,100,100,0.00,0,0.00,31.37,16.08,0.25,0.00,0.00,0,0,0,0
93634,ON,3,0,0.00,35.00,128.00,-3.12,100,100,0.00,0,0.00,31.37,16.08,0.25,0.00,0.00,0,0,0,0
93739,ON,3,0,0.00,35.00,128.00,-3.12,100,100,0.00,0,0.00,31.37,16.08,0.25,0.00,0.00,0,0,0,0
93846,ON,3,0,0.00,35.00,128.00,-3.12,100,100,0.00,0,0.00,31.37,16.08,0.25,0.00,0.00,0,0,0,0
93950,ON,3,0,0.00,35.00,128.00,-3.12,100,100,0.00,0,0.00,31.37,16.08,0.25,0.00,0.00,0,0,0,0
94055,ON,3,0,0.00,35.00,128.00,-3.12,100,100,0.00,0,0.00,31.37,16.08,0.25,0.00,0.00,0,0,0,0
94160,ON,3,0,0.00,35.00,128.00,-3.12,100,100,0.00,0,0.00,31.37,16.08,0.25,0.00,0.00,0,0,0,0
94264,ON,3,0,0.00,35.00,128.00,-3.12,100,100,0.00,0,0.00,31.37,16.08,0.25,0.00,0.00,0,0,0,0
94369,ON,3,0,0.00,35.00,128.00,-3.12,100,100,0.00,0,0.00,31.37,16.08,0.25,0.00,0.00,0,0,0,0
94477,ON,3,0,0.00,35.00,128.00,-3.12,100,100,0.00,0,0.00,31.37,16.08,0.25,0.00,0.00,0,0,0,0
94582,ON,3,0,0.00,35.00,128.00,-3.12,100,100,0.00,0,0.00,31.37,16.08,0.25,0.00,0.00,0,0,0,0
94687,ON,3,0,0.00,35.00,128.00,-3.12,100,100,0.00,0,0.00,31.37,16.08,0.25,0.00,0.00,0,0,0,0
94792,ON,3,0,0.00,35.00,128.00,-3.12,100,100,0.00,0,0.00,31.37,16.08,0.25,0.00,0.00,0,0,0,0
94897,ON,3,0,0.00,35.00,128.00,-3.12,100,100,0.00,0,0.00,31.37,16.08,0.25,0.00,0.00,0,0,0,0
95002,ON,3,0,0.00,35.00,128.00,-3.12,100,100,0.00,0,0.00,31.37,16.08,0.25,0.00,0.00,0,0,0,0
95110,ON,3,0,0.00,35.00,128.00,-3.12,100,100,0.00,0,0.00,31.37,16.08,0.25,0.00,0.00,0,0,0,0
95215,ON,3,0,0.00,35.00,128.00,-3.12,100,100,0.00,0,0.00,31.37,16.08,0.25,0.00,0.00,0,0,0,0
95320,ON,3,0,0.00,35.00,128.00,-3.12,100,100,0.00,0,0.00,31.37,16.08,0.25,0.00,0.00,0,0,0,0
95425,ON,3,0,0.00,35.00,128.00,-3.12,100,100,0.00,0,0.00,31.37,16.08,0.25,0.00,0.00,0,0,0,0
95530,ON,3,0,0.00,35.00,128.00,-3.12,100,100,0.00,0,0.00,31.37,16.08,0.25,0.00,0.00,0,0,0,0
95635,ON,3,0,0.00,34.00,128.00,-3.12,100,100,0.00,0,0.00,31.37,16.08,0.25,0.00,0.00,0,0,0,0
95743,ON,3,0,0.00,35.00,128.00,-3.12,100,100,0.00,0,0.00,31.37,16.08,0.25,0.00,0.00,0,0,0,0
95848,ON,3,0,0.00,35.00,128.00,-3.12,100,100,0.00,0,0.00,31.37,16.08,0.25,0.00,0.00,0,0,0,0
95953,ON,3,0,0.00,35.00,128.00,-3.12,100,100,0.00,0,0.00,31.37,16.08,0.25,0.00,0.00,0,0,0,0
96058,ON,3,0,0.00,35.00,128.00,-3.12,100,100,0.00,0,0.00,31.37,16.08,0.25,0.00,0.00,0,0,0,0
96163,ON,3,0,0.00,35.00,128.00,-3.12,100,100,0.00,0,0.00,31.37,16.08,0.25,0.00,0.00,0,0,0,0
96268,ON,3,0,0.00,35.00,128.00,-3.12,100,100,0.00,0,0.00,31.37,16.08,0.25,0.00,0.00,0,0,0,0
96376,ON,3,0,0.00,35.00,128.00,-3.12,100,100,0.00,0,0.00,31.37,16.08,0.25,0.00,0.00,0,0,0,0
96481,ON,3,0,0.00,35.00,128.00,-3.12,100,100,0.00,0,0.00,31.37,16.08,0.25,0.00,0.00,0,0,0,0
96586,ON,3,0,0.00,35.00,128.00,-3.12,100,100,0.00,0,0.00,31.37,16.08,0.25,0.00,0.00,0,0,0,0
96691,ON,3,0,0.00,35.00,128.00,-3.12,100,100,0.00,0,0.00,31.37,16.08,0.25,0.00,0.00,0,0,0,0
96796,ON,3,0,0.00,35.00,128.00,-3.12,100,100,0.00,0,0.00,31.37,16.08,0.25,0.00,0.00,0,0,0,0
96901,ON,3,0,0.00,35.00,128.00,-3.12,100,100,0.00,0,0.00,31.37,16.08,0.25,0.00,0.00,0,0,0,0
97009,ON,3,0,0.00,35.00,128.00,-3.12,100,100,0.00,0,0.00,31.37,16.08,0.25,0.00,0.00,0,0,0,0
97114,ON,3,0,0.00,35.00,128.00,-3.12,100,100,0.00,0,0.00,31.37,16.08,0.25,0.00,0.00,0,0,0,0
97219,ON,3,0,0.00,34.00,128.00,-3.12,100,100,0.00,0,0.00,31.37,16.08,0.25,0.00,0.00,0,0,0,0
97324,ON,3,0,0.00,35.00,128.00,-3.12,100,100,0.00,0,0.00,31.37,16.08,0.25,0.00,0.00,0,0,0,0
97429,ON,3,0,0.00,35.00,128.00,-3.12,100,100,0.00,0,0.00,31.37,16.08,0.25,0.00,0.00,0,0,0,0
97534,ON,3,0,0.00,35.00,128.00,-3.12,100,100,0.00,0,0.00,31.37,16.08,0.25,0.00,0.00,0,0,0,0
97642,ON,3,0,0.00,35.00,128.00,-3.12,100,100,0.00,0,0.00,31.37,16.08,0.25,0.00,0.00,0,0,0,0
97747,ON,3,0,0.00,35.00,128.00,-3.12,100,100,0.00,0,0.00,31.37,16.08,0.25,0.00,0.00,0,0,0,0
97852,ON,3,0,0.00,35.00,128.00,-3.12,100,100,0.00,0,0.00,31.37,16.08,0.25,0.00,0.00,0,0,0,0
97957,ON,3,0,0.00,35.00,128.00,-3.12,100,100,0.00,0,0.00,31.37,16.08,0.25,0.00,0.00,0,0,0,0
98062,ON,3,0,0.00,35.00,128.00,-3.12,100,100,0.00,0,0.00,31.37,16.08,0.25,0.00,0.00,0,0,0,0
98167,ON,3,0,0.00,35.00,128.00,-3.12,100,100,0.00,0,0.00,31.37,16.08,0.25,0.00,0.00,0,0,0,0
98275,ON,3,0,0.00,35.00,128.00,-3.12,100,100,0.00,0,0.00,31.37,16.08,0.25,0.00,0.00,0,0,0,0
98380,ON,3,0,0.00,35.00,128.00,-3.12,100,100,0.00,0,0.00,31.37,16.08,0.25,0.00,0.00,0,0,0,0
98485,ON,3,0,0.00,35.00,128.00,-3.12,100,100,0.00,0,0.00,31.37,16.08,0.25,0.00,0.00,0,0,0,0
98590,ON,3,0,0.00,35.00,128.00,-3.12,100,100,0.00,0,0.00,31.37,16.08,0.25,0.00,0.00,0,0,0,0
98695,ON,3,0,0.00,35.00,128.00,-3.12,100,100,0.00,0,0.00,31.37,16.08,0.25,0.00,0.00,0,0,0,0
98800,ON,3,0,0.00,35.00,128.00,-3.12,100,100,0.00,0,0.00,31.37,16.08,0.25,0.00,0.00,0,0,0,0
98908,ON,3,0,0.00,35.00,128.00,-3.12,100,100,0.00,0,0.00,31.37,16.08,0.25,0.00,0.00,0,0,0,0
99013,ON,3,0,0.00,35.00,128.00,-3.12,100,100,0.00,0,0.00,31.37,16.08,0.25,0.00,0.00,0,0,0,0
99118,ON,3,0,0.00,35.00,128.00,-3.12,100,100,0.00,0,0.00,31.37,16.08,0.25,0.00,0.00,0,0,0,0
99223,ON,3,0,0.00,35.00,128.00,-3.12,100,100,0.00,0,0.00,31.37,16.08,0.25,0.00,0.00,0,0,0,0
99328,ON,3,0,0.00,35.00,128.00,-3.12,100,100,0.00,0,0.00,31.37,16.08,0.25,0.00,0.00,0,0,0,0
99433,ON,3,0,0.00,35.00,128.00,-3.12,100,100,0.00,0,0.00,31.37,16.08,0.25,0.00,0.00,0,0,0,0
99541,ON,3,0,0.00,35.00,128.00,-3.12,100,100,0.00,0,0.00,31.37,16.08,0.25,0.00,0.00,0,0,0,0
99646,ON,3,0,0.00,35.00,128.00,-3.12,100,100,0.00,0,0.00,31.37,16.08,0.25,0.00,0.00,0,0,0,0
99751,ON,3,0,0.00,35.00,128.00,-3.12,100,100,0.00,0,0.00,31.37,16.08,0.25,0.00,0.00,0,0,0,0
99856,ON,3,0,0.00,35.00,128.00,-3.12,100,100,0.00,0,0.00,31.37,16.08,0.25,0.00,0.00,0,0,0,0
99961,ON,3,0,0.00,35.00,128.00,-3.12,100,100,0.00,0,0.00,31.37,16.08,0.25,0.00,0.00,0,0,0,0
100066,ON,3,0,0.00,35.00,128.00,-3.12,100,100,0.00,0,0.00,31.37,16.08,0.25,0.00,0.00,0,0,0,0
100174,ON,3,0,0.00,35.00,128.00,-3.12,100,100,0.00,0,0.00,31.37,16.08,0.25,0.00,0.00,0,0,0,0
100279,ON,3,0,0.00,35.00,128.00,-3.12,100,100,0.00,0,0.00,31.37,16.08,0.25,0.00,0.00,0,0,0,0
100384,ON,3,0,0.00,35.00,128.00,-3.12,100,100,0.00,0,0.00,31.37,16.08,0.25,0.00,0.00,0,0,0,0
100489,ON,3,0,0.00,35.00,128.00,-3.12,100,100,0.00,0,0.00,31.37,16.08,0.25,0.00,0.00,0,0,0,0
100594,ON,3,0,0.00,35.00,128.00,-3.12,100,100,0.00,0,0.00,31.37,16.08,0.25,0.00,0.00,0,0,0,0
100699,ON,3,0,0.00,35.00,128.00,-3.12,100,100,0.00,0,0.00,31.37,16.08,0.25,0.00,0.00,0,0,0,0
100807,ON,3,0,0.00,35.00,128.00,-3.12,100,100,0.00,0,0.00,31.37,16.08,0.25,0.00,0.00,0,0,0,0
100912,ON,3,0,0.00,35.00,128.00,-3.12,100,100,0.00,0,0.00,31.37,16.08,0.25,0.00,0.00,0,0,0,0
101017,ON,3,0,0.00,35.00,128.00,-3.12,100,100,0.00,0,0.00,31.37,16.08,0.25,0.00,0.00,0,0,0,0
101122,ON,3,0,0.00,35.00,128.00,-3.12,100,100,0.00,0,0.00,31.37,16.08,0.25,0.00,0.00,0,0,0,0
101227,ON,3,0,0.00,35.00,128.00,-3.12,100,100,0.00,0,0.00,31.37,16.08,0.25,0.00,0.00,0,0,0,0
101332,ON,3,0,0.00,35.00,128.00,-3.12,100,100,0.00,0,0.00,31.37,16.08,0.25,0.00,0.00,0,0,0,0
101440,ON,3,0,0.00,35.00,128.00,-3.12,100,100,0.00,0,0.00,31.37,16.08,0.25,0.00,0.00,0,0,0,0
101545,ON,3,0,0.00,35.00,128.00,-3.12,100,100,0.00,0,0.00,31.37,16.08,0.25,0.00,0.00,0,0,0,0
101650,ON,3,0,0.00,35.00,128.00,-3.12,100,100,0.00,0,0.00,31.37,16.08,0.25,0.00,0.00,0,0,0,0
101755,ON,3,0,0.00,35.00,128.00,-3.12,100,100,0.00,0,0.00,31.37,16.08,0.25,0.00,0.00,0,0,0,0
101860,ON,3,0,0.00,35.00,128.00,-3.12,100,100,0.00,0,0.00,31.37,16.08,0.25,0.00,0.00,0,0,0,0
101965,ON,3,0,0.00,35.00,128.00,-3.12,100,100,0.00,0,0.00,31.37,16.08,0.25,0.00,0.00,0,0,0,0
102073,ON,3,0,0.00,35.00,128.00,-3.12,100,100,0.00,0,0.00,31.37,16.08,0.25,0.00,0.00,0,0,0,0
102178,ON,3,0,0.00,35.00,128.00,-3.12,100,100,0.00,0,0.00,31.37,16.08,0.25,0.00,0.00,0,0,0,0
102283,ON,3,0,0.00,34.00,128.00,-3.12,100,100,0.00,0,0.00,31.37,16.08,0.25,0.00,0.00,0,0,0,0
102388,ON,3,0,0.00,35.00,128.00,-3.12,100,100,0.00,0,0.00,31.37,16.08,0.25,0.00,0.00,0,0,0,0
102493,ON,3,0,0.00,35.00,128.00,-3.12,100,100,0.00,0,0.00,31.37,16.08,0.25,0.00,0.00,0,0,0,0
102598,ON,3,0,0.00,35.00,128.00,-3.12,100,100,0.00,0,0.00,31.37,16.08,0.25,0.00,0.00,0,0,0,0
102706,ON,3,0,0.00,35.00,128.00,-3.12,100,100,0.00,0,0.00,31.37,16.08,0.25,0.00,0.00,0,0,0,0
102811,ON,3,0,0.00,35.00,128.00,-3.12,100,100,0.00,0,0.00,31.37,16.08,0.25,0.00,0.00,0,0,0,0
102916,ON,3,0,0.00,35.00,128.00,-3.12,100,100,0.00,0,0.00,31.37,16.08,0.25,0.00,0.00,0,0,0,0
103021,ON,3,0,0.00,35.00,128.00,-3.12,100,100,0.00,0,0.00,31.37,16.08,0.25,0.00,0.00,0,0,0,0
103125,ON,3,0,0.00,35.00,128.00,-3.12,100,100,0.00,0,0.00,31.37,16.08,0.25,0.00,0.00,0,0,0,0
103229,ON,3,0,0.00,35.00,128.00,-3.12,100,100,0.00,0,0.00,31.37,16.08,0.25,0.00,0.00,0,0,0,0
103337,ON,3,0,0.00,35.00,128.00,-3.12,100,100,0.00,0,0.00,31.37,16.08,0.25,0.00,0.00,0,0,0,0
103441,ON,3,0,0.00,35.00,128.00,-3.12,100,100,0.00,0,0.00,31.37,16.08,0.25,0.00,0.00,0,0,0,0
103545,ON,3,0,0.00,35.00,128.00,-3.12,100,100,0.00,0,0.00,31.37,16.08,0.25,0.00,0.00,0,0,0,0
103649,ON,3,0,0.00,35.00,128.00,-3.12,100,100,0.00,0,0.00,31.37,16.08,0.25,0.00,0.00,0,0,0,0
103754,ON,3,0,0.00,35.00,128.00,-3.12,100,100,0.00,0,0.00,31.37,16.08,0.25,0.00,0.00,0,0,0,0
103859,ON,3,0,0.00,35.00,128.00,-3.12,100,100,0.00,0,0.00,31.37,16.08,0.25,0.00,0.00,0,0,0,0
103967,ON,3,0,0.00,34.00,128.00,-3.12,100,100,0.00,0,0.00,31.37,16.08,0.25,0.00,0.00,0,0,0,0
104072,ON,3,0,0.00,35.00,128.00,-3.12,100,100,0.00,0,0.00,31.37,16.08,0.25,0.00,0.00,0,0,0,0
104177,ON,3,0,0.00,35.00,128.00,-3.12,100,100,0.00,0,0.00,31.37,16.08,0.25,0.00,0.00,0,0,0,0
104282,ON,3,0,0.00,35.00,128.00,-3.12,100,100,0.00,0,0.00,31.37,16.08,0.25,0.00,0.00,0,0,0,0
104387,ON,3,0,0.00,35.00,128.00,-3.12,100,100,0.00,0,0.00,31.37,16.08,0.25,0.00,0.00,0,0,0,0
104492,ON,3,0,0.00,35.00,128.00,-3.12,100,100,0.00,0,0.00,31.37,16.08,0.25,0.00,0.00,0,0,0,0
104600,ON,3,0,0.00,35.00,128.00,-3.12,100,100,0.00,0,0.00,31.37,16.08,0.25,0.00,0.00,0,0,0,0
104705,ON,3,0,0.00,35.00,128.00,-3.12,100,100,0.00,0,0.00,31.37,16.08,0.25,0.00,0.00,0,0,0,0
104810,ON,3,0,0.00,35.00,128.00,-3.12,100,100,0.00,0,0.00,31.37,16.08,0.25,0.00,0.00,0,0,0,0
104915,ON,3,0,0.00,35.00,128.00,-3.12,100,100,0.00,0,0.00,31.37,16.08,0.25,0.00,0.00,0,0,0,0
105020,ON,3,0,0.00,35.00,128.00,-3.12,100,100,0.00,0,0.00,31.37,16.08,0.25,0.00,0.00,0,0,0,0
105125,ON,3,0,0.00,35.00,128.00,-3.12,100,100,0.00,0,0.00,31.37,16.08,0.25,0.00,0.00,0,0,0,0
105233,ON,3,0,0.00,35.00,128.00,-3.12,100,100,0.00,0,0.00,31.37,16.08,0.25,0.00,0.00,0,0,0,0
105338,ON,3,0,0.00,35.00,128.00,-3.12,100,100,0.00,0,0.00,31.37,16.08,0.25,0.00,0.00,0,0,0,0
105448,ON,3,0,0.00,35.00,128.00,-3.12,100,100,0.00,0,0.00,31.37,16.08,0.25,0.00,0.00,0,0,0,0
105553,ON,3,0,0.00,35.00,128.00,-3.12,100,100,0.00,0,0.00,31.37,16.08,0.25,0.00,0.00,0,0,0,0
105658,ON,3,0,0.00,35.00,128.00,-3.12,100,100,0.00,0,0.00,31.37,16.08,0.25,0.00,0.00,0,0,0,0
105763,ON,3,0,0.00,35.00,128.00,-3.12,100,100,0.00,0,0.00,31.37,16.08,0.25,0.00,0.00,0,0,0,0
105871,ON,3,0,0.00,35.00,128.00,-3.12,100,100,0.00,0,0.00,31.37,16.08,0.25,0.00,0.00,0,0,0,0
105976,ON,3,0,0.00,35.00,128.00,-3.12,100,100,0.00,0,0.00,31.37,16.08,0.25,0.00,0.00,0,0,0,0
106081,ON,3,0,0.00,35.00,128.00,-3.12,100,100,0.00,0,0.00,31.37,16.08,0.25,0.00,0.00,0,0,0,0
106186,ON,3,0,0.00,35.00,128.00,-3.12,100,100,0.00,0,0.00,31.37,16.08,0.25,0.00,0.00,0,0,0,0
106291,ON,3,0,0.00,35.00,128.00,-3.12,100,100,0.00,0,0.00,31.37,16.08,0.25,0.00,0.00,0,0,0,0
106396,ON,3,0,0.00,35.00,128.00,-3.12,100,100,0.00,0,0.00,31.37,16.08,0.25,0.00,0.00,0,0,0,0
106504,ON,3,0,0.00,35.00,128.00,-3.12,100,100,0.00,0,0.00,31.37,16.08,0.25,0.00,0.00,0,0,0,0
106609,ON,3,0,0.00,35.00,128.00,-3.12,100,100,0.00,0,0.00,31.37,16.08,0.25,0.00,0.00,0,0,0,0
106714,ON,3,0,0.00,35.00,128.00,-3.12,100,100,0.00,0,0.00,31.37,16.08,0.25,0.00,0.00,0,0,0,0
106819,ON,3,0,0.00,35.00,128.00,-3.12,100,100,0.00,0,0.00,31.37,16.08,0.25,0.00,0.00,0,0,0,0
106924,ON,3,0,0.00,35.00,128.00,-3.12,100,100,0.00,0,0.00,31.37,16.08,0.25,0.00,0.00,0,0,0,0
107029,ON,3,0,0.00,35.00,128.00,-3.12,100,100,0.00,0,0.00,31.37,16.08,0.25,0.00,0.00,0,0,0,0
107137,ON,3,0,0.00,35.00,128.00,-3.12,100,100,0.00,0,0.00,31.37,16.08,0.25,0.00,0.00,0,0,0,0
107242,ON,3,0,0.00,35.00,128.00,-3.12,100,100,0.00,0,0.00,31.37,16.08,0.25,0.00,0.00,0,0,0,0
107347,ON,3,0,0.00,35.00,128.00,-3.12,100,100,0.00,0,0.00,31.37,16.08,0.25,0.00,0.00,0,0,0,0
107452,ON,3,0,0.00,35.00,128.00,-3.12,100,100,0.00,0,0.00,31.37,16.08,0.25,0.00,0.00,0,0,0,0
107557,ON,3,0,0.00,35.00,128.00,-3.12,100,100,0.00,0,0.00,31.37,16.08,0.25,0.00,0.00,0,0,0,0
107662,ON,3,0,0.00,35.00,128.00,-3.12,100,100,0.00,0,0.00,31.37,16.08,0.25,0.00,0.00,0,0,0,0
107770,ON,3,0,0.00,35.00,128.00,-3.12,100,100,0.00,0,0.00,31.37,16.08,0.25,0.00,0.00,0,0,0,0
