1145,OFF,0,0,0.00,-40.00,-40.00,-100.00,0,0,0.00,0,-64.00,0.00,0.00,0.00,-100.00,0.00,0,0,0,0
1253,OFF,0,0,0.00,-40.00,-40.00,-100.00,0,0,0.00,0,-64.00,0.00,0.00,0.00,-100.00,0.00,0,0,0,0
1357,OFF,0,0,0.00,-40.00,-40.00,-100.00,0,0,0.00,0,-64.00,0.00,0.00,0.00,-100.00,0.00,0,0,0,0
1461,OFF,0,0,0.00,-40.00,-40.00,-100.00,0,0,0.00,0,-64.00,0.00,0.00,0.00,-100.00,0.00,0,0,0,0
1569,OFF,0,0,0.00,-40.00,-40.00,-100.00,0,0,0.00,0,-64.00,0.00,0.00,0.00,-100.00,0.00,0,0,0,0
1673,OFF,0,0,0.00,-40.00,-40.00,-100.00,0,0,0.00,0,-64.00,0.00,0.00,0.00,-100.00,0.00,0,0,0,0
1778,OFF,0,0,0.00,-40.00,-40.00,-100.00,0,0,0.00,0,-64.00,0.00,0.00,0.00,-100.00,0.00,0,0,0,0
1883,OFF,0,0,0.00,-40.00,-40.00,-100.00,0,0,0.00,0,-64.00,0.00,0.00,0.00,-100.00,0.00,0,0,0,0
1988,OFF,0,0,0.00,-40.00,-40.00,-100.00,0,0,0.00,0,-64.00,0.00,0.00,0.00,-100.00,0.00,0,0,0,0
2093,OFF,0,0,0.00,-40.00,-40.00,-100.00,0,0,0.00,0,-64.00,0.00,0.00,0.00,-100.00,0.00,0,0,0,0
2201,OFF,0,0,0.00,-40.00,-40.00,-100.00,0,0,0.00,0,-64.00,0.00,0.00,0.00,-100.00,0.00,0,0,0,0
2306,OFF,0,0,0.00,-40.00,-40.00,-100.00,0,0,0.00,0,-64.00,0.00,0.00,0.00,-100.00,0.00,0,0,0,0
2411,OFF,0,0,0.00,-40.00,-40.00,-100.00,0,0,0.00,0,-64.00,0.00,0.00,0.00,-100.00,0.00,0,0,0,0
2516,OFF,0,0,0.00,-40.00,-40.00,-100.00,0,0,0.00,0,-64.00,0.00,0.00,0.00,-100.00,0.00,0,0,0,0
2621,OFF,0,0,0.00,-40.00,-40.00,-100.00,0,0,0.00,0,-64.00,0.00,0.00,0.00,-100.00,0.00,0,0,0,0
2726,OFF,0,0,0.00,-40.00,-40.00,-100.00,0,0,0.00,0,-64.00,0.00,0.00,0.00,-100.00,0.00,0,0,0,0
2834,OFF,0,0,0.00,-40.00,-40.00,-100.00,0,0,0.00,0,-64.00,0.00,0.00,0.00,-100.00,0.00,0,0,0,0
2939,OFF,0,0,0.00,-40.00,-40.00,-100.00,0,0,0.00,0,-64.00,0.00,0.00,0.00,-100.00,0.00,0,0,0,0
3044,OFF,0,0,0.00,-40.00,-40.00,-100.00,0,0,0.00,0,-64.00,0.00,0.00,0.00,-100.00,0.00,0,0,0,0
3149,OFF,0,0,0.00,-40.00,-40.00,-100.00,0,0,0.00,0,-64.00,0.00,0.00,0.00,-100.00,0.00,0,0,0,0
3254,OFF,0,0,0.00,-40.00,-40.00,-100.00,0,0,0.00,0,-64.00,0.00,0.00,0.00,-100.00,0.00,0,0,0,0
3359,OFF,0,0,0.00,-40.00,-40.00,-100.00,0,0,0.00,0,-64.00,0.00,0.00,0.00,-100.00,0.00,0,0,0,0
3467,ON,3,0,0.00,33.00,-40.00,-3.12,100,0,0.00,0,-64.00,0.00,0.00,0.00,-100.00,0.00,0,0,0,0
3572,ON,3,0,0.00,33.00,128.00,-3.12,100,101,0.00,0,0.00,31.37,16.08,0.25,0.00,0.00,0,0,0,0
3677,ON,3,0,0.00,33.00,128.00,-3.12,100,101,0.00,0,0.00,31.37,16.08,0.25,0.00,12.27,233,0,0,0
3782,ON,3,0,0.00,33.00,128.00,-3.12,100,101,0.00,0,0.00,31.37,16.08,0.25,0.00,12.19,155,0,0,0
3887,ON,3,0,0.00,33.00,128.00,-3.12,100,101,0.00,0,0.00,31.37,16.08,0.25,0.00,12.19,155,0,0,0
3992,ON,3,0,0.00,34.00,128.00,-3.12,100,101,0.00,0,0.00,31.37,16.08,0.25,0.00,12.19,155,0,0,0
4100,ON,3,0,0.00,34.00,128.00,-3.12,100,101,0.00,0,0.00,31.37,16.08,0.25,0.00,12.27,233,0,0,0
4205,ON,3,0,0.00,34.00,128.00,-3.12,100,100,0.00,0,0.00,31.37,16.08,0.25,0.00,12.19,155,0,0,0
4310,ON,3,0,0.00,34.00,128.00,-3.12,100,100,0.00,0,0.00,31.37,16.08,0.25,0.00,12.19,155,0,0,0
4415,ON,3,0,0.00,34.00,128.00,-3.12,100,100,0.00,0,0.00,31.37,16.08,0.25,0.00,12.19,155,0,0,0
4520,ON,3,0,0.00,34.00,128.00,-3.12,100,100,0.00,0,0.00,31.37,16.08,0.25,0.00,12.19,155,0,0,0
4625,ON,3,0,0.00,34.00,128.00,-3.12,100,100,0.00,0,0.00,31.37,16.08,0.25,0.00,12.19,155,0,0,0
4733,ON,3,0,0.00,34.00,128.00,-3.12,100,100,0.00,0,0.00,31.37,16.08,0.25,0.00,12.19,155,0,0,0
4838,ON,3,0,0.00,34.00,128.00,-3.12,100,100,0.00,0,0.00,31.37,16.08,0.25,0.00,12.19,155,0,0,0
4943,ON,3,0,0.00,34.00,128.00,-3.12,100,100,0.00,0,0.00,31.37,16.08,0.25,0.00,12.19,155,0,0,0
5048,ON,3,0,0.00,34.00,128.00,-3.12,100,100,0.00,0,0.00,31.37,16.08,0.25,0.00,12.19,155,0,0,0
5153,ON,3,0,0.00,34.00,128.00,-3.12,100,100,0.00,0,0.00,31.37,16.08,0.25,0.00,12.19,155,0,0,0
5258,ON,3,0,0.00,34.00,128.00,-3.12,100,100,0.00,0,0.00,31.37,16.08,0.25,0.00,12.19,155,0,0,0
5366,ON,3,0,0.00,34.00,128.00,-3.12,100,100,0.00,0,0.00,31.37,16.08,0.25,0.00,12.19,155,0,0,0
5471,ON,3,0,0.00,34.00,128.00,-3.12,100,100,0.00,0,0.00,31.37,16.08,0.25,0.00,12.19,155,0,0,0
5576,ON,3,0,0.00,34.00,128.00,-3.12,100,100,0.00,0,0.00,31.37,16.08,0.25,0.00,12.19,155,0,0,0
5681,ON,3,0,0.00,34.00,128.00,-3.12,100,100,0.00,0,0.00,31.37,16.08,0.25,0.00,12.19,155,0,0,0
5786,ON,3,0,0.00,34.00,128.00,-3.12,100,100,0.00,0,0.00,31.37,16.08,0.25,0.00,12.19,155,0,0,0
5891,ON,3,0,0.00,34.00,128.00,-3.12,100,100,0.00,0,0.00,31.37,16.08,0.25,0.00,12.19,155,0,0,0
5999,ON,3,0,0.00,34.00,128.00,-3.12,100,100,0.00,0,0.00,31.37,16.08,0.25,0.00,12.19,155,0,0,0
6104,ON,3,0,0.00,34.00,128.00,-3.12,100,100,0.00,0,0.00,31.37,16.08,0.25,0.00,12.19,155,0,0,0
6209,ON,3,0,0.00,34.00,128.00,-3.12,100,100,0.00,0,0.00,31.37,16.08,0.25,0.00,12.19,155,0,0,0
6314,ON,3,0,0.00,34.00,128.00,-3.12,100,100,0.00,0,0.00,31.37,16.08,0.25,0.00,12.19,155,0,0,0
6419,ON,3,0,0.00,34.00,128.00,-3.12,100,100,0.00,0,0.00,31.37,16.08,0.25,0.00,12.19,155,0,0,0
6524,ON,3,0,0.00,34.00,128.00,-3.12,100,100,0.00,0,0.00,31.37,16.08,0.25,0.00,12.19,155,0,0,0
6632,ON,3,0,0.00,34.00,128.00,-3.12,100,100,0.00,0,0.00,31.37,16.08,0.25,0.00,0.00,0,0,0,0
6737,ON,3,0,0.00,34.00,128.00,-3.12,100,100,0.00,0,0.00,31.37,16.08,0.25,0.00,0.00,0,0,0,0
6842,ON,3,0,0.00,34.00,128.00,-3.12,100,100,0.00,0,0.00,31.37,16.08,0.25,0.00,0.00,0,0,0,0
6947,ON,3,0,0.00,34.00,128.00,-3.12,100,100,0.00,0,0.00,31.37,16.08,0.25,0.00,0.00,0,0,0,0
7052,ON,3,0,0.00,34.00,128.00,-3.12,100,100,0.00,0,0.00,31.37,16.08,0.25,0.00,0.00,0,0,0,0
7157,ON,3,0,0.00,34.00,128.00,-3.12,100,100,0.00,0,0.00,31.37,16.08,0.25,0.00,0.00,0,0,0,0
7265,ON,3,0,0.00,34.00,128.00,-3.12,100,100,0.00,0,0.00,31.37,16.08,0.25,0.00,0.00,0,0,0,0
7370,ON,3,0,0.00,34.00,128.00,-3.12,100,100,0.00,0,0.00,31.37,16.08,0.25,0.00,0.00,0,0,0,0
7475,ON,3,0,0.00,34.00,128.00,-3.12,100,100,0.00,0,0.00,31.37,16.08,0.25,0.00,0.00,0,0,0,0
7580,ON,3,0,0.00,34.00,128.00,-3.12,100,100,0.00,0,0.00,31.37,16.08,0.25,0.00,0.00,0,0,0,0
7685,ON,3,0,0.00,34.00,128.00,-3.12,100,100,0.00,0,0.00,31.37,16.08,0.25,0.00,0.00,0,0,0,0
7790,ON,3,0,0.00,34.00,128.00,-3.12,100,100,0.00,0,0.00,31.37,16.08,0.25,0.00,0.00,0,0,0,0
7898,ON,3,0,0.00,34.00,128.00,-3.12,100,100,0.00,0,0.00,31.37,16.08,0.25,0.00,0.00,0,0,0,0
8003,ON,3,0,0.00,34.00,128.00,-3.12,100,100,0.00,0,0.00,31.37,16.08,0.25,0.00,0.00,0,0,0,0
8108,ON,3,0,0.00,34.00,128.00,-3.12,100,100,0.00,0,0.00,31.37,16.08,0.25,0.00,0.00,0,0,0,0
8213,ON,3,0,0.00,34.00,128.00,-3.12,100,100,0.00,0,0.00,31.37,16.08,0.25,0.00,0.00,0,0,0,0
8318,ON,3,0,0.00,34.00,128.00,-3.12,100,100,0.00,0,0.00,31.37,16.08,0.25,0.00,0.00,0,0,0,0
8423,ON,3,0,0.00,34.00,128.00,-3.12,100,100,0.00,0,0.00,31.37,16.08,0.25,0.00,0.00,0,0,0,0
8531,ON,3,0,0.00,34.00,128.00,-3.12,100,100,0.00,0,0.00,31.37,16.08,0.25,0.00,0.00,0,0,0,0
8636,ON,3,0,0.00,34.00,128.00,-3.12,100,100,0.00,0,0.00,31.37,16.08,0.25,0.00,0.00,0,0,0,0
8741,ON,3,0,0.00,34.00,128.00,-3.12,100,100,0.00,0,0.00,31.37,16.08,0.25,0.00,0.00,0,0,0,0
8846,ON,3,0,0.00,34.00,128.00,-3.12,100,100,0.00,0,0.00,31.37,16.08,0.25,0.00,0.00,0,0,0,0
8951,ON,3,0,0.00,34.00,128.00,-3.12,100,100,0.00,0,0.00,31.37,16.08,0.25,0.00,0.00,0,0,0,0
9056,ON,3,0,0.00,34.00,128.00,-3.12,100,100,0.00,0,0.00,31.37,16.08,0.25,0.00,0.00,0,0,0,0
9164,ON,3,0,0.00,34.00,128.00,-3.12,100,100,0.00,0,0.00,31.37,16.08,0.25,0.00,0.00,0,0,0,0
9269,ON,3,0,0.00,34.00,128.00,-3.12,100,100,0.00,0,0.00,31.37,16.08,0.25,0.00,0.00,0,0,0,0
9374,ON,3,0,0.00,34.00,128.00,-3.12,100,100,0.00,0,0.00,31.37,16.08,0.25,0.00,0.00,0,0,0,0
9479,ON,3,0,0.00,34.00,128.00,-3.12,100,100,0.00,0,0.00,31.37,16.08,0.25,0.00,0.00,0,0,0,0
9584,ON,3,0,0.00,34.00,128.00,-3.12,100,100,0.00,0,0.00,31.37,16.08,0.25,0.00,0.00,0,0,0,0
9689,ON,3,0,0.00,34.00,128.00,-3.12,100,100,0.00,0,0.00,31.37,16.08,0.25,0.00,0.00,0,0,0,0
9797,ON,3,0,0.00,34.00,128.00,-3.12,100,100,0.00,0,0.00,31.37,16.08,0.25,0.00,0.00,0,0,0,0
9902,ON,3,0,0.00,34.00,128.00,-3.12,100,100,0.00,0,0.00,31.37,16.08,0.25,0.00,0.00,0,0,0,0
10006,ON,3,0,0.00,34.00,128.00,-3.12,100,100,0.00,0,0.00,31.37,16.08,0.25,0.00,0.00,0,0,0,0
10111,ON,3,0,0.00,34.00,128.00,-3.12,100,100,0.00,0,0.00,31.37,16.08,0.25,0.00,0.00,0,0,0,0
10216,ON,3,0,0.00,34.00,128.00,-3.12,100,100,0.00,0,0.00,31.37,16.08,0.25,0.00,0.00,0,0,0,0
10321,ON,3,0,0.00,34.00,128.00,-3.12,100,100,0.00,0,0.00,31.37,16.08,0.25,0.00,0.00,0,0,0,0
10428,ON,3,0,0.00,34.00,128.00,-3.12,100,100,0.00,0,0.00,31.37,16.08,0.25,0.00,0.00,0,0,0,0
10532,ON,3,0,0.00,34.00,128.00,-3.12,100,100,0.00,0,0.00,31.37,16.08,0.25,0.00,0.00,0,0,0,0
10636,ON,3,0,0.00,34.00,128.00,-3.12,100,100,0.00,0,0.00,31.37,16.08,0.25,0.00,0.00,0,0,0,0
10740,ON,3,0,0.00,34.00,128.00,-3.12,100,100,0.00,0,0.00,31.37,16.08,0.25,0.00,0.00,0,0,0,0
10844,ON,3,0,0.00,34.00,128.00,-3.12,100,100,0.00,0,0.00,31.37,16.08,0.25,0.00,0.00,0,0,0,0
10949,ON,3,0,0.00,34.00,128.00,-3.12,100,100,0.00,0,0.00,31.37,16.08,0.25,0.00,0.00,0,0,0,0
11057,ON,3,0,0.00,34.00,128.00,-3.12,100,100,0.00,0,0.00,31.37,16.08,0.25,0.00,0.00,0,0,0,0
11162,ON,3,0,0.00,34.00,128.00,-3.12,100,100,0.00,0,0.00,31.37,16.08,0.25,0.00,0.00,0,0,0,0
11267,ON,3,0,0.00,34.00,128.00,-3.12,100,100,0.00,0,0.00,31.37,16.08,0.25,0.00,0.00,0,0,0,0
11372,ON,3,0,0.00,34.00,128.00,-3.12,100,100,0.00,0,0.00,31.37,16.08,0.25,0.00,0.00,0,0,0,0
11477,ON,3,0,0.00,34.00,128.00,-3.12,100,100,0.00,0,0.00,31.37,16.08,0.25,0.00,0.00,0,0,0,0
11582,ON,3,0,0.00,34.00,128.00,-3.12,100,100,0.00,0,0.00,31.37,16.08,0.25,0.00,0.00,0,0,0,0
11690,ON,3,0,0.00,34.00,128.00,-3.12,100,100,0.00,0,0.00,31.37,16.08,0.25,0.00,0.00,0,0,0,0
11795,ON,3,0,0.00,34.00,128.00,-3.12,100,100,0.00,0,0.00,31.37,16.08,0.25,0.00,0.00,0,0,0,0
11900,ON,3,0,0.00,34.00,128.00,-3.12,100,100,0.00,0,0.00,31.37,16.08,0.25,0.00,0.00,0,0,0,0
12005,ON,3,0,0.00,34.00,128.00,-3.12,100,100,0.00,0,0.00,31.37,16.08,0.25,0.00,0.00,0,0,0,0
12110,ON,3,0,0.00,34.00,128.00,-3.12,100,100,0.00,0,0.00,31.37,16.08,0.25,0.00,0.00,0,0,0,0
12215,ON,3,0,0.00,34.00,128.00,-3.12,100,100,0.00,0,0.00,31.37,16.08,0.25,0.00,0.00,0,0,0,0
12323,ON,3,0,0.00,34.00,128.00,-3.12,100,100,0.00,0,0.00,31.37,16.08,0.25,0.00,0.00,0,0,0,0
12428,ON,3,0,0.00,34.00,128.00,-3.12,100,100,0.00,0,0.00,31.37,16.08,0.25,0.00,0.00,0,0,0,0
12533,ON,3,0,0.00,34.00,128.00,-3.12,100,100,0.00,0,0.00,31.37,16.08,0.25,0.00,0.00,0,0,0,0
12638,ON,3,0,0.00,34.00,128.00,-3.12,100,100,0.00,0,0.00,31.37,16.08,0.25,0.00,0.00,0,0,0,0
12743,ON,3,0,0.00,34.00,128.00,-3.12,100,100,0.00,0,0.00,31.37,16.08,0.25,0.00,0.00,0,0,0,0
12848,ON,3,0,0.00,34.00,128.00,-3.12,100,100,0.00,0,0.00,31.37,16.08,0.25,0.00,0.00,0,0,0,0
12956,ON,3,0,0.00,34.00,128.00,-3.12,100,100,0.00,0,0.00,31.37,16.08,0.25,0.00,0.00,0,0,0,0
13061,ON,3,0,0.00,34.00,128.00,-3.12,100,100,0.00,0,0.00,31.37,16.08,0.25,0.00,0.00,0,0,0,0
13166,ON,3,0,0.00,34.00,128.00,-3.12,100,100,0.00,0,0.00,31.37,16.08,0.25,0.00,0.00,0,0,0,0
13271,ON,3,0,0.00,34.00,128.00,-3.12,100,100,0.00,0,0.00,31.37,16.08,0.25,0.00,0.00,0,0,0,0
13376,ON,3,0,0.00,34.00,128.00,-3.12,100,100,0.00,0,0.00,31.37,16.08,0.25,0.00,0.00,0,0,0,0
13481,ON,3,0,0.00,34.00,128.00,-3.12,100,100,0.00,0,0.00,31.37,16.08,0.25,0.00,0.00,0,0,0,0
13594,ON,3,0,0.00,34.00,128.00,-3.12,100,100,0.00,0,0.00,31.37,16.08,0.25,0.00,0.00,0,0,0,0
13731,ON,3,0,0.00,34.00,128.00,-3.12,100,100,0.00,0,0.00,31.37,16.08,0.25,0.00,0.00,0,0,0,0
13887,ON,3,0,0.00,34.00,128.00,-3.12,100,100,0.00,0,0.00,31.37,16.08,0.25,0.00,0.00,0,0,0,0
14048,ON,3,0,0.00,34.00,128.00,-3.12,100,100,0.00,0,0.00,31.37,16.08,0.25,0.00,0.00,0,0,0,0
14209,ON,3,0,0.00,34.00,128.00,-3.12,100,100,0.00,0,0.00,31.37,16.08,0.25,0.00,0.00,0,0,0,0
14370,ON,3,0,0.00,34.00,128.00,-3.12,100,100,0.00,0,0.00,31.37,16.08,0.25,0.00,0.00,0,0,0,0
14524,ON,3,0,0.00,34.00,128.00,-3.12,100,100,0.00,0,0.00,31.37,16.08,0.25,0.00,0.00,0,0,0,0
14629,ON,3,0,0.00,34.00,128.00,-3.12,100,100,0.00,0,0.00,31.37,16.08,0.25,0.00,0.00,0,0,0,0
14734,ON,3,0,0.00,34.00,128.00,-3.12,100,100,0.00,0,0.00,31.37,16.08,0.25,0.00,0.00,0,0,0,0
14839,ON,3,0,0.00,34.00,128.00,-3.12,100,100,0.00,0,0.00,31.37,16.08,0.25,0.00,0.00,0,0,0,0
14944,ON,3,0,0.00,34.00,128.00,-3.12,100,100,0.00,0,0.00,31.37,16.08,0.25,0.00,0.00,0,0,0,0
15049,ON,3,0,0.00,34.00,128.00,-3.12,100,100,0.00,0,0.00,31.37,16.08,0.25,0.00,0.00,0,0,0,0
15157,ON,3,0,0.00,34.00,128.00,-3.12,100,100,0.00,0,0.00,31.37,16.08,0.25,0.00,0.00,0,0,0,0
15262,ON,3,0,0.00,34.00,128.00,-3.12,100,100,0.00,0,0.00,31.37,16.08,0.25,0.00,0.00,0,0,0,0
15367,ON,3,0,0.00,34.00,128.00,-3.12,100,100,0.00,0,0.00,31.37,16.08,0.25,0.00,0.00,0,0,0,0
15472,ON,3,0,0.00,34.00,128.00,-3.12,100,100,0.00,0,0.00,31.37,16.08,0.25,0.00,0.00,0,0,0,0
15577,ON,3,0,0.00,34.00,128.00,-3.12,100,100,0.00,0,0.00,31.37,16.08,0.25,0.00,0.00,0,0,0,0
15682,ON,3,0,0.00,34.00,128.00,-3.12,100,100,0.00,0,0.00,31.37,16.08,0.25,0.00,0.00,0,0,0,0
15790,ON,3,0,0.00,34.00,128.00,-3.12,100,100,0.00,0,0.00,31.37,16.08,0.25,0.00,0.00,0,0,0,0
15895,ON,3,0,0.00,34.00,128.00,-3.12,100,100,0.00,0,0.00,31.37,16.08,0.25,0.00,0.00,0,0,0,0
16000,ON,3,0,0.00,34.00,128.00,-3.12,100,100,0.00,0,0.00,31.37,16.08,0.25,0.00,0.00,0,0,0,0
16105,ON,3,0,0.00,34.00,128.00,-3.12,100,100,0.00,0,0.00,31.37,16.08,0.25,0.00,0.00,0,0,0,0
16210,ON,3,0,0.00,34.00,128.00,-3.12,100,100,0.00,0,0.00,31.37,16.08,0.25,0.00,0.00,0,0,0,0
16315,ON,3,0,0.00,34.00,128.00,-3.12,100,100,0.00,0,0.00,31.37,16.08,0.25,0.00,0.00,0,0,0,0
16423,ON,3,0,0.00,34.00,128.00,-3.12,100,100,0.00,0,0.00,31.37,16.08,0.25,0.00,0.00,0,0,0,0
16528,ON,3,0,0.00,34.00,128.00,-3.12,100,100,0.00,0,0.00,31.37,16.08,0.25,0.00,0.00,0,0,0,0
16633,ON,3,0,0.00,34.00,128.00,-3.12,100,100,0.00,0,0.00,31.37,16.08,0.25,0.00,0.00,0,0,0,0
16738,ON,3,0,0.00,34.00,128.00,-3.12,100,100,0.00,0,0.00,31.37,16.08,0.25,0.00,0.00,0,0,0,0
16843,ON,3,0,0.00,34.00,128.00,-3.12,100,100,0.00,0,0.00,31.37,16.08,0.25,0.00,0.00,0,0,0,0
16948,ON,3,0,0.00,34.00,128.00,-3.12,100,100,0.00,0,0.00,31.37,16.08,0.25,0.00,0.00,0,0,0,0
17056,ON,3,0,0.00,34.00,128.00,-3.12,100,100,0.00,0,0.00,31.37,16.08,0.25,0.00,0.00,0,0,0,0
17161,ON,3,0,0.00,34.00,128.00,-3.12,100,100,0.00,0,0.00,31.37,16.08,0.25,0.00,0.00,0,0,0,0
17266,ON,3,0,0.00,34.00,128.00,-3.12,100,100,0.00,0,0.00,31.37,16.08,0.25,0.00,0.00,0,0,0,0
17371,ON,3,0,0.00,34.00,128.00,-3.12,100,100,0.00,0,0.00,31.37,16.08,0.25,0.00,0.00,0,0,0,0
17476,ON,3,0,0.00,34.00,128.00,-3.12,100,100,0.00,0,0.00,31.37,16.08,0.25,0.00,0.00,0,0,0,0
17581,ON,3,0,0.00,34.00,128.00,-3.12,100,100,0.00,0,0.00,31.37,16.08,0.25,0.00,0.00,0,0,0,0
17689,ON,3,0,0.00,34.00,128.00,-3.12,100,100,0.00,0,0.00,31.37,16.08,0.25,0.00,0.00,0,0,0,0
17794,ON,3,0,0.00,34.00,128.00,-3.12,100,100,0.00,0,0.00,31.37,16.08,0.25,0.00,0.00,0,0,0,0
17899,ON,3,0,0.00,34.00,128.00,-3.12,100,100,0.00,0,0.00,31.37,16.08,0.25,0.00,0.00,0,0,0,0
18004,ON,3,0,0.00,34.00,128.00,-3.12,100,100,0.00,0,0.00,31.37,16.08,0.25,0.00,0.00,0,0,0,0
18109,ON,3,0,0.00,34.00,128.00,-3.12,100,100,0.00,0,0.00,31.37,16.08,0.25,0.00,0.00,0,0,0,0
18214,ON,3,0,0.00,34.00,128.00,-3.12,100,100,0.00,0,0.00,31.37,16.08,0.25,0.00,0.00,0,0,0,0
18322,ON,3,0,0.00,34.00,128.00,-3.12,100,100,0.00,0,0.00,31.37,16.08,0.25,0.00,0.00,0,0,0,0
18427,ON,3,0,0.00,34.00,128.00,-3.12,100,100,0.00,0,0.00,31.37,16.08,0.25,0.00,0.00,0,0,0,0
18532,ON,3,0,0.00,34.00,128.00,-3.12,100,100,0.00,0,0.00,31.37,16.08,0.25,0.00,0.00,0,0,0,0
