2314,ON,3,0,0.00,-40.00,-40.00,-100.00,0,0,0.00,0,-64.00,0.00,0.00,0.00,-100.00,0.00,0,0,0,0
2422,ON,3,0,0.00,34.00,128.00,-3.12,100,100,0.00,0,0.00,31.37,16.08,0.25,0.00,0.00,0,0,0,0
2530,ON,3,0,0.00,34.00,128.00,-3.12,100,100,0.00,0,0.00,31.37,16.08,0.25,0.00,0.00,0,0,0,0
2634,ON,3,0,0.00,34.00,128.00,-3.12,100,100,0.00,0,0.00,31.37,16.08,0.25,0.00,0.00,0,0,0,0
2738,ON,3,0,0.00,34.00,128.00,-3.12,100,100,0.00,0,0.00,31.37,16.08,0.25,0.00,0.00,0,0,0,0
2842,ON,3,0,0.00,33.00,128.00,-3.12,100,100,0.00,0,0.00,31.37,16.08,0.25,0.00,0.00,0,0,0,0
2946,ON,3,0,0.00,34.00,128.00,-3.12,100,100,0.00,0,0.00,31.37,16.08,0.25,0.00,0.00,0,0,0,0
3051,ON,3,0,0.00,34.00,128.00,-3.12,100,100,0.00,0,0.00,31.37,16.08,0.25,0.00,0.00,0,0,0,0
3159,ON,3,0,0.00,34.00,128.00,-3.12,100,100,0.00,0,0.00,31.37,16.08,0.25,0.00,0.00,0,0,0,0
3264,ON,3,0,0.00,34.00,128.00,-3.12,100,100,0.00,0,0.00,31.37,16.08,0.25,0.00,0.00,0,0,0,0
3369,ON,3,0,0.00,34.00,128.00,-3.12,100,100,0.00,0,0.00,31.37,16.08,0.25,0.00,0.00,0,0,0,0
3474,ON,3,0,0.00,34.00,128.00,-3.12,100,100,0.00,0,0.00,31.37,16.08,0.25,0.00,0.00,0,0,0,0
3579,ON,3,0,0.00,34.00,128.00,-3.12,100,100,0.00,0,0.00,31.37,16.08,0.25,0.00,0.00,0,0,0,0
3684,ON,3,0,0.00,34.00,128.00,-3.12,100,100,0.00,0,0.00,31.37,16.08,0.25,0.00,0.00,0,0,0,0
3792,ON,3,0,0.00,33.00,128.00,-3.12,100,100,0.00,0,0.00,31.37,16.08,0.25,0.00,0.00,0,0,0,0
3897,ON,3,0,0.00,34.00,128.00,-3.12,100,100,0.00,0,0.00,31.37,16.08,0.25,0.00,0.00,0,0,0,0
4002,ON,3,0,0.00,34.00,128.00,-3.12,100,100,0.00,0,0.00,31.37,16.08,0.25,0.00,0.00,0,0,0,0
4107,ON,3,0,0.00,34.00,128.00,-3.12,100,100,0.00,0,0.00,31.37,16.08,0.25,0.00,0.00,0,0,0,0
4212,ON,3,0,0.00,34.00,128.00,-3.12,100,100,0.00,0,0.00,31.37,16.08,0.25,0.00,0.00,0,0,0,0
4317,ON,3,0,0.00,34.00,128.00,-3.12,100,100,0.00,0,0.00,31.37,16.08,0.25,0.00,0.00,0,0,0,0
4425,ON,3,0,0.00,34.00,128.00,-3.12,100,100,0.00,0,0.00,31.37,16.08,0.25,0.00,0.00,0,0,0,0
4530,ON,3,0,0.00,34.00,128.00,-3.12,100,100,0.00,0,0.00,31.37,16.08,0.25,0.00,0.00,0,0,0,0
4635,ON,3,0,0.00,34.00,128.00,-3.12,100,100,0.00,0,0.00,31.37,16.08,0.25,0.00,0.00,0,0,0,0
4740,ON,3,0,0.00,34.00,128.00,-3.12,100,100,0.00,0,0.00,31.37,16.08,0.25,0.00,0.00,0,0,0,0
4845,ON,3,0,0.00,34.00,128.00,-3.12,100,100,0.00,0,0.00,31.37,16.08,0.25,0.00,0.00,0,0,0,0
4950,ON,3,0,0.00,34.00,128.00,-3.12,100,100,0.00,0,0.00,31.37,16.08,0.25,0.00,0.00,0,0,0,0
5058,ON,3,0,0.00,34.00,128.00,-3.12,100,100,0.00,0,0.00,31.37,16.08,0.25,0.00,0.00,0,0,0,0
5163,ON,3,0,0.00,34.00,128.00,-3.12,100,100,0.00,0,0.00,31.37,16.08,0.25,0.00,0.00,0,0,0,0
5268,ON,3,0,0.00,34.00,128.00,-3.12,100,100,0.00,0,0.00,31.37,16.08,0.25,0.00,0.00,0,0,0,0
5373,ON,3,0,0.00,34.00,128.00,-3.12,100,100,0.00,0,0.00,31.37,16.08,0.25,0.00,0.00,0,0,0,0
5478,ON,3,0,0.00,34.00,128.00,-3.12,100,100,0.00,0,0.00,31.37,16.08,0.25,0.00,0.00,0,0,0,0
5583,ON,3,0,0.00,34.00,128.00,-3.12,100,100,0.00,0,0.00,31.37,16.08,0.25,0.00,0.00,0,0,0,0
5691,ON,3,0,0.00,33.00,128.00,-3.12,100,100,0.00,0,0.00,31.37,16.08,0.25,0.00,0.00,0,0,0,0
5796,ON,3,0,0.00,34.00,128.00,-3.12,100,100,0.00,0,0.00,31.37,16.08,0.25,0.00,0.00,0,0,0,0
5901,ON,3,0,0.00,34.00,128.00,-3.12,100,100,0.00,0,0.00,31.37,16.08,0.25,0.00,0.00,0,0,0,0
6006,ON,3,0,0.00,33.00,128.00,-3.12,100,100,0.00,0,0.00,31.37,16.08,0.25,0.00,0.00,0,0,0,0
6111,ON,3,0,0.00,34.00,128.00,-3.12,100,100,0.00,0,0.00,31.37,16.08,0.25,0.00,0.00,0,0,0,0
6216,ON,3,0,0.00,34.00,128.00,-3.12,100,100,0.00,0,0.00,31.37,16.08,0.25,0.00,0.00,0,0,0,0
6324,ON,3,0,0.00,34.00,128.00,-3.12,100,100,0.00,0,0.00,31.37,16.08,0.25,0.00,0.00,0,0,0,0
6429,ON,3,0,0.00,34.00,128.00,-3.12,100,100,0.00,0,0.00,31.37,16.08,0.25,0.00,0.00,0,0,0,0
6534,ON,3,0,0.00,34.00,128.00,-3.12,100,100,0.00,0,0.00,31.37,16.08,0.25,0.00,0.00,0,0,0,0
6639,ON,3,0,0.00,34.00,128.00,-3.12,100,100,0.00,0,0.00,31.37,16.08,0.25,0.00,0.00,0,0,0,0
6744,ON,3,0,0.00,34.00,128.00,-3.12,100,100,0.00,0,0.00,31.37,16.08,0.25,0.00,0.00,0,0,0,0
