2314,OFF,0,0,0.00,-40.00,-40.00,-100.00,0,0,0.00,0,-64.00,0.00,0.00,0.00,-100.00,0.00,0,0,0,0
2426,ON,3,0,0.00,34.00,128.00,-3.12,100,100,0.00,0,0.00,31.37,16.08,0.25,0.00,0.00,0,0,0,0
2530,ON,3,0,0.00,33.00,128.00,-3.12,100,100,0.00,0,0.00,31.37,16.08,0.25,0.00,0.00,0,0,0,0
2634,ON,3,0,0.00,34.00,128.00,-3.12,100,100,0.00,0,0.00,31.37,16.08,0.25,0.00,0.00,0,0,0,0
2738,ON,3,0,0.00,34.00,128.00,-3.12,100,100,0.00,0,0.00,31.37,16.08,0.25,0.00,0.00,0,0,0,0
2842,ON,3,0,0.00,34.00,128.00,-3.12,100,100,0.00,0,0.00,31.37,16.08,0.25,0.00,0.00,0,0,0,0
2950,ON,3,0,0.00,34.00,128.00,-3.12,100,100,0.00,0,0.00,31.37,16.08,0.25,0.00,0.00,0,0,0,0
3055,ON,3,0,0.00,34.00,128.00,-3.12,100,100,0.00,0,0.00,31.37,16.08,0.25,0.00,0.00,0,0,0,0
3160,ON,3,0,0.00,34.00,128.00,-3.12,100,100,0.00,0,0.00,31.37,16.08,0.25,0.00,0.00,0,0,0,0
3265,ON,3,0,0.00,34.00,128.00,-3.12,100,100,0.00,0,0.00,31.37,16.08,0.25,0.00,0.00,0,0,0,0
3370,ON,3,0,0.00,34.00,128.00,-3.12,100,100,0.00,0,0.00,31.37,16.08,0.25,0.00,0.00,0,0,0,0
3475,ON,3,0,0.00,33.00,128.00,-3.12,100,100,0.00,0,0.00,31.37,16.08,0.25,0.00,0.00,0,0,0,0
3583,ON,3,0,0.00,34.00,128.00,-3.12,100,100,0.00,0,0.00,31.37,16.08,0.25,0.00,0.00,0,0,0,0
3688,ON,3,0,0.00,34.00,128.00,-3.12,100,100,0.00,0,0.00,31.37,16.08,0.25,0.00,0.00,0,0,0,0
3793,ON,3,0,0.00,34.00,128.00,-3.12,100,100,0.00,0,0.00,31.37,16.08,0.25,0.00,0.00,0,0,0,0
3898,ON,3,0,0.00,34.00,128.00,-3.12,100,100,0.00,0,0.00,31.37,16.08,0.25,0.00,0.00,0,0,0,0
4003,ON,3,0,0.00,34.00,128.00,-3.12,100,100,0.00,0,0.00,31.37,16.08,0.25,0.00,0.00,0,0,0,0
4108,ON,3,0,0.00,34.00,128.00,-3.12,100,100,0.00,0,0.00,31.37,16.08,0.25,0.00,0.00,0,0,0,0
4216,ON,3,0,0.00,34.00,128.00,-3.12,100,100,0.00,0,0.00,31.37,16.08,0.25,0.00,0.00,0,0,0,0
4321,ON,3,0,0.00,34.00,128.00,-3.12,100,100,0.00,0,0.00,31.37,16.08,0.25,0.00,0.00,0,0,0,0
4426,ON,3,0,0.00,33.00,128.00,-3.12,100,100,0.00,0,0.00,31.37,16.08,0.25,0.00,0.00,0,0,0,0
