1116,OFF,0,0,0.00,-40.00,-40.00,-100.00,0,0,0.00,0,-64.00,0.00,0.00,0.00,-100.00,0.00,0,0,0,0
1224,OFF,0,0,0.00,40.00,29.00,-3.12,100,100,0.00,0,0.00,27.45,11.37,0.25,0.00,12.19,155,0,0,0
1329,OFF,0,0,0.00,40.00,29.00,-3.12,100,100,0.00,0,0.00,27.45,11.37,0.25,0.00,12.19,155,0,0,0
1434,OFF,0,0,0.00,40.00,29.00,-3.12,100,100,0.00,0,0.00,27.45,11.37,0.25,0.00,12.19,155,0,0,0
1539,OFF,0,0,0.00,40.00,29.00,-3.12,100,100,0.00,0,0.00,27.45,11.37,0.25,0.00,12.19,155,0,0,0
1647,OFF,0,0,0.00,40.00,29.00,-3.12,100,100,0.00,0,0.00,27.45,11.37,0.25,0.00,12.19,155,0,0,0
1752,OFF,0,0,0.00,40.00,29.00,-3.12,100,100,0.00,0,0.00,27.45,11.37,0.25,0.00,12.27,233,0,0,0
1857,OFF,0,0,0.00,40.00,29.00,-3.12,100,100,0.00,0,0.00,27.45,11.37,0.25,0.00,12.19,155,0,0,0
1962,OFF,0,0,0.00,40.00,29.00,-3.12,100,100,0.00,0,0.00,27.45,11.37,0.25,0.00,12.19,155,0,0,0
2067,OFF,0,0,0.00,40.00,29.00,-3.12,100,100,0.00,0,0.00,27.45,11.37,0.25,0.00,12.27,233,0,0,0
2172,OFF,0,0,0.00,40.00,28.00,-3.12,100,100,0.00,0,0.00,27.45,11.37,0.25,0.00,12.19,155,0,0,0
2280,OFF,0,0,0.00,40.00,29.00,-3.12,100,100,0.00,0,0.00,27.45,11.37,0.25,0.00,12.19,155,0,0,0
2385,OFF,0,0,0.00,40.00,28.00,-3.12,100,100,0.00,0,0.00,27.45,11.37,0.25,0.00,12.27,233,0,0,0
2490,OFF,0,0,0.00,40.00,29.00,-3.12,100,100,0.00,0,0.00,27.45,11.37,0.25,0.00,12.19,155,0,0,0
2595,OFF,0,0,0.00,40.00,29.00,-3.12,100,100,0.00,0,0.00,27.45,11.37,0.25,0.00,12.19,155,0,0,0
2700,OFF,0,0,0.00,40.00,29.00,-3.12,100,100,0.00,0,0.00,27.45,11.37,0.25,0.00,12.27,233,0,0,0
2805,OFF,0,0,0.00,40.00,29.00,-3.12,100,100,0.00,0,0.00,27.45,11.37,0.25,0.00,12.19,155,0,0,0
2913,OFF,0,0,0.00,40.00,29.00,-3.12,100,100,0.00,0,0.00,27.45,11.37,0.25,0.00,12.19,155,0,0,0
3018,OFF,0,0,0.00,40.00,29.00,-3.12,100,100,0.00,0,0.00,27.45,11.37,0.25,0.00,12.27,233,0,0,0
3123,OFF,0,0,0.00,40.00,28.00,-3.12,100,100,0.00,0,0.00,27.45,11.37,0.25,0.00,12.19,155,0,0,0
3228,OFF,0,0,0.00,40.00,29.00,-3.12,100,100,0.00,0,0.00,27.45,11.37,0.25,0.00,12.19,155,0,0,0
3333,OFF,0,0,0.00,40.00,29.00,-3.12,100,100,0.00,0,0.00,27.45,11.37,0.25,0.00,12.27,233,0,0,0
3438,OFF,0,0,0.00,40.00,28.00,-3.12,100,100,0.00,0,0.00,27.45,11.37,0.25,0.00,12.19,155,0,0,0
3546,OFF,0,0,0.00,40.00,29.00,-3.12,100,100,0.00,0,0.00,27.45,11.37,0.25,0.00,0.00,0,0,0,0
3651,OFF,0,0,0.00,40.00,28.00,-3.12,100,100,0.00,0,0.00,27.45,11.37,0.25,0.00,0.00,0,0,0,0
3756,OFF,0,0,0.00,41.00,29.00,-3.12,100,100,0.00,0,0.00,27.45,11.37,0.25,0.00,0.00,0,0,0,0
3861,OFF,0,0,0.00,40.00,29.00,-3.12,100,100,0.00,0,0.00,27.45,11.37,0.25,0.00,0.00,0,0,0,0
3966,OFF,0,0,0.00,41.00,29.00,-3.12,100,100,0.00,0,0.00,27.45,11.37,0.25,0.00,0.00,0,0,0,0
4071,OFF,0,0,0.00,41.00,28.00,-3.12,100,100,0.00,0,0.00,27.45,11.37,0.25,0.00,0.00,0,0,0,0
4179,OFF,0,0,0.00,41.00,29.00,-3.12,100,100,0.00,0,0.00,27.45,11.37,0.25,0.00,0.00,0,0,0,0
4284,OFF,0,0,0.00,41.00,29.00,-3.12,100,100,0.00,0,0.00,27.45,11.37,0.25,0.00,0.00,0,0,0,0
4389,OFF,0,0,0.00,41.00,29.00,-3.12,100,100,0.00,0,0.00,27.45,11.37,0.25,0.00,0.00,0,0,0,0
4494,OFF,0,0,0.00,41.00,29.00,-3.12,100,100,0.00,0,0.00,27.45,11.37,0.25,0.00,0.00,0,0,0,0
4599,OFF,0,0,0.00,41.00,29.00,-3.12,100,100,0.00,0,0.00,27.45,11.37,0.25,0.00,0.00,0,0,0,0
4704,OFF,0,0,0.00,41.00,29.00,-3.12,100,100,0.00,0,0.00,27.45,11.37,0.25,0.00,0.00,0,0,0,0
4812,OFF,0,0,0.00,41.00,29.00,-3.12,100,100,0.00,0,0.00,27.45,11.37,0.25,0.00,0.00,0,0,0,0
4917,OFF,0,0,0.00,41.00,29.00,-3.12,100,100,0.00,0,0.00,27.45,11.37,0.25,0.00,0.00,0,0,0,0
5022,OFF,0,0,0.00,41.00,29.00,-3.12,100,100,0.00,0,0.00,27.45,11.37,0.25,0.00,0.00,0,0,0,0
5127,OFF,0,0,0.00,41.00,29.00,-3.12,100,100,0.00,0,0.00,27.45,11.37,0.25,0.00,0.00,0,0,0,0
5232,OFF,0,0,0.00,41.00,29.00,-3.12,100,100,0.00,0,0.00,27.45,11.37,0.25,0.00,0.00,0,0,0,0
5337,OFF,0,0,0.00,41.00,29.00,-3.12,100,100,0.00,0,0.00,27.45,11.37,0.25,0.00,0.00,0,0,0,0
5445,OFF,0,0,0.00,41.00,29.00,-3.12,100,100,0.00,0,0.00,27.45,11.37,0.25,0.00,0.00,0,0,0,0
5550,OFF,0,0,0.00,41.00,29.00,-3.12,100,100,0.00,0,0.00,27.45,11.37,0.25,0.00,0.00,0,0,0,0
5655,OFF,0,0,0.00,41.00,29.00,-3.12,100,100,0.00,0,0.00,27.45,11.37,0.25,0.00,0.00,0,0,0,0
5760,OFF,0,0,0.00,41.00,29.00,-3.12,100,100,0.00,0,0.00,27.45,11.37,0.25,0.00,0.00,0,0,0,0
5865,OFF,0,0,0.00,41.00,29.00,-3.12,100,100,0.00,0,0.00,27.45,11.37,0.25,0.00,0.00,0,0,0,0
5970,OFF,0,0,0.00,41.00,29.00,-3.12,100,100,0.00,0,0.00,27.45,11.37,0.25,0.00,0.00,0,0,0,0
6078,OFF,0,0,0.00,41.00,29.00,-3.12,100,100,0.00,0,0.00,27.45,11.37,0.25,0.00,0.00,0,0,0,0
6183,OFF,0,0,0.00,41.00,29.00,-3.12,100,100,0.00,0,0.00,27.45,11.37,0.25,0.00,0.00,0,0,0,0
6288,OFF,0,0,0.00,41.00,29.00,-3.12,100,100,0.00,0,0.00,27.45,11.37,0.25,0.00,0.00,0,0,0,0
6393,OFF,0,0,0.00,41.00,29.00,-3.12,100,100,0.00,0,0.00,27.45,11.37,0.25,0.00,0.00,0,0,0,0
6498,OFF,0,0,0.00,41.00,29.00,-3.12,100,100,0.00,0,0.00,27.45,11.37,0.25,0.00,0.00,0,0,0,0
6603,OFF,0,0,0.00,41.00,29.00,-3.12,100,100,0.00,0,0.00,27.45,11.37,0.25,0.00,0.00,0,0,0,0
6711,OFF,0,0,0.00,41.00,29.00,-3.12,100,100,0.00,0,0.00,27.45,11.37,0.25,0.00,0.00,0,0,0,0
6816,OFF,0,0,0.00,41.00,29.00,-3.12,100,100,0.00,0,0.00,27.45,11.37,0.25,0.00,0.00,0,0,0,0
6921,OFF,0,0,0.00,41.00,29.00,-3.12,100,100,0.00,0,0.00,27.45,11.37,0.25,0.00,0.00,0,0,0,0
7026,OFF,0,0,0.00,41.00,29.00,-3.12,100,100,0.00,0,0.00,27.45,11.37,0.25,0.00,0.00,0,0,0,0
7131,OFF,0,0,0.00,41.00,29.00,-3.12,100,100,0.00,0,0.00,27.45,11.37,0.25,0.00,0.00,0,0,0,0
7236,OFF,0,0,0.00,41.00,29.00,-3.12,100,100,0.00,0,0.00,27.45,11.37,0.25,0.00,0.00,0,0,0,0
7344,OFF,0,0,0.00,41.00,29.00,-3.12,100,100,0.00,0,0.00,27.45,11.37,0.25,0.00,0.00,0,0,0,0
7449,OFF,0,0,0.00,41.00,29.00,-3.12,100,100,0.00,0,0.00,27.45,11.37,0.25,0.00,0.00,0,0,0,0
7554,OFF,0,0,0.00,41.00,29.00,-3.12,100,100,0.00,0,0.00,27.45,11.37,0.25,0.00,0.00,0,0,0,0
7659,OFF,0,0,0.00,41.00,29.00,-3.12,100,100,0.00,0,0.00,27.45,11.37,0.25,0.00,0.00,0,0,0,0
7764,OFF,0,0,0.00,41.00,29.00,-3.12,100,100,0.00,0,0.00,27.45,11.37,0.25,0.00,0.00,0,0,0,0
7869,OFF,0,0,0.00,41.00,29.00,-3.12,100,100,0.00,0,0.00,27.45,11.37,0.25,0.00,0.00,0,0,0,0
7977,OFF,0,0,0.00,41.00,29.00,-3.12,100,100,0.00,0,0.00,27.45,11.37,0.25,0.00,0.00,0,0,0,0
8082,OFF,0,0,0.00,41.00,29.00,-3.12,100,100,0.00,0,0.00,27.45,11.37,0.25,0.00,0.00,0,0,0,0
8187,OFF,0,0,0.00,41.00,29.00,-3.12,100,100,0.00,0,0.00,27.45,11.37,0.25,0.00,0.00,0,0,0,0
8292,OFF,0,0,0.00,41.00,29.00,-3.12,100,100,0.00,0,0.00,27.45,11.37,0.25,0.00,0.00,0,0,0,0
8397,OFF,0,0,0.00,41.00,29.00,-3.12,100,100,0.00,0,0.00,27.45,11.37,0.25,0.00,0.00,0,0,0,0
8502,OFF,0,0,0.00,41.00,29.00,-3.12,100,100,0.00,0,0.00,27.45,11.37,0.25,0.00,0.00,0,0,0,0
8610,OFF,0,0,0.00,41.00,29.00,-3.12,100,100,0.00,0,0.00,27.45,11.37,0.25,0.00,0.00,0,0,0,0
8715,OFF,0,0,0.00,41.00,29.00,-3.12,100,100,0.00,0,0.00,27.45,11.37,0.25,0.00,0.00,0,0,0,0
8820,OFF,0,0,0.00,41.00,29.00,-3.12,100,100,0.00,0,0.00,27.45,11.37,0.25,0.00,0.00,0,0,0,0
8925,OFF,0,0,0.00,41.00,29.00,-3.12,100,100,0.00,0,0.00,27.45,11.37,0.25,0.00,0.00,0,0,0,0
9030,OFF,0,0,0.00,41.00,29.00,-3.12,100,100,0.00,0,0.00,27.45,11.37,0.25,0.00,0.00,0,0,0,0
9135,OFF,0,0,0.00,41.00,29.00,-3.12,100,100,0.00,0,0.00,27.45,11.37,0.25,0.00,0.00,0,0,0,0
9243,OFF,0,0,0.00,41.00,29.00,-3.12,100,100,0.00,0,0.00,27.45,11.37,0.25,0.00,0.00,0,0,0,0
9348,OFF,0,0,0.00,41.00,29.00,-3.12,100,100,0.00,0,0.00,27.45,11.37,0.25,0.00,0.00,0,0,0,0
9453,OFF,0,0,0.00,41.00,29.00,-3.12,100,100,0.00,0,0.00,27.45,11.37,0.25,0.00,0.00,0,0,0,0
9558,OFF,0,0,0.00,41.00,29.00,-3.12,100,100,0.00,0,0.00,27.45,11.37,0.25,0.00,0.00,0,0,0,0
9663,OFF,0,0,0.00,41.00,29.00,-3.12,100,100,0.00,0,0.00,27.45,11.37,0.25,0.00,0.00,0,0,0,0
9768,OFF,0,0,0.00,41.00,29.00,-3.12,100,100,0.00,0,0.00,27.45,11.37,0.25,0.00,0.00,0,0,0,0
9876,OFF,0,0,0.00,41.00,29.00,-3.12,100,100,0.00,0,0.00,27.45,11.37,0.25,0.00,0.00,0,0,0,0
9980,OFF,0,0,0.00,41.00,29.00,-3.12,100,100,0.00,0,0.00,27.45,11.37,0.25,0.00,0.00,0,0,0,0
10084,OFF,0,0,0.00,41.00,29.00,-3.12,100,100,0.00,0,0.00,27.45,11.37,0.25,0.00,0.00,0,0,0,0
10188,OFF,0,0,0.00,41.00,29.00,-3.12,100,100,0.00,0,0.00,27.45,11.37,0.25,0.00,0.00,0,0,0,0
10292,OFF,0,0,0.00,41.00,29.00,-3.12,100,100,0.00,0,0.00,27.45,11.37,0.25,0.00,0.00,0,0,0,0
10396,OFF,0,0,0.00,41.00,29.00,-3.12,100,100,0.00,0,0.00,27.45,11.37,0.25,0.00,0.00,0,0,0,0
10503,OFF,0,0,0.00,41.00,29.00,-3.12,100,100,0.00,0,0.00,27.45,11.37,0.25,0.00,0.00,0,0,0,0
10607,OFF,0,0,0.00,41.00,29.00,-3.12,100,100,0.00,0,0.00,27.45,11.37,0.25,0.00,0.00,0,0,0,0
10711,OFF,0,0,0.00,41.00,29.00,-3.12,100,100,0.00,0,0.00,27.45,11.37,0.25,0.00,0.00,0,0,0,0
10815,OFF,0,0,0.00,41.00,29.00,-3.12,100,100,0.00,0,0.00,27.45,11.37,0.25,0.00,0.00,0,0,0,0
10919,OFF,0,0,0.00,41.00,29.00,-3.12,100,100,0.00,0,0.00,27.45,11.37,0.25,0.00,0.00,0,0,0,0
11023,OFF,0,0,0.00,41.00,29.00,-3.12,100,100,0.00,0,0.00,27.45,11.37,0.25,0.00,0.00,0,0,0,0
11131,OFF,0,0,0.00,41.00,29.00,-3.12,100,100,0.00,0,0.00,27.45,11.37,0.25,0.00,0.00,0,0,0,0
11236,OFF,0,0,0.00,41.00,29.00,-3.12,100,100,0.00,0,0.00,27.45,11.37,0.25,0.00,0.00,0,0,0,0
11341,OFF,0,0,0.00,41.00,29.00,-3.12,100,100,0.00,0,0.00,27.45,11.37,0.25,0.00,0.00,0,0,0,0
11446,OFF,0,0,0.00,41.00,29.00,-3.12,100,100,0.00,0,0.00,27.45,11.37,0.25,0.00,0.00,0,0,0,0
11551,OFF,0,0,0.00,41.00,29.00,-3.12,100,100,0.00,0,0.00,27.45,11.37,0.25,0.00,0.00,0,0,0,0
11656,OFF,0,0,0.00,41.00,29.00,-3.12,100,100,0.00,0,0.00,27.45,11.37,0.25,0.00,0.00,0,0,0,0
11764,OFF,0,0,0.00,41.00,29.00,-3.12,100,100,0.00,0,0.00,27.45,11.37,0.25,0.00,0.00,0,0,0,0
11869,OFF,0,0,0.00,41.00,29.00,-3.12,100,100,0.00,0,0.00,27.45,11.37,0.25,0.00,0.00,0,0,0,0
11974,OFF,0,0,0.00,41.00,29.00,-3.12,100,100,0.00,0,0.00,27.45,11.37,0.25,0.00,0.00,0,0,0,0
12079,OFF,0,0,0.00,41.00,29.00,-3.12,100,100,0.00,0,0.00,27.45,11.37,0.25,0.00,0.00,0,0,0,0
12184,OFF,0,0,0.00,41.00,29.00,-3.12,100,100,0.00,0,0.00,27.45,11.37,0.25,0.00,0.00,0,0,0,0
12289,OFF,0,0,0.00,41.00,29.00,-3.12,100,100,0.00,0,0.00,27.45,11.37,0.25,0.00,0.00,0,0,0,0
12397,OFF,0,0,0.00,41.00,29.00,-3.12,100,100,0.00,0,0.00,27.45,11.37,0.25,0.00,0.00,0,0,0,0
12502,OFF,0,0,0.00,41.00,29.00,-3.12,100,100,0.00,0,0.00,27.45,11.37,0.25,0.00,0.00,0,0,0,0
12607,OFF,0,0,0.00,41.00,29.00,-3.12,100,100,0.00,0,0.00,27.45,11.37,0.25,0.00,0.00,0,0,0,0
12712,OFF,0,0,0.00,41.00,29.00,-3.12,100,100,0.00,0,0.00,27.45,11.37,0.25,0.00,0.00,0,0,0,0
12817,OFF,0,0,0.00,41.00,29.00,-3.12,100,100,0.00,0,0.00,27.45,11.37,0.25,0.00,0.00,0,0,0,0
12922,OFF,0,0,0.00,41.00,29.00,-3.12,100,100,0.00,0,0.00,27.45,11.37,0.25,0.00,0.00,0,0,0,0
13030,OFF,0,0,0.00,41.00,29.00,-3.12,100,100,0.00,0,0.00,27.45,11.37,0.25,0.00,0.00,0,0,0,0
13135,OFF,0,0,0.00,41.00,29.00,-3.12,100,100,0.00,0,0.00,27.45,11.37,0.25,0.00,0.00,0,0,0,0
13240,OFF,0,0,0.00,41.00,29.00,-3.12,100,100,0.00,0,0.00,27.45,11.37,0.25,0.00,0.00,0,0,0,0
13345,OFF,0,0,0.00,41.00,29.00,-3.12,100,100,0.00,0,0.00,27.45,11.37,0.25,0.00,0.00,0,0,0,0
13450,OFF,0,0,0.00,41.00,29.00,-3.12,100,100,0.00,0,0.00,27.45,11.37,0.25,0.00,0.00,0,0,0,0
13555,OFF,0,0,0.00,41.00,29.00,-3.12,100,100,0.00,0,0.00,27.45,11.37,0.25,0.00,0.00,0,0,0,0
13663,OFF,0,0,0.00,41.00,29.00,-3.12,100,100,0.00,0,0.00,27.45,11.37,0.25,0.00,0.00,0,0,0,0
13768,OFF,0,0,0.00,41.00,29.00,-3.12,100,100,0.00,0,0.00,27.45,11.37,0.25,0.00,0.00,0,0,0,0
13873,OFF,0,0,0.00,41.00,29.00,-3.12,100,100,0.00,0,0.00,27.45,11.37,0.25,0.00,0.00,0,0,0,0
13978,OFF,0,0,0.00,41.00,29.00,-3.12,100,100,0.00,0,0.00,27.45,11.37,0.25,0.00,0.00,0,0,0,0
14083,OFF,0,0,0.00,41.00,29.00,-3.12,100,100,0.00,0,0.00,27.45,11.37,0.25,0.00,0.00,0,0,0,0
14188,OFF,0,0,0.00,41.00,29.00,-3.12,100,100,0.00,0,0.00,27.45,11.37,0.25,0.00,0.00,0,0,0,0
14296,OFF,0,0,0.00,41.00,29.00,-3.12,100,100,0.00,0,0.00,27.45,11.37,0.25,0.00,0.00,0,0,0,0
14401,OFF,0,0,0.00,41.00,29.00,-3.12,100,100,0.00,0,0.00,27.45,11.37,0.25,0.00,0.00,0,0,0,0
14506,OFF,0,0,0.00,41.00,29.00,-3.12,100,100,0.00,0,0.00,27.45,11.37,0.25,0.00,0.00,0,0,0,0
14611,OFF,0,0,0.00,41.00,29.00,-3.12,100,100,0.00,0,0.00,27.45,11.37,0.25,0.00,0.00,0,0,0,0
14716,OFF,0,0,0.00,41.00,29.00,-3.12,100,100,0.00,0,0.00,27.45,11.37,0.25,0.00,0.00,0,0,0,0
14821,OFF,0,0,0.00,41.00,29.00,-3.12,100,100,0.00,0,0.00,27.45,11.37,0.25,0.00,0.00,0,0,0,0
14929,OFF,0,0,0.00,41.00,29.00,-3.12,100,100,0.00,0,0.00,27.45,11.37,0.25,0.00,0.00,0,0,0,0
15034,OFF,0,0,0.00,41.00,29.00,-3.12,100,100,0.00,0,0.00,27.45,11.37,0.25,0.00,0.00,0,0,0,0
15139,OFF,0,0,0.00,41.00,29.00,-3.12,100,100,0.00,0,0.00,27.45,11.37,0.25,0.00,0.00,0,0,0,0
15244,OFF,0,0,0.00,41.00,29.00,-3.12,100,100,0.00,0,0.00,27.45,11.37,0.25,0.00,0.00,0,0,0,0
15349,OFF,0,0,0.00,41.00,29.00,-3.12,100,100,0.00,0,0.00,27.45,11.37,0.25,0.00,0.00,0,0,0,0
15454,OFF,0,0,0.00,41.00,29.00,-3.12,100,100,0.00,0,0.00,27.45,11.37,0.25,0.00,0.00,0,0,0,0
15562,OFF,0,0,0.00,41.00,29.00,-3.12,100,100,0.00,0,0.00,27.45,11.37,0.25,0.00,0.00,0,0,0,0
15667,OFF,0,0,0.00,41.00,29.00,-3.12,100,100,0.00,0,0.00,27.45,11.37,0.25,0.00,0.00,0,0,0,0
15772,OFF,0,0,0.00,41.00,29.00,-3.12,100,100,0.00,0,0.00,27.45,11.37,0.25,0.00,0.00,0,0,0,0
15877,OFF,0,0,0.00,41.00,29.00,-3.12,100,100,0.00,0,0.00,27.45,11.37,0.25,0.00,0.00,0,0,0,0
15982,OFF,0,0,0.00,41.00,29.00,-3.12,100,100,0.00,0,0.00,27.45,11.37,0.25,0.00,0.00,0,0,0,0
16087,OFF,0,0,0.00,41.00,29.00,-3.12,100,100,0.00,0,0.00,27.45,11.37,0.25,0.00,0.00,0,0,0,0
16195,OFF,0,0,0.00,41.00,29.00,-3.12,100,100,0.00,0,0.00,27.45,11.37,0.25,0.00,0.00,0,0,0,0
16300,OFF,0,0,0.00,41.00,29.00,-3.12,100,100,0.00,0,0.00,27.45,11.37,0.25,0.00,0.00,0,0,0,0
16405,OFF,0,0,0.00,41.00,29.00,-3.12,100,100,0.00,0,0.00,27.45,11.37,0.25,0.00,0.00,0,0,0,0
16510,OFF,0,0,0.00,41.00,29.00,-3.12,100,100,0.00,0,0.00,27.45,11.37,0.25,0.00,0.00,0,0,0,0
16615,OFF,0,0,0.00,41.00,29.00,-3.12,100,100,0.00,0,0.00,27.45,11.37,0.25,0.00,0.00,0,0,0,0
16720,OFF,0,0,0.00,41.00,29.00,-3.12,100,100,0.00,0,0.00,27.45,11.37,0.25,0.00,0.00,0,0,0,0
16828,OFF,0,0,0.00,41.00,29.00,-3.12,100,100,0.00,0,0.00,27.45,11.37,0.25,0.00,0.00,0,0,0,0
16933,OFF,0,0,0.00,41.00,29.00,-3.12,100,100,0.00,0,0.00,27.45,11.37,0.25,0.00,0.00,0,0,0,0
17038,OFF,0,0,0.00,41.00,29.00,-3.12,100,100,0.00,0,0.00,27.45,11.37,0.25,0.00,0.00,0,0,0,0
17143,OFF,0,0,0.00,41.00,29.00,-3.12,100,100,0.00,0,0.00,27.45,11.37,0.25,0.00,0.00,0,0,0,0
17248,OFF,0,0,0.00,41.00,29.00,-3.12,100,100,0.00,0,0.00,27.45,11.37,0.25,0.00,0.00,0,0,0,0
17353,OFF,0,0,0.00,41.00,29.00,-3.12,100,100,0.00,0,0.00,27.45,11.37,0.25,0.00,0.00,0,0,0,0
17461,OFF,0,0,0.00,41.00,29.00,-3.12,100,100,0.00,0,0.00,27.45,11.37,0.25,0.00,0.00,0,0,0,0
17566,OFF,0,0,0.00,41.00,29.00,-3.12,100,100,0.00,0,0.00,27.45,11.37,0.25,0.00,0.00,0,0,0,0
17671,OFF,0,0,0.00,41.00,29.00,-3.12,100,100,0.00,0,0.00,27.45,11.37,0.25,0.00,0.00,0,0,0,0
17776,OFF,0,0,0.00,41.00,29.00,-3.12,100,100,0.00,0,0.00,27.45,11.37,0.25,0.00,0.00,0,0,0,0
17881,OFF,0,0,0.00,41.00,29.00,-3.12,100,100,0.00,0,0.00,27.45,11.37,0.25,0.00,0.00,0,0,0,0
17986,OFF,0,0,0.00,41.00,29.00,-3.12,100,100,0.00,0,0.00,27.45,11.37,0.25,0.00,0.00,0,0,0,0
18094,OFF,0,0,0.00,41.00,29.00,-3.12,100,100,0.00,0,0.00,27.45,11.37,0.25,0.00,0.00,0,0,0,0
18199,OFF,0,0,0.00,41.00,29.00,-3.12,100,100,0.00,0,0.00,27.45,11.37,0.25,0.00,0.00,0,0,0,0
18304,OFF,0,0,0.00,41.00,29.00,-3.12,100,100,0.00,0,0.00,27.45,11.37,0.25,0.00,0.00,0,0,0,0
18409,OFF,0,0,0.00,41.00,29.00,-3.12,100,100,0.00,0,0.00,27.45,11.37,0.25,0.00,0.00,0,0,0,0
18514,OFF,0,0,0.00,41.00,29.00,-3.12,100,100,0.00,0,0.00,27.45,11.37,0.25,0.00,0.00,0,0,0,0
18619,OFF,0,0,0.00,41.00,29.00,-3.12,100,100,0.00,0,0.00,27.45,11.37,0.25,0.00,0.00,0,0,0,0
18727,OFF,0,0,0.00,41.00,29.00,-3.12,100,100,0.00,0,0.00,27.45,11.37,0.25,0.00,0.00,0,0,0,0
18832,OFF,0,0,0.00,41.00,29.00,-3.12,100,100,0.00,0,0.00,27.45,11.37,0.25,0.00,0.00,0,0,0,0
18937,OFF,0,0,0.00,41.00,29.00,-3.12,100,100,0.00,0,0.00,27.45,11.37,0.25,0.00,0.00,0,0,0,0
19042,OFF,0,0,0.00,41.00,29.00,-3.12,100,100,0.00,0,0.00,27.45,11.37,0.25,0.00,0.00,0,0,0,0
19147,OFF,0,0,0.00,41.00,29.00,-3.12,100,100,0.00,0,0.00,27.45,11.37,0.25,0.00,0.00,0,0,0,0
19252,OFF,0,0,0.00,41.00,29.00,-3.12,100,100,0.00,0,0.00,27.45,11.37,0.25,0.00,0.00,0,0,0,0
19360,OFF,0,0,0.00,41.00,29.00,-3.12,100,100,0.00,0,0.00,27.45,11.37,0.25,0.00,0.00,0,0,0,0
19465,OFF,0,0,0.00,41.00,29.00,-3.12,100,100,0.00,0,0.00,27.45,11.37,0.25,0.00,0.00,0,0,0,0
19569,OFF,0,0,0.00,41.00,29.00,-3.12,100,100,0.00,0,0.00,27.45,11.37,0.25,0.00,0.00,0,0,0,0
19674,OFF,0,0,0.00,41.00,29.00,-3.12,100,100,0.00,0,0.00,27.45,11.37,0.25,0.00,0.00,0,0,0,0
19778,OFF,0,0,0.00,41.00,29.00,-3.12,100,100,0.00,0,0.00,27.45,11.37,0.25,0.00,0.00,0,0,0,0
19882,OFF,0,0,0.00,41.00,29.00,-3.12,100,100,0.00,0,0.00,27.45,11.37,0.25,0.00,0.00,0,0,0,0
19990,OFF,0,0,0.00,41.00,29.00,-3.12,100,100,0.00,0,0.00,27.45,11.37,0.25,0.00,0.00,0,0,0,0
20094,OFF,0,0,0.00,41.00,29.00,-3.12,100,100,0.00,0,0.00,27.45,11.37,0.25,0.00,0.00,0,0,0,0
20198,OFF,0,0,0.00,41.00,29.00,-3.12,100,100,0.00,0,0.00,27.45,11.37,0.25,0.00,0.00,0,0,0,0
20302,OFF,0,0,0.00,41.00,29.00,-3.12,100,100,0.00,0,0.00,27.45,11.37,0.25,0.00,0.00,0,0,0,0
20407,OFF,0,0,0.00,41.00,29.00,-3.12,100,100,0.00,0,0.00,27.45,11.37,0.25,0.00,0.00,0,0,0,0
20512,OFF,0,0,0.00,41.00,29.00,-3.12,100,100,0.00,0,0.00,27.45,11.37,0.25,0.00,0.00,0,0,0,0
20620,OFF,0,0,0.00,41.00,29.00,-3.12,100,100,0.00,0,0.00,27.45,11.37,0.25,0.00,0.00,0,0,0,0
20725,OFF,0,0,0.00,41.00,29.00,-3.12,100,100,0.00,0,0.00,27.45,11.37,0.25,0.00,0.00,0,0,0,0
20830,OFF,0,0,0.00,41.00,29.00,-3.12,100,100,0.00,0,0.00,27.45,11.37,0.25,0.00,0.00,0,0,0,0
20935,OFF,0,0,0.00,41.00,29.00,-3.12,100,100,0.00,0,0.00,27.45,11.37,0.25,0.00,0.00,0,0,0,0
21040,OFF,0,0,0.00,41.00,29.00,-3.12,100,100,0.00,0,0.00,27.45,11.37,0.25,0.00,0.00,0,0,0,0
21145,OFF,0,0,0.00,41.00,29.00,-3.12,100,100,0.00,0,0.00,27.45,11.37,0.25,0.00,0.00,0,0,0,0
21253,OFF,0,0,0.00,41.00,29.00,-3.12,100,100,0.00,0,0.00,27.45,11.37,0.25,0.00,0.00,0,0,0,0
21358,OFF,0,0,0.00,41.00,29.00,-3.12,100,100,0.00,0,0.00,27.45,11.37,0.25,0.00,0.00,0,0,0,0
21463,OFF,0,0,0.00,41.00,29.00,-3.12,100,100,0.00,0,0.00,27.45,11.37,0.25,0.00,0.00,0,0,0,0
21568,OFF,0,0,0.00,41.00,29.00,-3.12,100,100,0.00,0,0.00,27.45,11.37,0.25,0.00,0.00,0,0,0,0
21673,OFF,0,0,0.00,41.00,29.00,-3.12,100,100,0.00,0,0.00,27.45,11.37,0.25,0.00,0.00,0,0,0,0
21778,OFF,0,0,0.00,41.00,29.00,-3.12,100,100,0.00,0,0.00,27.45,11.37,0.25,0.00,0.00,0,0,0,0
21886,OFF,0,0,0.00,41.00,29.00,-3.12,100,100,0.00,0,0.00,27.45,11.37,0.25,0.00,0.00,0,0,0,0
21991,OFF,0,0,0.00,41.00,29.00,-3.12,100,100,0.00,0,0.00,27.45,11.37,0.25,0.00,0.00,0,0,0,0
22096,OFF,0,0,0.00,41.00,29.00,-3.12,100,100,0.00,0,0.00,27.45,11.37,0.25,0.00,0.00,0,0,0,0
22201,OFF,0,0,0.00,41.00,29.00,-3.12,100,100,0.00,0,0.00,27.45,11.37,0.25,0.00,0.00,0,0,0,0
22306,OFF,0,0,0.00,41.00,29.00,-3.12,100,100,0.00,0,0.00,27.45,11.37,0.25,0.00,0.00,0,0,0,0
22411,OFF,0,0,0.00,41.00,29.00,-3.12,100,100,0.00,0,0.00,27.45,11.37,0.25,0.00,0.00,0,0,0,0
22519,OFF,0,0,0.00,41.00,29.00,-3.12,100,100,0.00,0,0.00,27.45,11.37,0.25,0.00,0.00,0,0,0,0
22624,OFF,0,0,0.00,41.00,29.00,-3.12,100,100,0.00,0,0.00,27.45,11.37,0.25,0.00,0.00,0,0,0,0
22729,OFF,0,0,0.00,41.00,29.00,-3.12,100,100,0.00,0,0.00,27.45,11.37,0.25,0.00,0.00,0,0,0,0
22834,OFF,0,0,0.00,41.00,29.00,-3.12,100,100,0.00,0,0.00,27.45,11.37,0.25,0.00,0.00,0,0,0,0
22939,OFF,0,0,0.00,41.00,29.00,-3.12,100,100,0.00,0,0.00,27.45,11.37,0.25,0.00,0.00,0,0,0,0
23044,OFF,0,0,0.00,41.00,29.00,-3.12,100,100,0.00,0,0.00,27.45,11.37,0.25,0.00,0.00,0,0,0,0
23152,OFF,0,0,0.00,41.00,29.00,-3.12,100,100,0.00,0,0.00,27.45,11.37,0.25,0.00,0.00,0,0,0,0
23257,OFF,0,0,0.00,41.00,29.00,-3.12,100,100,0.00,0,0.00,27.45,11.37,0.25,0.00,0.00,0,0,0,0
23362,OFF,0,0,0.00,41.00,29.00,-3.12,100,100,0.00,0,0.00,27.45,11.37,0.25,0.00,0.00,0,0,0,0
23467,OFF,0,0,0.00,40.00,29.00,-3.12,100,100,0.00,0,0.00,27.45,11.37,0.25,0.00,0.00,0,0,0,0
23572,OFF,0,0,0.00,40.00,29.00,-3.12,100,101,0.00,0,0.00,27.45,11.37,0.25,0.00,0.00,0,0,0,0
23677,OFF,0,0,0.00,40.00,29.00,-3.12,100,101,0.00,0,0.00,27.45,11.37,0.25,0.00,12.19,155,0,0,0
23785,OFF,0,0,0.00,40.00,29.00,-3.12,100,101,0.00,0,0.00,27.45,11.37,0.25,0.00,12.19,155,0,0,0
23890,OFF,0,0,0.00,40.00,29.00,-3.12,100,101,0.00,0,0.00,27.45,11.37,0.25,0.00,12.19,155,0,0,0
23995,OFF,0,0,0.00,40.00,29.00,-3.12,100,101,0.00,0,0.00,27.45,11.37,0.25,0.00,12.19,155,0,0,0
24100,OFF,0,0,0.00,40.00,29.00,-3.12,100,101,0.00,0,0.00,27.45,11.37,0.25,0.00,12.19,155,0,0,0
24205,OFF,0,0,0.00,40.00,29.00,-3.12,100,100,0.00,0,0.00,27.45,11.37,0.25,0.00,12.19,155,0,0,0
24310,OFF,0,0,0.00,40.00,29.00,-3.12,100,100,0.00,0,0.00,27.45,11.37,0.25,0.00,12.19,155,0,0,0
24418,OFF,0,0,0.00,40.00,28.00,-3.12,100,100,0.00,0,0.00,27.45,11.37,0.25,0.00,12.19,155,0,0,0
24523,OFF,0,0,0.00,40.00,29.00,-3.12,100,100,0.00,0,0.00,27.45,11.37,0.25,0.00,12.19,155,0,0,0
24628,OFF,0,0,0.00,40.00,29.00,-3.12,100,100,0.00,0,0.00,27.45,11.37,0.25,0.00,12.19,155,0,0,0
24733,OFF,0,0,0.00,40.00,28.00,-3.12,100,100,0.00,0,0.00,27.45,11.37,0.25,0.00,12.19,155,0,0,0
24838,OFF,0,0,0.00,40.00,29.00,-3.12,100,100,0.00,0,0.00,27.45,11.37,0.25,0.00,12.19,155,0,0,0
24943,OFF,0,0,0.00,40.00,29.00,-3.12,100,100,0.00,0,0.00,27.45,11.37,0.25,0.00,12.19,155,0,0,0
25051,OFF,0,0,0.00,40.00,29.00,-3.12,100,100,0.00,0,0.00,27.45,11.37,0.25,0.00,12.19,155,0,0,0
25156,OFF,0,0,0.00,40.00,29.00,-3.12,100,100,0.00,0,0.00,27.45,11.37,0.25,0.00,12.19,155,0,0,0
25261,OFF,0,0,0.00,40.00,29.00,-3.12,100,100,0.00,0,0.00,27.45,11.37,0.25,0.00,12.19,155,0,0,0
25366,OFF,0,0,0.00,40.00,29.00,-3.12,100,100,0.00,0,0.00,27.45,11.37,0.25,0.00,12.19,155,0,0,0
25471,OFF,0,0,0.00,40.00,29.00,-3.12,100,100,0.00,0,0.00,27.45,11.37,0.25,0.00,12.19,155,0,0,0
25576,OFF,0,0,0.00,40.00,29.00,-3.12,100,100,0.00,0,0.00,27.45,11.37,0.25,0.00,12.27,233,0,0,0
25684,OFF,0,0,0.00,40.00,28.00,-3.12,100,100,0.00,0,0.00,27.45,11.37,0.25,0.00,12.19,155,0,0,0
25789,OFF,0,0,0.00,40.00,29.00,-3.12,100,100,0.00,0,0.00,27.45,11.37,0.25,0.00,12.19,155,0,0,0
25894,OFF,0,0,0.00,40.00,29.00,-3.12,100,100,0.00,0,0.00,27.45,11.37,0.25,0.00,12.19,155,0,0,0
25999,OFF,0,0,0.00,40.00,29.00,-3.12,100,100,0.00,0,0.00,27.45,11.37,0.25,0.00,12.19,155,0,0,0
26104,OFF,0,0,0.00,40.00,29.00,-3.12,100,100,0.00,0,0.00,27.45,11.37,0.25,0.00,12.19,155,0,0,0
26209,OFF,0,0,0.00,40.00,29.00,-3.12,100,100,0.00,0,0.00,27.45,11.37,0.25,0.00,12.19,155,0,0,0
26317,OFF,0,0,0.00,40.00,29.00,-3.12,100,100,0.00,0,0.00,27.45,11.37,0.25,0.00,12.19,155,0,0,0
26422,OFF,0,0,0.00,40.00,29.00,-3.12,100,100,0.00,0,0.00,27.45,11.37,0.25,0.00,12.19,155,0,0,0
26527,OFF,0,0,0.00,40.00,29.00,-3.12,100,100,0.00,0,0.00,27.45,11.37,0.25,0.00,12.19,155,0,0,0
26632,OFF,0,0,0.00,40.00,28.00,-3.12,100,100,0.00,0,0.00,27.45,11.37,0.25,0.00,0.00,0,0,0,0
26737,OFF,0,0,0.00,40.00,29.00,-3.12,100,100,0.00,0,0.00,27.45,11.37,0.25,0.00,0.00,0,0,0,0
26842,OFF,0,0,0.00,40.00,29.00,-3.12,100,100,0.00,0,0.00,27.45,11.37,0.25,0.00,0.00,0,0,0,0
26950,OFF,0,0,0.00,40.00,28.00,-3.12,100,100,0.00,0,0.00,27.45,11.37,0.25,0.00,0.00,0,0,0,0
27055,OFF,0,0,0.00,40.00,29.00,-3.12,100,100,0.00,0,0.00,27.45,11.37,0.25,0.00,0.00,0,0,0,0
27160,OFF,0,0,0.00,40.00,29.00,-3.12,100,100,0.00,0,0.00,27.45,11.37,0.25,0.00,0.00,0,0,0,0
27265,OFF,0,0,0.00,40.00,28.00,-3.12,100,100,0.00,0,0.00,27.45,11.37,0.25,0.00,0.00,0,0,0,0
27370,OFF,0,0,0.00,40.00,29.00,-3.12,100,100,0.00,0,0.00,27.45,11.37,0.25,0.00,0.00,0,0,0,0
27475,OFF,0,0,0.00,40.00,29.00,-3.12,100,100,0.00,0,0.00,27.45,11.37,0.25,0.00,0.00,0,0,0,0
27583,OFF,0,0,0.00,40.00,28.00,-3.12,100,100,0.00,0,0.00,27.45,11.37,0.25,0.00,0.00,0,0,0,0
27688,OFF,0,0,0.00,40.00,29.00,-3.12,100,100,0.00,0,0.00,27.45,11.37,0.25,0.00,0.00,0,0,0,0
27793,OFF,0,0,0.00,40.00,29.00,-3.12,100,100,0.00,0,0.00,27.45,11.37,0.25,0.00,0.00,0,0,0,0
27898,OFF,0,0,0.00,40.00,28.00,-3.12,100,100,0.00,0,0.00,27.45,15.69,0.25,0.00,0.00,0,0,0,0
28003,OFF,0,0,0.00,40.00,29.00,-3.12,100,100,0.00,0,0.00,36.86,22.75,0.25,0.00,0.00,0,0,0,0
28108,OFF,0,0,0.00,41.00,29.00,-3.12,100,100,0.00,0,0.00,49.80,34.51,0.25,0.00,0.00,0,0,0,0
28216,OFF,0,0,0.00,41.00,29.00,-3.12,100,100,0.00,0,0.00,60.39,51.76,0.25,0.00,0.00,0,0,0,0
28321,OFF,0,0,0.00,40.00,29.00,-3.12,100,100,0.00,0,0.00,60.78,51.76,0.25,0.00,0.00,0,0,0,0
28426,OFF,0,0,0.00,41.00,29.00,-3.12,100,100,0.00,0,0.00,60.78,51.76,0.25,0.00,0.00,0,0,0,0
28531,OFF,0,0,0.00,41.00,29.00,-3.12,100,100,0.00,0,0.00,60.78,51.76,0.25,0.00,0.00,0,0,0,0
28636,OFF,0,0,0.00,40.00,29.00,-3.12,100,100,0.00,0,0.00,60.78,51.76,0.25,0.00,0.00,0,0,0,0
28741,OFF,0,0,0.00,41.00,29.00,-3.12,100,100,0.00,0,0.00,60.78,51.76,0.25,0.00,0.00,0,0,0,0
28849,OFF,0,0,0.00,41.00,28.00,-3.12,100,100,0.00,0,0.00,52.55,39.22,0.25,0.00,0.00,0,0,0,0
28953,OFF,0,0,0.00,40.00,29.00,-3.12,100,100,0.00,0,0.00,39.61,18.43,0.25,0.00,0.00,0,0,0,0
29058,OFF,0,0,0.00,41.00,29.00,-3.12,100,100,0.00,0,0.00,27.84,11.37,0.25,0.00,0.00,0,0,0,0
29163,OFF,0,0,0.00,41.00,28.00,-3.12,100,100,0.00,0,0.00,27.84,11.37,0.25,0.00,0.00,0,0,0,0
29268,OFF,0,0,0.00,40.00,29.00,-3.12,100,100,0.00,0,0.00,27.84,11.37,0.25,0.00,0.00,0,0,0,0
29373,OFF,0,0,0.00,41.00,29.00,-3.12,100,100,0.00,0,0.00,27.84,11.37,0.25,0.00,0.00,0,0,0,0
29481,OFF,0,0,0.00,41.00,28.00,-3.12,100,100,0.00,0,0.00,27.45,11.37,0.25,0.00,0.00,0,0,0,0
29585,OFF,0,0,0.00,41.00,29.00,-3.12,100,100,0.00,0,0.00,27.84,11.37,0.25,0.00,0.00,0,0,0,0
29690,OFF,0,0,0.00,41.00,29.00,-3.12,100,100,0.00,0,0.00,27.45,11.37,0.25,0.00,0.00,0,0,0,0
29795,OFF,0,0,0.00,41.00,29.00,-3.12,100,100,0.00,0,0.00,27.84,11.37,0.25,0.00,0.00,0,0,0,0
29900,OFF,0,0,0.00,41.00,29.00,-3.12,100,100,0.00,0,0.00,31.37,11.37,0.25,0.00,0.00,0,0,0,0
30005,OFF,0,0,0.00,40.00,29.00,-3.12,100,100,0.00,0,0.00,49.41,49.02,0.25,0.00,0.00,0,0,0,0
30113,OFF,0,0,0.00,41.00,28.00,-3.12,100,100,0.00,0,0.00,60.78,52.16,0.25,0.00,0.00,0,0,0,0
30218,OFF,0,0,0.00,40.00,29.00,-3.12,100,100,0.00,0,0.00,60.78,52.16,0.25,0.00,0.00,0,0,0,0
30323,OFF,0,0,0.00,41.00,29.00,-3.12,100,100,0.00,0,0.00,60.78,52.16,0.25,0.00,0.00,0,0,0,0
30428,OFF,0,0,0.00,41.00,28.00,-3.12,100,100,0.00,0,0.00,60.78,52.16,0.25,0.00,0.00,0,0,0,0
30533,OFF,0,0,0.00,41.00,29.00,-3.12,100,100,0.00,0,0.00,27.45,11.37,0.25,0.00,0.00,0,0,0,0
30638,OFF,0,0,0.00,41.00,29.00,-3.12,100,100,0.00,0,0.00,27.45,11.37,0.25,0.00,0.00,0,0,0,0
30746,OFF,0,0,0.00,41.00,28.00,-3.12,100,100,0.00,0,0.00,27.45,11.37,0.25,0.00,0.00,0,0,0,0
30851,OFF,0,0,0.00,41.00,29.00,-3.12,100,100,0.00,0,0.00,27.45,11.37,0.25,0.00,0.00,0,0,0,0
30956,OFF,0,0,0.00,41.00,29.00,-3.12,100,100,0.00,0,0.00,27.45,18.82,0.25,0.00,0.00,0,0,0,0
31061,OFF,0,0,0.00,41.00,29.00,-3.12,100,100,0.00,0,0.00,47.84,41.57,0.25,0.00,0.00,0,0,0,0
31166,OFF,0,0,0.00,41.00,28.00,-3.12,100,100,0.00,0,0.00,60.78,52.16,0.25,0.00,0.00,0,0,0,0
31271,OFF,0,0,0.00,41.00,29.00,-3.12,100,100,0.00,0,0.00,60.78,52.16,0.25,0.00,0.00,0,0,0,0
31379,OFF,0,0,0.00,41.00,28.00,-3.12,100,100,0.00,0,0.00,60.78,52.16,0.25,0.00,0.00,0,0,0,0
31484,OFF,0,0,0.00,41.00,29.00,-3.12,100,100,0.00,0,0.00,27.84,11.37,0.25,0.00,0.00,0,0,0,0
31589,OFF,0,0,0.00,41.00,29.00,-3.12,100,100,0.00,0,0.00,27.45,11.37,0.25,0.00,0.00,0,0,0,0
31694,OFF,0,0,0.00,41.00,28.00,-3.12,100,100,0.00,0,0.00,27.45,11.37,0.25,0.00,0.00,0,0,0,0
31799,OFF,0,0,0.00,41.00,29.00,-3.12,100,100,0.00,0,0.00,27.45,11.37,0.25,0.00,0.00,0,0,0,0
31904,OFF,0,0,0.00,41.00,29.00,-3.12,100,100,0.00,0,0.00,27.45,11.37,0.25,0.00,0.00,0,0,0,0
32012,OFF,0,0,0.00,41.00,29.00,-3.12,100,100,0.00,0,0.00,27.45,11.37,0.25,0.00,0.00,0,0,0,0
32117,OFF,0,0,0.00,41.00,29.00,-3.12,100,100,0.00,0,0.00,27.45,11.37,0.25,0.00,0.00,0,0,0,0
32222,OFF,0,0,0.00,40.00,29.00,-3.12,100,100,0.00,0,0.00,27.45,11.37,0.25,0.00,0.00,0,0,0,0
32327,OFF,0,0,0.00,41.00,29.00,-3.12,100,100,0.00,0,0.00,27.45,11.37,0.25,0.00,0.00,0,0,0,0
32432,OFF,0,0,0.00,41.00,28.00,-3.12,100,100,0.00,0,0.00,27.45,11.37,0.25,0.00,0.00,0,0,0,0
32537,OFF,0,0,0.00,40.00,29.00,-3.12,100,100,0.00,0,0.00,27.45,11.37,0.25,0.00,0.00,0,0,0,0
32645,OFF,0,0,0.00,41.00,28.00,-3.12,100,100,0.00,0,0.00,27.45,11.37,0.25,0.00,0.00,0,0,0,0
32750,OFF,0,0,0.00,41.00,29.00,-3.12,100,100,0.00,0,0.00,27.45,11.37,0.25,0.00,0.00,0,0,0,0
32855,OFF,0,0,0.00,41.00,29.00,-3.12,100,100,0.00,0,0.00,27.45,11.37,0.25,0.00,0.00,0,0,0,0
32960,OFF,0,0,0.00,41.00,29.00,-3.12,100,100,0.00,0,0.00,27.45,11.37,0.25,0.00,0.00,0,0,0,0
33065,OFF,0,0,0.00,41.00,29.00,-3.12,100,100,0.00,0,0.00,27.45,11.37,0.25,0.00,0.00,0,0,0,0
33170,OFF,0,0,0.00,40.00,29.00,-3.12,100,100,0.00,0,0.00,27.45,11.37,0.25,0.00,0.00,0,0,0,0
33278,OFF,0,0,0.00,41.00,28.00,-3.12,100,100,0.00,0,0.00,27.45,11.37,0.25,0.00,0.00,0,0,0,0
33383,OFF,0,0,0.00,40.00,29.00,-3.12,100,100,0.00,0,0.00,27.45,11.37,0.25,0.00,0.00,0,0,0,0
33488,OFF,0,0,0.00,41.00,29.00,-3.12,100,100,0.00,0,0.00,27.45,11.37,0.25,0.00,0.00,0,0,0,0
33593,OFF,0,0,0.00,41.00,28.00,-3.12,100,100,0.00,0,0.00,27.45,11.37,0.25,0.00,0.00,0,0,0,0
33698,OFF,0,0,0.00,41.00,29.00,-3.12,100,100,0.00,0,0.00,27.45,11.37,0.25,0.00,0.00,0,0,0,0
33803,OFF,0,0,0.00,41.00,29.00,-3.12,100,100,0.00,0,0.00,27.45,11.37,0.25,0.00,0.00,0,0,0,0
33911,OFF,0,0,0.00,41.00,28.00,-3.12,100,100,0.00,0,0.00,27.45,11.37,0.25,0.00,0.00,0,0,0,0
34016,OFF,0,0,0.00,41.00,29.00,-3.12,100,100,0.00,0,0.00,27.45,11.37,0.25,0.00,0.00,0,0,0,0
34121,OFF,0,0,0.00,41.00,29.00,-3.12,100,100,0.00,0,0.00,27.45,11.37,0.25,0.00,0.00,0,0,0,0
34226,OFF,0,0,0.00,41.00,29.00,-3.12,100,100,0.00,0,0.00,27.45,11.37,0.25,0.00,0.00,0,0,0,0
34331,OFF,0,0,0.00,41.00,29.00,-3.12,100,100,0.00,0,0.00,27.45,11.37,0.25,0.00,0.00,0,0,0,0
34436,OFF,0,0,0.00,41.00,29.00,-3.12,100,100,0.00,0,0.00,27.45,11.37,0.25,0.00,0.00,0,0,0,0
34544,OFF,0,0,0.00,41.00,28.00,-3.12,100,100,0.00,0,0.00,27.45,11.37,0.25,0.00,0.00,0,0,0,0
34649,OFF,0,0,0.00,41.00,29.00,-3.12,100,100,0.00,0,0.00,27.45,11.37,0.25,0.00,0.00,0,0,0,0
34754,OFF,0,0,0.00,41.00,29.00,-3.12,100,100,0.00,0,0.00,27.45,11.37,0.25,0.00,0.00,0,0,0,0
34859,OFF,0,0,0.00,41.00,28.00,-3.12,100,100,0.00,0,0.00,27.45,11.37,0.25,0.00,0.00,0,0,0,0
34964,OFF,0,0,0.00,41.00,29.00,-3.12,100,100,0.00,0,0.00,27.45,11.37,0.25,0.00,0.00,0,0,0,0
35069,OFF,0,0,0.00,41.00,29.00,-3.12,100,100,0.00,0,0.00,27.45,11.37,0.25,0.00,0.00,0,0,0,0
35177,OFF,0,0,0.00,41.00,29.00,-3.12,100,100,0.00,0,0.00,27.45,11.37,0.25,0.00,0.00,0,0,0,0
35282,OFF,0,0,0.00,41.00,29.00,-3.12,100,100,0.00,0,0.00,27.45,11.37,0.25,0.00,0.00,0,0,0,0
35387,OFF,0,0,0.00,40.00,29.00,-3.12,100,100,0.00,0,0.00,27.45,11.37,0.25,0.00,0.00,0,0,0,0
35492,OFF,0,0,0.00,41.00,29.00,-3.12,100,100,0.00,0,0.00,27.45,11.37,0.25,0.00,0.00,0,0,0,0
35597,OFF,0,0,0.00,41.00,28.00,-3.12,100,100,0.00,0,0.00,27.45,11.37,0.25,0.00,0.00,0,0,0,0
35702,OFF,0,0,0.00,41.00,29.00,-3.12,100,100,0.00,0,0.00,27.45,11.37,0.25,0.00,0.00,0,0,0,0
35810,OFF,0,0,0.00,41.00,28.00,-3.12,100,100,0.00,0,0.00,27.45,11.37,0.25,0.00,0.00,0,0,0,0
35915,OFF,0,0,0.00,41.00,29.00,-3.12,100,100,0.00,0,0.00,27.45,11.37,0.25,0.00,0.00,0,0,0,0
36020,OFF,0,0,0.00,41.00,29.00,-3.12,100,100,0.00,0,0.00,27.45,11.37,0.25,0.00,0.00,0,0,0,0
36125,OFF,0,0,0.00,41.00,28.00,-3.12,100,100,0.00,0,0.00,27.45,11.37,0.25,0.00,0.00,0,0,0,0
36230,OFF,0,0,0.00,41.00,29.00,-3.12,100,100,0.00,0,0.00,27.45,11.37,0.25,0.00,0.00,0,0,0,0
36335,OFF,0,0,0.00,40.00,29.00,-3.12,100,100,0.00,0,0.00,27.45,11.37,0.25,0.00,0.00,0,0,0,0
36443,OFF,0,0,0.00,41.00,29.00,-3.12,100,100,0.00,0,0.00,27.45,11.37,0.25,0.00,0.00,0,0,0,0
36548,OFF,0,0,0.00,41.00,28.00,-3.12,100,100,0.00,0,0.00,27.45,11.37,0.25,0.00,0.00,0,0,0,0
36653,OFF,0,0,0.00,40.00,29.00,-3.12,100,100,0.00,0,0.00,27.45,11.37,0.25,0.00,0.00,0,0,0,0
36758,OFF,0,0,0.00,41.00,29.00,-3.12,100,100,0.00,0,0.00,27.45,11.37,0.25,0.00,0.00,0,0,0,0
36863,OFF,0,0,0.00,41.00,28.00,-3.12,100,100,0.00,0,0.00,27.45,11.37,0.25,0.00,0.00,0,0,0,0
36968,OFF,0,0,0.00,40.00,29.00,-3.12,100,100,0.00,0,0.00,27.45,11.37,0.25,0.00,0.00,0,0,0,0
37076,OFF,0,0,0.00,41.00,28.00,-3.12,100,100,0.00,0,0.00,27.45,11.37,0.25,0.00,0.00,0,0,0,0
37181,OFF,0,0,0.00,41.00,29.00,-3.12,100,100,0.00,0,0.00,27.45,11.37,0.25,0.00,0.00,0,0,0,0
37286,OFF,0,0,0.00,41.00,29.00,-3.12,100,100,0.00,0,0.00,27.45,11.37,0.25,0.00,0.00,0,0,0,0
37391,OFF,0,0,0.00,41.00,29.00,-3.12,100,100,0.00,0,0.00,27.45,11.37,0.25,0.00,0.00,0,0,0,0
37496,OFF,0,0,0.00,41.00,29.00,-3.12,100,100,0.00,0,0.00,27.45,11.37,0.25,0.00,0.00,0,0,0,0
37601,OFF,0,0,0.00,41.00,29.00,-3.12,100,100,0.00,0,0.00,27.45,11.37,0.25,0.00,0.00,0,0,0,0
37709,OFF,0,0,0.00,41.00,29.00,-3.12,100,100,0.00,0,0.00,27.45,11.37,0.25,0.00,0.00,0,0,0,0
37814,OFF,0,0,0.00,41.00,28.00,-3.12,100,100,0.00,0,0.00,27.45,11.37,0.25,0.00,0.00,0,0,0,0
37918,OFF,0,0,0.00,41.00,29.00,-3.12,100,100,0.00,0,0.00,27.45,11.37,0.25,0.00,0.00,0,0,0,0
38023,OFF,0,0,0.00,41.00,29.00,-3.12,100,100,0.00,0,0.00,27.45,11.37,0.25,0.00,0.00,0,0,0,0
38127,OFF,0,0,0.00,41.00,28.00,-3.12,100,100,0.00,0,0.00,27.45,11.37,0.25,0.00,0.00,0,0,0,0
38236,OFF,0,0,0.00,41.00,29.00,-3.12,100,100,0.00,0,0.00,27.45,11.37,0.25,0.00,0.00,0,0,0,0
38341,OFF,0,0,0.00,41.00,29.00,-3.12,100,100,0.00,0,0.00,27.45,11.37,0.25,0.00,0.00,0,0,0,0
38445,OFF,0,0,0.00,41.00,29.00,-3.12,100,100,0.00,0,0.00,27.45,11.37,0.25,0.00,0.00,0,0,0,0
38550,OFF,0,0,0.00,41.00,29.00,-3.12,100,100,0.00,0,0.00,27.45,11.37,0.25,0.00,0.00,0,0,0,0
38655,OFF,0,0,0.00,41.00,29.00,-3.12,100,100,0.00,0,0.00,27.45,11.37,0.25,0.00,0.00,0,0,0,0
38760,OFF,0,0,0.00,41.00,28.00,-3.12,100,100,0.00,0,0.00,27.45,11.37,0.25,0.00,0.00,0,0,0,0
38868,OFF,0,0,0.00,41.00,29.00,-3.12,100,100,0.00,0,0.00,27.45,11.37,0.25,0.00,0.00,0,0,0,0
38973,OFF,0,0,0.00,41.00,29.00,-3.12,100,100,0.00,0,0.00,27.45,11.37,0.25,0.00,0.00,0,0,0,0
39078,OFF,0,0,0.00,41.00,29.00,-3.12,100,100,0.00,0,0.00,27.45,11.37,0.25,0.00,0.00,0,0,0,0
39183,OFF,0,0,0.00,41.00,29.00,-3.12,100,100,0.00,0,0.00,27.45,11.37,0.25,0.00,0.00,0,0,0,0
39288,OFF,0,0,0.00,41.00,29.00,-3.12,100,100,0.00,0,0.00,27.45,11.37,0.25,0.00,0.00,0,0,0,0
39393,OFF,0,0,0.00,41.00,28.00,-3.12,100,100,0.00,0,0.00,27.45,11.37,0.25,0.00,0.00,0,0,0,0
39501,OFF,0,0,0.00,41.00,29.00,-3.12,100,100,0.00,0,0.00,27.45,11.37,0.25,0.00,0.00,0,0,0,0
39606,OFF,0,0,0.00,41.00,29.00,-3.12,100,100,0.00,0,0.00,27.45,11.37,0.25,0.00,0.00,0,0,0,0
39711,OFF,0,0,0.00,41.00,29.00,-3.12,100,100,0.00,0,0.00,27.45,11.37,0.25,0.00,0.00,0,0,0,0
39816,OFF,0,0,0.00,40.00,29.00,-3.12,100,100,0.00,0,0.00,27.45,11.37,0.25,0.00,0.00,0,0,0,0
39921,OFF,0,0,0.00,41.00,29.00,-3.12,100,100,0.00,0,0.00,27.45,11.37,0.25,0.00,0.00,0,0,0,0
40026,OFF,0,0,0.00,41.00,28.00,-3.12,100,100,0.00,0,0.00,27.45,11.37,0.25,0.00,0.00,0,0,0,0
40134,OFF,0,0,0.00,40.00,29.00,-3.12,100,100,0.00,0,0.00,27.45,11.37,0.25,0.00,0.00,0,0,0,0
40239,OFF,0,0,0.00,41.00,29.00,-3.12,100,100,0.00,0,0.00,27.45,11.37,0.25,0.00,0.00,0,0,0,0
40344,OFF,0,0,0.00,41.00,28.00,-3.12,100,100,0.00,0,0.00,27.45,11.37,0.25,0.00,0.00,0,0,0,0
40449,OFF,0,0,0.00,40.00,29.00,-3.12,100,100,0.00,0,0.00,27.45,11.37,0.25,0.00,0.00,0,0,0,0
40554,OFF,0,0,0.00,41.00,29.00,-3.12,100,100,0.00,0,0.00,27.45,11.37,0.25,0.00,0.00,0,0,0,0
40659,OFF,0,0,0.00,41.00,28.00,-3.12,100,100,0.00,0,0.00,27.45,11.37,0.25,0.00,0.00,0,0,0,0
40772,OFF,0,0,0.00,41.00,29.00,-3.12,100,100,0.00,0,0.00,27.45,11.37,0.25,0.00,0.00,0,0,0,0
40877,OFF,0,0,0.00,41.00,28.00,-3.12,100,100,0.00,0,0.00,27.45,11.37,0.25,0.00,0.00,0,0,0,0
40982,OFF,0,0,0.00,40.00,29.00,-3.12,100,100,0.00,0,0.00,27.45,11.37,0.25,0.00,0.00,0,0,0,0
41087,OFF,0,0,0.00,41.00,29.00,-3.12,100,100,0.00,0,0.00,27.45,11.37,0.25,0.00,0.00,0,0,0,0
41192,OFF,0,0,0.00,41.00,28.00,-3.12,100,100,0.00,0,0.00,27.45,11.37,0.25,0.00,0.00,0,0,0,0
41297,OFF,0,0,0.00,41.00,29.00,-3.12,100,100,0.00,0,0.00,27.45,11.37,0.25,0.00,0.00,0,0,0,0
41405,OFF,0,0,0.00,41.00,29.00,-3.12,100,100,0.00,0,0.00,27.45,11.37,0.25,0.00,0.00,0,0,0,0
41510,OFF,0,0,0.00,41.00,28.00,-3.12,100,100,0.00,0,0.00,27.45,11.37,0.25,0.00,0.00,0,0,0,0
41615,OFF,0,0,0.00,40.00,29.00,-3.12,100,100,0.00,0,0.00,27.45,11.37,0.25,0.00,0.00,0,0,0,0
41720,OFF,0,0,0.00,41.00,29.00,-3.12,100,100,0.00,0,0.00,27.45,11.37,0.25,0.00,0.00,0,0,0,0
41825,OFF,0,0,0.00,41.00,28.00,-3.12,100,100,0.00,0,0.00,27.45,11.37,0.25,0.00,0.00,0,0,0,0
41930,OFF,0,0,0.00,40.00,29.00,-3.12,100,100,0.00,0,0.00,27.45,11.37,0.25,0.00,0.00,0,0,0,0
42038,OFF,0,0,0.00,41.00,28.00,-3.12,100,100,0.00,0,0.00,27.45,11.37,0.25,0.00,0.00,0,0,0,0
42143,OFF,0,0,0.00,41.00,29.00,-3.12,100,100,0.00,0,0.00,27.45,11.37,0.25,0.00,0.00,0,0,0,0
42248,OFF,0,0,0.00,41.00,29.00,-3.12,100,100,0.00,0,0.00,27.45,11.37,0.25,0.00,0.00,0,0,0,0
42353,OFF,0,0,0.00,41.00,29.00,-3.12,100,100,0.00,0,0.00,27.45,11.37,0.25,0.00,0.00,0,0,0,0
42458,OFF,0,0,0.00,41.00,29.00,-3.12,100,100,0.00,0,0.00,27.45,11.37,0.25,0.00,0.00,0,0,0,0
42563,OFF,0,0,0.00,40.00,29.00,-3.12,100,100,0.00,0,0.00,27.45,11.37,0.25,0.00,0.00,0,0,0,0
42671,OFF,0,0,0.00,41.00,28.00,-3.12,100,100,0.00,0,0.00,27.45,11.37,0.25,0.00,0.00,0,0,0,0
42776,OFF,0,0,0.00,41.00,29.00,-3.12,100,100,0.00,0,0.00,27.45,11.37,0.25,0.00,0.00,0,0,0,0
42881,OFF,0,0,0.00,41.00,29.00,-3.12,100,100,0.00,0,0.00,27.45,11.37,0.25,0.00,0.00,0,0,0,0
42986,OFF,0,0,0.00,41.00,28.00,-3.12,100,100,0.00,0,0.00,27.45,11.37,0.25,0.00,0.00,0,0,0,0
43091,OFF,0,0,0.00,41.00,29.00,-3.12,100,100,0.00,0,0.00,27.45,11.37,0.25,0.00,0.00,0,0,0,0
43196,OFF,0,0,0.00,41.00,29.00,-3.12,100,100,0.00,0,0.00,27.45,11.37,0.25,0.00,0.00,0,0,0,0
43304,OFF,0,0,0.00,41.00,29.00,-3.12,100,100,0.00,0,0.00,27.45,11.37,0.25,0.00,0.00,0,0,0,0
43409,OFF,0,0,0.00,41.00,29.00,-3.12,100,100,0.00,0,0.00,27.45,11.37,0.25,0.00,0.00,0,0,0,0
43514,OFF,0,0,0.00,41.00,29.00,-3.12,100,100,0.00,0,0.00,27.45,11.37,0.25,0.00,0.00,0,0,0,0
43619,OFF,0,0,0.00,41.00,29.00,-3.12,100,100,0.00,0,0.00,27.45,11.37,0.25,0.00,0.00,0,0,0,0
43724,OFF,0,0,0.00,41.00,29.00,-3.12,100,100,0.00,0,0.00,27.45,11.37,0.25,0.00,0.00,0,0,0,0
43829,OFF,0,0,0.00,41.00,29.00,-3.12,100,100,0.00,0,0.00,27.45,11.37,0.25,0.00,0.00,0,0,0,0
43937,OFF,0,0,0.00,41.00,29.00,-3.12,100,100,0.00,0,0.00,27.45,11.37,0.25,0.00,0.00,0,0,0,0
44042,OFF,0,0,0.00,41.00,29.00,-3.12,100,100,0.00,0,0.00,27.45,11.37,0.25,0.00,0.00,0,0,0,0
44147,OFF,0,0,0.00,41.00,29.00,-3.12,100,100,0.00,0,0.00,27.45,11.37,0.25,0.00,0.00,0,0,0,0
44252,OFF,0,0,0.00,41.00,29.00,-3.12,100,100,0.00,0,0.00,27.45,11.37,0.25,0.00,0.00,0,0,0,0
44357,OFF,0,0,0.00,41.00,29.00,-3.12,100,100,0.00,0,0.00,27.45,11.37,0.25,0.00,0.00,0,0,0,0
44462,OFF,0,0,0.00,41.00,29.00,-3.12,100,100,0.00,0,0.00,27.45,11.37,0.25,0.00,0.00,0,0,0,0
44570,OFF,0,0,0.00,41.00,29.00,-3.12,100,100,0.00,0,0.00,27.45,11.37,0.25,0.00,0.00,0,0,0,0
44675,OFF,0,0,0.00,41.00,29.00,-3.12,100,100,0.00,0,0.00,27.45,11.37,0.25,0.00,0.00,0,0,0,0
44780,OFF,0,0,0.00,40.00,29.00,-3.12,100,100,0.00,0,0.00,27.45,11.37,0.25,0.00,0.00,0,0,0,0
44885,OFF,0,0,0.00,41.00,29.00,-3.12,100,100,0.00,0,0.00,27.45,11.37,0.25,0.00,0.00,0,0,0,0
44990,OFF,0,0,0.00,41.00,28.00,-3.12,100,100,0.00,0,0.00,27.45,11.37,0.25,0.00,0.00,0,0,0,0
45095,OFF,0,0,0.00,40.00,29.00,-3.12,100,100,0.00,0,0.00,27.45,11.37,0.25,0.00,0.00,0,0,0,0
45203,OFF,0,0,0.00,41.00,28.00,-3.12,100,100,0.00,0,0.00,27.45,11.37,0.25,0.00,0.00,0,0,0,0
45308,OFF,0,0,0.00,41.00,29.00,-3.12,100,100,0.00,0,0.00,27.45,11.37,0.25,0.00,0.00,0,0,0,0
45413,OFF,0,0,0.00,41.00,29.00,-3.12,100,100,0.00,0,0.00,27.45,11.37,0.25,0.00,0.00,0,0,0,0
45518,OFF,0,0,0.00,41.00,29.00,-3.12,100,100,0.00,0,0.00,27.45,11.37,0.25,0.00,0.00,0,0,0,0
