1125,OFF,0,0,0.00,-40.00,-40.00,-100.00,0,0,0.00,0,-64.00,0.00,0.00,0.00,-100.00,0.00,0,0,0,0
1236,OFF,0,0,0.00,-40.00,-40.00,-100.00,0,0,0.00,0,-64.00,0.00,0.00,0.00,-100.00,0.00,0,0,0,0
1340,OFF,0,0,0.00,-40.00,-40.00,-100.00,0,0,0.00,0,-64.00,0.00,0.00,0.00,-100.00,0.00,0,0,0,0
1444,OFF,0,0,0.00,-40.00,-40.00,-100.00,0,0,0.00,0,-64.00,0.00,0.00,0.00,-100.00,0.00,0,0,0,0
1548,OFF,0,0,0.00,-40.00,-40.00,-100.00,0,0,0.00,0,-64.00,0.00,0.00,0.00,-100.00,0.00,0,0,0,0
1652,OFF,0,0,0.00,-40.00,-40.00,-100.00,0,0,0.00,0,-64.00,0.00,0.00,0.00,-100.00,0.00,0,0,0,0
1760,OFF,0,0,0.00,-40.00,-40.00,-100.00,0,0,0.00,0,-64.00,0.00,0.00,0.00,-100.00,0.00,0,0,0,0
1865,OFF,0,0,0.00,-40.00,-40.00,-100.00,0,0,0.00,0,-64.00,0.00,0.00,0.00,-100.00,0.00,0,0,0,0
1970,OFF,0,0,0.00,-40.00,-40.00,-100.00,0,0,0.00,0,-64.00,0.00,0.00,0.00,-100.00,0.00,0,0,0,0
2075,OFF,0,0,0.00,-40.00,-40.00,-100.00,0,0,0.00,0,-64.00,0.00,0.00,0.00,-100.00,0.00,0,0,0,0
2180,OFF,0,0,0.00,-40.00,-40.00,-100.00,0,0,0.00,0,-64.00,0.00,0.00,0.00,-100.00,0.00,0,0,0,0
2285,OFF,0,0,0.00,-40.00,-40.00,-100.00,0,0,0.00,0,-64.00,0.00,0.00,0.00,-100.00,0.00,0,0,0,0
2393,OFF,0,0,0.00,-40.00,-40.00,-100.00,0,0,0.00,0,-64.00,0.00,0.00,0.00,-100.00,0.00,0,0,0,0
2498,OFF,0,0,0.00,-40.00,-40.00,-100.00,0,0,0.00,0,-64.00,0.00,0.00,0.00,-100.00,0.00,0,0,0,0
2603,OFF,0,0,0.00,-40.00,-40.00,-100.00,0,0,0.00,0,-64.00,0.00,0.00,0.00,-100.00,0.00,0,0,0,0
2708,OFF,0,0,0.00,-40.00,-40.00,-100.00,0,0,0.00,0,-64.00,0.00,0.00,0.00,-100.00,0.00,0,0,0,0
2813,OFF,0,0,0.00,-40.00,-40.00,-100.00,0,0,0.00,0,-64.00,0.00,0.00,0.00,-100.00,0.00,0,0,0,0
2918,OFF,0,0,0.00,-40.00,-40.00,-100.00,0,0,0.00,0,-64.00,0.00,0.00,0.00,-100.00,0.00,0,0,0,0
3026,OFF,0,0,0.00,-40.00,-40.00,-100.00,0,0,0.00,0,-64.00,0.00,0.00,0.00,-100.00,0.00,0,0,0,0
3131,OFF,0,0,0.00,-40.00,-40.00,-100.00,0,0,0.00,0,-64.00,0.00,0.00,0.00,-100.00,0.00,0,0,0,0
3236,OFF,0,0,0.00,-40.00,-40.00,-100.00,0,0,0.00,0,-64.00,0.00,0.00,0.00,-100.00,0.00,0,0,0,0
3341,OFF,0,0,0.00,-40.00,-40.00,-100.00,0,0,0.00,0,-64.00,0.00,0.00,0.00,-100.00,0.00,0,0,0,0
3446,OFF,0,0,0.00,-40.00,-40.00,-100.00,0,0,0.00,0,-64.00,0.00,0.00,0.00,-100.00,0.00,0,0,0,0
3551,OFF,0,0,0.00,-40.00,-40.00,-100.00,0,0,0.00,0,-64.00,0.00,0.00,0.00,-100.00,0.00,0,0,0,0
3659,OFF,0,0,0.00,-40.00,-40.00,-100.00,0,0,0.00,0,-64.00,0.00,0.00,0.00,-100.00,0.00,0,0,0,0
3764,OFF,0,0,0.00,-40.00,-40.00,-100.00,0,0,0.00,0,-64.00,0.00,0.00,0.00,-100.00,0.00,0,0,0,0
3869,OFF,0,0,0.00,-40.00,-40.00,-100.00,0,0,0.00,0,-64.00,0.00,0.00,0.00,-100.00,0.00,0,0,0,0
3974,OFF,0,0,0.00,-40.00,-40.00,-100.00,0,0,0.00,0,-64.00,0.00,0.00,0.00,-100.00,0.00,0,0,0,0
4079,OFF,0,0,0.00,-40.00,-40.00,-100.00,0,0,0.00,0,-64.00,0.00,0.00,0.00,-100.00,0.00,0,0,0,0
4184,OFF,0,0,0.00,-40.00,-40.00,-100.00,0,0,0.00,0,-64.00,0.00,0.00,0.00,-100.00,0.00,0,0,0,0
4292,OFF,0,0,0.00,-40.00,-40.00,-100.00,0,0,0.00,0,-64.00,0.00,0.00,0.00,-100.00,0.00,0,0,0,0
4397,OFF,0,0,0.00,-40.00,-40.00,-100.00,0,0,0.00,0,-64.00,0.00,0.00,0.00,-100.00,0.00,0,0,0,0
4502,OFF,0,0,0.00,-40.00,-40.00,-100.00,0,0,0.00,0,-64.00,0.00,0.00,0.00,-100.00,0.00,0,0,0,0
4607,OFF,0,0,0.00,-40.00,-40.00,-100.00,0,0,0.00,0,-64.00,0.00,0.00,0.00,-100.00,0.00,0,0,0,0
4712,OFF,0,0,0.00,-40.00,-40.00,-100.00,0,0,0.00,0,-64.00,0.00,0.00,0.00,-100.00,0.00,0,0,0,0
4817,OFF,0,0,0.00,-40.00,-40.00,-100.00,0,0,0.00,0,-64.00,0.00,0.00,0.00,-100.00,0.00,0,0,0,0
4925,OFF,0,0,0.00,-40.00,-40.00,-100.00,0,0,0.00,0,-64.00,0.00,0.00,0.00,-100.00,0.00,0,0,0,0
5030,OFF,0,0,0.00,-40.00,-40.00,-100.00,0,0,0.00,0,-64.00,0.00,0.00,0.00,-100.00,0.00,0,0,0,0
5135,OFF,0,0,0.00,-40.00,-40.00,-100.00,0,0,0.00,0,-64.00,0.00,0.00,0.00,-100.00,0.00,0,0,0,0
5240,OFF,0,0,0.00,-40.00,-40.00,-100.00,0,0,0.00,0,-64.00,0.00,0.00,0.00,-100.00,0.00,0,0,0,0
5345,OFF,0,0,0.00,-40.00,-40.00,-100.00,0,0,0.00,0,-64.00,0.00,0.00,0.00,-100.00,0.00,0,0,0,0
5450,OFF,0,0,0.00,-40.00,-40.00,-100.00,0,0,0.00,0,-64.00,0.00,0.00,0.00,-100.00,0.00,0,0,0,0
5558,OFF,0,0,0.00,-40.00,-40.00,-100.00,0,0,0.00,0,-64.00,0.00,0.00,0.00,-100.00,0.00,0,0,0,0
5663,OFF,0,0,0.00,-40.00,-40.00,-100.00,0,0,0.00,0,-64.00,0.00,0.00,0.00,-100.00,0.00,0,0,0,0
5768,OFF,0,0,0.00,-40.00,-40.00,-100.00,0,0,0.00,0,-64.00,0.00,0.00,0.00,-100.00,0.00,0,0,0,0
5873,OFF,0,0,0.00,-40.00,-40.00,-100.00,0,0,0.00,0,-64.00,0.00,0.00,0.00,-100.00,0.00,0,0,0,0
5978,OFF,0,0,0.00,-40.00,-40.00,-100.00,0,0,0.00,0,-64.00,0.00,0.00,0.00,-100.00,0.00,0,0,0,0
6083,OFF,0,0,0.00,-40.00,-40.00,-100.00,0,0,0.00,0,-64.00,0.00,0.00,0.00,-100.00,0.00,0,0,0,0
6191,OFF,0,0,0.00,-40.00,-40.00,-100.00,0,0,0.00,0,-64.00,0.00,0.00,0.00,-100.00,0.00,0,0,0,0
6296,OFF,0,0,0.00,-40.00,-40.00,-100.00,0,0,0.00,0,-64.00,0.00,0.00,0.00,-100.00,0.00,0,0,0,0
6401,OFF,0,0,0.00,-40.00,-40.00,-100.00,0,0,0.00,0,-64.00,0.00,0.00,0.00,-100.00,0.00,0,0,0,0
6506,OFF,0,0,0.00,-40.00,-40.00,-100.00,0,0,0.00,0,-64.00,0.00,0.00,0.00,-100.00,0.00,0,0,0,0
6611,OFF,0,0,0.00,-40.00,-40.00,-100.00,0,0,0.00,0,-64.00,0.00,0.00,0.00,-100.00,0.00,0,0,0,0
6716,OFF,0,0,0.00,-40.00,-40.00,-100.00,0,0,0.00,0,-64.00,0.00,0.00,0.00,-100.00,0.00,0,0,0,0
6824,OFF,0,0,0.00,-40.00,-40.00,-100.00,0,0,0.00,0,-64.00,0.00,0.00,0.00,-100.00,0.00,0,0,0,0
6929,OFF,0,0,0.00,-40.00,-40.00,-100.00,0,0,0.00,0,-64.00,0.00,0.00,0.00,-100.00,0.00,0,0,0,0
7034,OFF,0,0,0.00,-40.00,-40.00,-100.00,0,0,0.00,0,-64.00,0.00,0.00,0.00,-100.00,0.00,0,0,0,0
7139,OFF,0,0,0.00,-40.00,-40.00,-100.00,0,0,0.00,0,-64.00,0.00,0.00,0.00,-100.00,0.00,0,0,0,0
7244,OFF,0,0,0.00,-40.00,-40.00,-100.00,0,0,0.00,0,-64.00,0.00,0.00,0.00,-100.00,0.00,0,0,0,0
7349,OFF,0,0,0.00,-40.00,-40.00,-100.00,0,0,0.00,0,-64.00,0.00,0.00,0.00,-100.00,0.00,0,0,0,0
7457,OFF,0,0,0.00,-40.00,-40.00,-100.00,0,0,0.00,0,-64.00,0.00,0.00,0.00,-100.00,0.00,0,0,0,0
7562,OFF,0,0,0.00,-40.00,-40.00,-100.00,0,0,0.00,0,-64.00,0.00,0.00,0.00,-100.00,0.00,0,0,0,0
7667,OFF,0,0,0.00,-40.00,-40.00,-100.00,0,0,0.00,0,-64.00,0.00,0.00,0.00,-100.00,0.00,0,0,0,0
7772,OFF,0,0,0.00,-40.00,-40.00,-100.00,0,0,0.00,0,-64.00,0.00,0.00,0.00,-100.00,0.00,0,0,0,0
7877,OFF,0,0,0.00,-40.00,-40.00,-100.00,0,0,0.00,0,-64.00,0.00,0.00,0.00,-100.00,0.00,0,0,0,0
7982,OFF,0,0,0.00,-40.00,-40.00,-100.00,0,0,0.00,0,-64.00,0.00,0.00,0.00,-100.00,0.00,0,0,0,0
8090,OFF,0,0,0.00,-40.00,-40.00,-100.00,0,0,0.00,0,-64.00,0.00,0.00,0.00,-100.00,0.00,0,0,0,0
8195,OFF,0,0,0.00,-40.00,-40.00,-100.00,0,0,0.00,0,-64.00,0.00,0.00,0.00,-100.00,0.00,0,0,0,0
8300,OFF,0,0,0.00,-40.00,-40.00,-100.00,0,0,0.00,0,-64.00,0.00,0.00,0.00,-100.00,0.00,0,0,0,0
8405,OFF,0,0,0.00,-40.00,-40.00,-100.00,0,0,0.00,0,-64.00,0.00,0.00,0.00,-100.00,0.00,0,0,0,0
8510,OFF,0,0,0.00,-40.00,-40.00,-100.00,0,0,0.00,0,-64.00,0.00,0.00,0.00,-100.00,0.00,0,0,0,0
8615,OFF,0,0,0.00,-40.00,-40.00,-100.00,0,0,0.00,0,-64.00,0.00,0.00,0.00,-100.00,0.00,0,0,0,0
8723,OFF,0,0,0.00,-40.00,-40.00,-100.00,0,0,0.00,0,-64.00,0.00,0.00,0.00,-100.00,0.00,0,0,0,0
8828,OFF,0,0,0.00,-40.00,-40.00,-100.00,0,0,0.00,0,-64.00,0.00,0.00,0.00,-100.00,0.00,0,0,0,0
8933,OFF,0,0,0.00,-40.00,-40.00,-100.00,0,0,0.00,0,-64.00,0.00,0.00,0.00,-100.00,0.00,0,0,0,0
9038,OFF,0,0,0.00,-40.00,-40.00,-100.00,0,0,0.00,0,-64.00,0.00,0.00,0.00,-100.00,0.00,0,0,0,0
9143,OFF,0,0,0.00,-40.00,-40.00,-100.00,0,0,0.00,0,-64.00,0.00,0.00,0.00,-100.00,0.00,0,0,0,0
9248,OFF,0,0,0.00,-40.00,-40.00,-100.00,0,0,0.00,0,-64.00,0.00,0.00,0.00,-100.00,0.00,0,0,0,0
9356,OFF,0,0,0.00,-40.00,-40.00,-100.00,0,0,0.00,0,-64.00,0.00,0.00,0.00,-100.00,0.00,0,0,0,0
9461,OFF,0,0,0.00,-40.00,-40.00,-100.00,0,0,0.00,0,-64.00,0.00,0.00,0.00,-100.00,0.00,0,0,0,0
9566,OFF,0,0,0.00,-40.00,-40.00,-100.00,0,0,0.00,0,-64.00,0.00,0.00,0.00,-100.00,0.00,0,0,0,0
9670,OFF,0,0,0.00,-40.00,-40.00,-100.00,0,0,0.00,0,-64.00,0.00,0.00,0.00,-100.00,0.00,0,0,0,0
9774,OFF,0,0,0.00,-40.00,-40.00,-100.00,0,0,0.00,0,-64.00,0.00,0.00,0.00,-100.00,0.00,0,0,0,0
9878,OFF,0,0,0.00,-40.00,-40.00,-100.00,0,0,0.00,0,-64.00,0.00,0.00,0.00,-100.00,0.00,0,0,0,0
9986,OFF,0,0,0.00,-40.00,-40.00,-100.00,0,0,0.00,0,-64.00,0.00,0.00,0.00,-100.00,0.00,0,0,0,0
10090,OFF,0,0,0.00,-40.00,-40.00,-100.00,0,0,0.00,0,-64.00,0.00,0.00,0.00,-100.00,0.00,0,0,0,0
10194,OFF,0,0,0.00,-40.00,-40.00,-100.00,0,0,0.00,0,-64.00,0.00,0.00,0.00,-100.00,0.00,0,0,0,0
10298,OFF,0,0,0.00,-40.00,-40.00,-100.00,0,0,0.00,0,-64.00,0.00,0.00,0.00,-100.00,0.00,0,0,0,0
10402,OFF,0,0,0.00,-40.00,-40.00,-100.00,0,0,0.00,0,-64.00,0.00,0.00,0.00,-100.00,0.00,0,0,0,0
10506,OFF,0,0,0.00,-40.00,-40.00,-100.00,0,0,0.00,0,-64.00,0.00,0.00,0.00,-100.00,0.00,0,0,0,0
10614,OFF,0,0,0.00,-40.00,-40.00,-100.00,0,0,0.00,0,-64.00,0.00,0.00,0.00,-100.00,0.00,0,0,0,0
10718,OFF,0,0,0.00,-40.00,-40.00,-100.00,0,0,0.00,0,-64.00,0.00,0.00,0.00,-100.00,0.00,0,0,0,0
10823,OFF,0,0,0.00,-40.00,-40.00,-100.00,0,0,0.00,0,-64.00,0.00,0.00,0.00,-100.00,0.00,0,0,0,0
10928,OFF,0,0,0.00,-40.00,-40.00,-100.00,0,0,0.00,0,-64.00,0.00,0.00,0.00,-100.00,0.00,0,0,0,0
11033,OFF,0,0,0.00,-40.00,-40.00,-100.00,0,0,0.00,0,-64.00,0.00,0.00,0.00,-100.00,0.00,0,0,0,0
11138,OFF,0,0,0.00,-40.00,-40.00,-100.00,0,0,0.00,0,-64.00,0.00,0.00,0.00,-100.00,0.00,0,0,0,0
11246,OFF,0,0,0.00,-40.00,-40.00,-100.00,0,0,0.00,0,-64.00,0.00,0.00,0.00,-100.00,0.00,0,0,0,0
11351,OFF,0,0,0.00,-40.00,-40.00,-100.00,0,0,0.00,0,-64.00,0.00,0.00,0.00,-100.00,0.00,0,0,0,0
11456,OFF,0,0,0.00,-40.00,-40.00,-100.00,0,0,0.00,0,-64.00,0.00,0.00,0.00,-100.00,0.00,0,0,0,0
11561,OFF,0,0,0.00,-40.00,-40.00,-100.00,0,0,0.00,0,-64.00,0.00,0.00,0.00,-100.00,0.00,0,0,0,0
11666,OFF,0,0,0.00,-40.00,-40.00,-100.00,0,0,0.00,0,-64.00,0.00,0.00,0.00,-100.00,0.00,0,0,0,0
11771,OFF,0,0,0.00,-40.00,-40.00,-100.00,0,0,0.00,0,-64.00,0.00,0.00,0.00,-100.00,0.00,0,0,0,0
11879,OFF,0,0,0.00,-40.00,-40.00,-100.00,0,0,0.00,0,-64.00,0.00,0.00,0.00,-100.00,0.00,0,0,0,0
11984,OFF,0,0,0.00,-40.00,-40.00,-100.00,0,0,0.00,0,-64.00,0.00,0.00,0.00,-100.00,0.00,0,0,0,0
12089,OFF,0,0,0.00,-40.00,-40.00,-100.00,0,0,0.00,0,-64.00,0.00,0.00,0.00,-100.00,0.00,0,0,0,0
12194,OFF,0,0,0.00,-40.00,-40.00,-100.00,0,0,0.00,0,-64.00,0.00,0.00,0.00,-100.00,0.00,0,0,0,0
12299,OFF,0,0,0.00,-40.00,-40.00,-100.00,0,0,0.00,0,-64.00,0.00,0.00,0.00,-100.00,0.00,0,0,0,0
12404,OFF,0,0,0.00,-40.00,-40.00,-100.00,0,0,0.00,0,-64.00,0.00,0.00,0.00,-100.00,0.00,0,0,0,0
12512,OFF,0,0,0.00,-40.00,-40.00,-100.00,0,0,0.00,0,-64.00,0.00,0.00,0.00,-100.00,0.00,0,0,0,0
12617,OFF,0,0,0.00,-40.00,-40.00,-100.00,0,0,0.00,0,-64.00,0.00,0.00,0.00,-100.00,0.00,0,0,0,0
12722,OFF,0,0,0.00,-40.00,-40.00,-100.00,0,0,0.00,0,-64.00,0.00,0.00,0.00,-100.00,0.00,0,0,0,0
12827,OFF,0,0,0.00,-40.00,-40.00,-100.00,0,0,0.00,0,-64.00,0.00,0.00,0.00,-100.00,0.00,0,0,0,0
12932,OFF,0,0,0.00,-40.00,-40.00,-100.00,0,0,0.00,0,-64.00,0.00,0.00,0.00,-100.00,0.00,0,0,0,0
13037,OFF,0,0,0.00,-40.00,-40.00,-100.00,0,0,0.00,0,-64.00,0.00,0.00,0.00,-100.00,0.00,0,0,0,0
13145,OFF,0,0,0.00,-40.00,-40.00,-100.00,0,0,0.00,0,-64.00,0.00,0.00,0.00,-100.00,0.00,0,0,0,0
13250,OFF,0,0,0.00,-40.00,-40.00,-100.00,0,0,0.00,0,-64.00,0.00,0.00,0.00,-100.00,0.00,0,0,0,0
13355,OFF,0,0,0.00,-40.00,-40.00,-100.00,0,0,0.00,0,-64.00,0.00,0.00,0.00,-100.00,0.00,0,0,0,0
13460,OFF,0,0,0.00,-40.00,-40.00,-100.00,0,0,0.00,0,-64.00,0.00,0.00,0.00,-100.00,0.00,0,0,0,0
13565,OFF,0,0,0.00,-40.00,-40.00,-100.00,0,0,0.00,0,-64.00,0.00,0.00,0.00,-100.00,0.00,0,0,0,0
13670,OFF,0,0,0.00,-40.00,-40.00,-100.00,0,0,0.00,0,-64.00,0.00,0.00,0.00,-100.00,0.00,0,0,0,0
13778,OFF,0,0,0.00,-40.00,-40.00,-100.00,0,0,0.00,0,-64.00,0.00,0.00,0.00,-100.00,0.00,0,0,0,0
13883,OFF,0,0,0.00,-40.00,-40.00,-100.00,0,0,0.00,0,-64.00,0.00,0.00,0.00,-100.00,0.00,0,0,0,0
13988,OFF,0,0,0.00,-40.00,-40.00,-100.00,0,0,0.00,0,-64.00,0.00,0.00,0.00,-100.00,0.00,0,0,0,0
14093,OFF,0,0,0.00,-40.00,-40.00,-100.00,0,0,0.00,0,-64.00,0.00,0.00,0.00,-100.00,0.00,0,0,0,0
14198,OFF,0,0,0.00,-40.00,-40.00,-100.00,0,0,0.00,0,-64.00,0.00,0.00,0.00,-100.00,0.00,0,0,0,0
14303,OFF,0,0,0.00,-40.00,-40.00,-100.00,0,0,0.00,0,-64.00,0.00,0.00,0.00,-100.00,0.00,0,0,0,0
14411,OFF,0,0,0.00,-40.00,-40.00,-100.00,0,0,0.00,0,-64.00,0.00,0.00,0.00,-100.00,0.00,0,0,0,0
14516,OFF,0,0,0.00,-40.00,-40.00,-100.00,0,0,0.00,0,-64.00,0.00,0.00,0.00,-100.00,0.00,0,0,0,0
14621,OFF,0,0,0.00,-40.00,-40.00,-100.00,0,0,0.00,0,-64.00,0.00,0.00,0.00,-100.00,0.00,0,0,0,0
14726,OFF,0,0,0.00,-40.00,-40.00,-100.00,0,0,0.00,0,-64.00,0.00,0.00,0.00,-100.00,0.00,0,0,0,0
14831,OFF,0,0,0.00,-40.00,-40.00,-100.00,0,0,0.00,0,-64.00,0.00,0.00,0.00,-100.00,0.00,0,0,0,0
14936,OFF,0,0,0.00,-40.00,-40.00,-100.00,0,0,0.00,0,-64.00,0.00,0.00,0.00,-100.00,0.00,0,0,0,0
15044,OFF,0,0,0.00,-40.00,-40.00,-100.00,0,0,0.00,0,-64.00,0.00,0.00,0.00,-100.00,0.00,0,0,0,0
15149,OFF,0,0,0.00,-40.00,-40.00,-100.00,0,0,0.00,0,-64.00,0.00,0.00,0.00,-100.00,0.00,0,0,0,0
15254,OFF,0,0,0.00,-40.00,-40.00,-100.00,0,0,0.00,0,-64.00,0.00,0.00,0.00,-100.00,0.00,0,0,0,0
15359,OFF,0,0,0.00,-40.00,-40.00,-100.00,0,0,0.00,0,-64.00,0.00,0.00,0.00,-100.00,0.00,0,0,0,0
15464,OFF,0,0,0.00,-40.00,-40.00,-100.00,0,0,0.00,0,-64.00,0.00,0.00,0.00,-100.00,0.00,0,0,0,0
15569,OFF,0,0,0.00,-40.00,-40.00,-100.00,0,0,0.00,0,-64.00,0.00,0.00,0.00,-100.00,0.00,0,0,0,0
15677,OFF,0,0,0.00,-40.00,-40.00,-100.00,0,0,0.00,0,-64.00,0.00,0.00,0.00,-100.00,0.00,0,0,0,0
15782,OFF,0,0,0.00,-40.00,-40.00,-100.00,0,0,0.00,0,-64.00,0.00,0.00,0.00,-100.00,0.00,0,0,0,0
15887,OFF,0,0,0.00,-40.00,-40.00,-100.00,0,0,0.00,0,-64.00,0.00,0.00,0.00,-100.00,0.00,0,0,0,0
15992,OFF,0,0,0.00,-40.00,-40.00,-100.00,0,0,0.00,0,-64.00,0.00,0.00,0.00,-100.00,0.00,0,0,0,0
16097,OFF,0,0,0.00,-40.00,-40.00,-100.00,0,0,0.00,0,-64.00,0.00,0.00,0.00,-100.00,0.00,0,0,0,0
16202,OFF,0,0,0.00,-40.00,-40.00,-100.00,0,0,0.00,0,-64.00,0.00,0.00,0.00,-100.00,0.00,0,0,0,0
16310,OFF,0,0,0.00,-40.00,-40.00,-100.00,0,0,0.00,0,-64.00,0.00,0.00,0.00,-100.00,0.00,0,0,0,0
16415,OFF,0,0,0.00,-40.00,-40.00,-100.00,0,0,0.00,0,-64.00,0.00,0.00,0.00,-100.00,0.00,0,0,0,0
16520,OFF,0,0,0.00,-40.00,-40.00,-100.00,0,0,0.00,0,-64.00,0.00,0.00,0.00,-100.00,0.00,0,0,0,0
16625,OFF,0,0,0.00,-40.00,-40.00,-100.00,0,0,0.00,0,-64.00,0.00,0.00,0.00,-100.00,0.00,0,0,0,0
16730,OFF,0,0,0.00,-40.00,-40.00,-100.00,0,0,0.00,0,-64.00,0.00,0.00,0.00,-100.00,0.00,0,0,0,0
16835,OFF,0,0,0.00,-40.00,-40.00,-100.00,0,0,0.00,0,-64.00,0.00,0.00,0.00,-100.00,0.00,0,0,0,0
16943,OFF,0,0,0.00,-40.00,-40.00,-100.00,0,0,0.00,0,-64.00,0.00,0.00,0.00,-100.00,0.00,0,0,0,0
17048,OFF,0,0,0.00,-40.00,-40.00,-100.00,0,0,0.00,0,-64.00,0.00,0.00,0.00,-100.00,0.00,0,0,0,0
17153,OFF,0,0,0.00,-40.00,-40.00,-100.00,0,0,0.00,0,-64.00,0.00,0.00,0.00,-100.00,0.00,0,0,0,0
17258,OFF,0,0,0.00,-40.00,-40.00,-100.00,0,0,0.00,0,-64.00,0.00,0.00,0.00,-100.00,0.00,0,0,0,0
17363,OFF,0,0,0.00,-40.00,-40.00,-100.00,0,0,0.00,0,-64.00,0.00,0.00,0.00,-100.00,0.00,0,0,0,0
17468,OFF,0,0,0.00,-40.00,-40.00,-100.00,0,0,0.00,0,-64.00,0.00,0.00,0.00,-100.00,0.00,0,0,0,0
17576,OFF,0,0,0.00,-40.00,-40.00,-100.00,0,0,0.00,0,-64.00,0.00,0.00,0.00,-100.00,0.00,0,0,0,0
17681,OFF,0,0,0.00,-40.00,-40.00,-100.00,0,0,0.00,0,-64.00,0.00,0.00,0.00,-100.00,0.00,0,0,0,0
17786,OFF,0,0,0.00,-40.00,-40.00,-100.00,0,0,0.00,0,-64.00,0.00,0.00,0.00,-100.00,0.00,0,0,0,0
17891,OFF,0,0,0.00,-40.00,-40.00,-100.00,0,0,0.00,0,-64.00,0.00,0.00,0.00,-100.00,0.00,0,0,0,0
17996,OFF,0,0,0.00,-40.00,-40.00,-100.00,0,0,0.00,0,-64.00,0.00,0.00,0.00,-100.00,0.00,0,0,0,0
18101,OFF,0,0,0.00,-40.00,-40.00,-100.00,0,0,0.00,0,-64.00,0.00,0.00,0.00,-100.00,0.00,0,0,0,0
18209,OFF,0,0,0.00,-40.00,-40.00,-100.00,0,0,0.00,0,-64.00,0.00,0.00,0.00,-100.00,0.00,0,0,0,0
18314,OFF,0,0,0.00,-40.00,-40.00,-100.00,0,0,0.00,0,-64.00,0.00,0.00,0.00,-100.00,0.00,0,0,0,0
18419,OFF,0,0,0.00,-40.00,-40.00,-100.00,0,0,0.00,0,-64.00,0.00,0.00,0.00,-100.00,0.00,0,0,0,0
18524,OFF,0,0,0.00,-40.00,-40.00,-100.00,0,0,0.00,0,-64.00,0.00,0.00,0.00,-100.00,0.00,0,0,0,0
18629,OFF,0,0,0.00,-40.00,-40.00,-100.00,0,0,0.00,0,-64.00,0.00,0.00,0.00,-100.00,0.00,0,0,0,0
18734,OFF,0,0,0.00,-40.00,-40.00,-100.00,0,0,0.00,0,-64.00,0.00,0.00,0.00,-100.00,0.00,0,0,0,0
18842,OFF,0,0,0.00,-40.00,-40.00,-100.00,0,0,0.00,0,-64.00,0.00,0.00,0.00,-100.00,0.00,0,0,0,0
18947,OFF,0,0,0.00,-40.00,-40.00,-100.00,0,0,0.00,0,-64.00,0.00,0.00,0.00,-100.00,0.00,0,0,0,0
19052,OFF,0,0,0.00,-40.00,-40.00,-100.00,0,0,0.00,0,-64.00,0.00,0.00,0.00,-100.00,0.00,0,0,0,0
19157,OFF,0,0,0.00,-40.00,-40.00,-100.00,0,0,0.00,0,-64.00,0.00,0.00,0.00,-100.00,0.00,0,0,0,0
19261,OFF,0,0,0.00,-40.00,-40.00,-100.00,0,0,0.00,0,-64.00,0.00,0.00,0.00,-100.00,0.00,0,0,0,0
19366,OFF,0,0,0.00,-40.00,-40.00,-100.00,0,0,0.00,0,-64.00,0.00,0.00,0.00,-100.00,0.00,0,0,0,0
19474,OFF,0,0,0.00,-40.00,-40.00,-100.00,0,0,0.00,0,-64.00,0.00,0.00,0.00,-100.00,0.00,0,0,0,0
19579,OFF,0,0,0.00,-40.00,-40.00,-100.00,0,0,0.00,0,-64.00,0.00,0.00,0.00,-100.00,0.00,0,0,0,0
19684,OFF,0,0,0.00,-40.00,-40.00,-100.00,0,0,0.00,0,-64.00,0.00,0.00,0.00,-100.00,0.00,0,0,0,0
19789,OFF,0,0,0.00,-40.00,-40.00,-100.00,0,0,0.00,0,-64.00,0.00,0.00,0.00,-100.00,0.00,0,0,0,0
19894,OFF,0,0,0.00,-40.00,-40.00,-100.00,0,0,0.00,0,-64.00,0.00,0.00,0.00,-100.00,0.00,0,0,0,0
19999,OFF,0,0,0.00,-40.00,-40.00,-100.00,0,0,0.00,0,-64.00,0.00,0.00,0.00,-100.00,0.00,0,0,0,0
20107,OFF,0,0,0.00,-40.00,-40.00,-100.00,0,0,0.00,0,-64.00,0.00,0.00,0.00,-100.00,0.00,0,0,0,0
20212,OFF,0,0,0.00,-40.00,-40.00,-100.00,0,0,0.00,0,-64.00,0.00,0.00,0.00,-100.00,0.00,0,0,0,0
20317,OFF,0,0,0.00,-40.00,-40.00,-100.00,0,0,0.00,0,-64.00,0.00,0.00,0.00,-100.00,0.00,0,0,0,0
20422,OFF,0,0,0.00,-40.00,-40.00,-100.00,0,0,0.00,0,-64.00,0.00,0.00,0.00,-100.00,0.00,0,0,0,0
20527,OFF,0,0,0.00,-40.00,-40.00,-100.00,0,0,0.00,0,-64.00,0.00,0.00,0.00,-100.00,0.00,0,0,0,0
20632,OFF,0,0,0.00,-40.00,-40.00,-100.00,0,0,0.00,0,-64.00,0.00,0.00,0.00,-100.00,0.00,0,0,0,0
20740,OFF,0,0,0.00,-40.00,-40.00,-100.00,0,0,0.00,0,-64.00,0.00,0.00,0.00,-100.00,0.00,0,0,0,0
20845,OFF,0,0,0.00,-40.00,-40.00,-100.00,0,0,0.00,0,-64.00,0.00,0.00,0.00,-100.00,0.00,0,0,0,0
20950,OFF,0,0,0.00,-40.00,-40.00,-100.00,0,0,0.00,0,-64.00,0.00,0.00,0.00,-100.00,0.00,0,0,0,0
21055,OFF,0,0,0.00,-40.00,-40.00,-100.00,0,0,0.00,0,-64.00,0.00,0.00,0.00,-100.00,0.00,0,0,0,0
21160,OFF,0,0,0.00,-40.00,-40.00,-100.00,0,0,0.00,0,-64.00,0.00,0.00,0.00,-100.00,0.00,0,0,0,0
21265,OFF,0,0,0.00,-40.00,-40.00,-100.00,0,0,0.00,0,-64.00,0.00,0.00,0.00,-100.00,0.00,0,0,0,0
21373,OFF,0,0,0.00,-40.00,-40.00,-100.00,0,0,0.00,0,-64.00,0.00,0.00,0.00,-100.00,0.00,0,0,0,0
21478,OFF,0,0,0.00,-40.00,-40.00,-100.00,0,0,0.00,0,-64.00,0.00,0.00,0.00,-100.00,0.00,0,0,0,0
21583,OFF,0,0,0.00,-40.00,-40.00,-100.00,0,0,0.00,0,-64.00,0.00,0.00,0.00,-100.00,0.00,0,0,0,0
21688,OFF,0,0,0.00,-40.00,-40.00,-100.00,0,0,0.00,0,-64.00,0.00,0.00,0.00,-100.00,0.00,0,0,0,0
21793,OFF,0,0,0.00,-40.00,-40.00,-100.00,0,0,0.00,0,-64.00,0.00,0.00,0.00,-100.00,0.00,0,0,0,0
21898,OFF,0,0,0.00,-40.00,-40.00,-100.00,0,0,0.00,0,-64.00,0.00,0.00,0.00,-100.00,0.00,0,0,0,0
22006,OFF,0,0,0.00,34.00,29.00,-3.12,100,101,0.00,0,0.00,27.45,11.37,0.25,0.00,0.00,0,0,0,0
22111,OFF,0,0,0.00,34.00,29.00,-3.12,100,101,0.00,0,0.00,27.45,11.37,0.25,0.00,12.19,155,0,0,0
22216,OFF,0,0,0.00,34.00,29.00,-3.12,100,101,0.00,0,0.00,27.45,11.37,0.25,0.00,12.19,155,0,0,0
22321,OFF,0,0,0.00,34.00,29.00,-3.12,100,101,0.00,0,0.00,27.45,11.37,0.25,0.00,12.19,155,0,0,0
22426,OFF,0,0,0.00,34.00,29.00,-3.12,100,101,0.00,0,0.00,27.45,11.37,0.25,0.00,12.19,155,0,0,0
22531,OFF,0,0,0.00,34.00,29.00,-3.12,100,101,0.00,0,0.00,27.45,11.37,0.25,0.00,12.19,155,0,0,0
22639,OFF,0,0,0.00,34.00,29.00,-3.12,100,101,0.00,0,0.00,27.45,11.37,0.25,0.00,12.19,155,0,0,0
22744,OFF,0,0,0.00,34.00,29.00,-3.12,100,100,0.00,0,0.00,27.45,11.37,0.25,0.00,12.19,155,0,0,0
22849,OFF,0,0,0.00,34.00,29.00,-3.12,100,100,0.00,0,0.00,27.45,11.37,0.25,0.00,12.19,155,0,0,0
22954,OFF,0,0,0.00,34.00,29.00,-3.12,100,100,0.00,0,0.00,27.45,11.37,0.25,0.00,12.19,155,0,0,0
23059,OFF,0,0,0.00,34.00,29.00,-3.12,100,100,0.00,0,0.00,27.45,11.37,0.25,0.00,12.19,155,0,0,0
23164,OFF,0,0,0.00,35.00,29.00,-3.12,100,100,0.00,0,0.00,27.45,11.37,0.25,0.00,12.19,155,0,0,0
23272,OFF,0,0,0.00,34.00,29.00,-3.12,100,100,0.00,0,0.00,27.45,11.37,0.25,0.00,12.19,155,0,0,0
23377,OFF,0,0,0.00,35.00,29.00,-3.12,100,100,0.00,0,0.00,27.45,11.37,0.25,0.00,12.19,155,0,0,0
23482,OFF,0,0,0.00,35.00,29.00,-3.12,100,100,0.00,0,0.00,27.45,11.37,0.25,0.00,12.19,155,0,0,0
23587,OFF,0,0,0.00,35.00,29.00,-3.12,100,100,0.00,0,0.00,27.45,11.37,0.25,0.00,12.19,155,0,0,0
23692,OFF,0,0,0.00,35.00,29.00,-3.12,100,100,0.00,0,0.00,27.45,11.37,0.25,0.00,12.19,155,0,0,0
23797,OFF,0,0,0.00,35.00,28.00,-3.12,100,100,0.00,0,0.00,27.45,11.37,0.25,0.00,12.19,155,0,0,0
23905,OFF,0,0,0.00,35.00,29.00,-3.12,100,100,0.00,0,0.00,27.45,11.37,0.25,0.00,12.19,155,0,0,0
24010,OFF,0,0,0.00,35.00,29.00,-3.12,100,100,0.00,0,0.00,27.45,11.37,0.25,0.00,12.19,155,0,0,0
24115,OFF,0,0,0.00,35.00,29.00,-3.12,100,100,0.00,0,0.00,27.45,11.37,0.25,0.00,12.19,155,0,0,0
24220,OFF,0,0,0.00,35.00,29.00,-3.12,100,100,0.00,0,0.00,27.45,11.37,0.25,0.00,12.19,155,0,0,0
24325,OFF,0,0,0.00,35.00,29.00,-3.12,100,100,0.00,0,0.00,27.45,11.37,0.25,0.00,12.19,155,0,0,0
24430,OFF,0,0,0.00,35.00,29.00,-3.12,100,100,0.00,0,0.00,27.45,11.37,0.25,0.00,12.19,155,0,0,0
24538,OFF,0,0,0.00,35.00,29.00,-3.12,100,100,0.00,0,0.00,27.45,11.37,0.25,0.00,12.19,155,0,0,0
24643,OFF,0,0,0.00,35.00,29.00,-3.12,100,100,0.00,0,0.00,27.45,11.37,0.25,0.00,12.19,155,0,0,0
24748,OFF,0,0,0.00,35.00,29.00,-3.12,100,100,0.00,0,0.00,27.45,11.37,0.25,0.00,12.19,155,0,0,0
24853,OFF,0,0,0.00,35.00,29.00,-3.12,100,100,0.00,0,0.00,27.45,11.37,0.25,0.00,12.19,155,0,0,0
24958,OFF,0,0,0.00,35.00,29.00,-3.12,100,100,0.00,0,0.00,27.45,11.37,0.25,0.00,12.19,155,0,0,0
25063,OFF,0,0,0.00,35.00,28.00,-3.12,100,100,0.00,0,0.00,27.45,11.37,0.25,0.00,0.00,0,0,0,0
25171,OFF,0,0,0.00,35.00,29.00,-3.12,100,100,0.00,0,0.00,27.45,11.37,0.25,0.00,0.00,0,0,0,0
25276,OFF,0,0,0.00,35.00,29.00,-3.12,100,100,0.00,0,0.00,27.45,11.37,0.25,0.00,0.00,0,0,0,0
25381,OFF,0,0,0.00,35.00,29.00,-3.12,100,100,0.00,0,0.00,27.45,11.37,0.25,0.00,0.00,0,0,0,0
25486,OFF,0,0,0.00,35.00,29.00,-3.12,100,100,0.00,0,0.00,27.45,11.37,0.25,0.00,0.00,0,0,0,0
25591,OFF,0,0,0.00,35.00,29.00,-3.12,100,100,0.00,0,0.00,27.45,11.37,0.25,0.00,0.00,0,0,0,0
25696,OFF,0,0,0.00,35.00,29.00,-3.12,100,100,0.00,0,0.00,27.45,11.37,0.25,0.00,0.00,0,0,0,0
25804,OFF,0,0,0.00,35.00,29.00,-3.12,100,100,0.00,0,0.00,27.45,11.37,0.25,0.00,0.00,0,0,0,0
25909,OFF,0,0,0.00,35.00,29.00,-3.12,100,100,0.00,0,0.00,27.45,11.37,0.25,0.00,0.00,0,0,0,0
26014,OFF,0,0,0.00,35.00,28.00,-3.12,100,100,0.00,0,0.00,27.45,11.37,0.25,0.00,0.00,0,0,0,0
26119,OFF,0,0,0.00,34.00,29.00,-3.12,100,100,0.00,0,0.00,27.45,11.37,0.25,0.00,0.00,0,0,0,0
26224,OFF,0,0,0.00,35.00,29.00,-3.12,100,100,0.00,0,0.00,27.45,11.37,0.25,0.00,0.00,0,0,0,0
26329,OFF,0,0,0.00,35.00,28.00,-3.12,100,100,0.00,0,0.00,27.45,11.37,0.25,0.00,0.00,0,0,0,0
26437,OFF,0,0,0.00,35.00,29.00,-3.12,100,100,0.00,0,0.00,27.45,11.37,0.25,0.00,0.00,0,0,0,0
26542,OFF,0,0,0.00,35.00,29.00,-3.12,100,100,0.00,0,0.00,27.45,11.37,0.25,0.00,0.00,0,0,0,0
26647,OFF,0,0,0.00,35.00,29.00,-3.12,100,100,0.00,0,0.00,27.45,11.37,0.25,0.00,0.00,0,0,0,0
26752,OFF,0,0,0.00,35.00,29.00,-3.12,100,100,0.00,0,0.00,27.45,11.37,0.25,0.00,0.00,0,0,0,0
26857,OFF,0,0,0.00,35.00,29.00,-3.12,100,100,0.00,0,0.00,27.45,11.37,0.25,0.00,0.00,0,0,0,0
26962,OFF,0,0,0.00,35.00,29.00,-3.12,100,100,0.00,0,0.00,27.45,11.37,0.25,0.00,0.00,0,0,0,0
27070,OFF,0,0,0.00,35.00,29.00,-3.12,100,100,0.00,0,0.00,27.45,11.37,0.25,0.00,0.00,0,0,0,0
27175,OFF,0,0,0.00,35.00,29.00,-3.12,100,100,0.00,0,0.00,27.45,11.37,0.25,0.00,0.00,0,0,0,0
27280,OFF,0,0,0.00,35.00,28.00,-3.12,100,100,0.00,0,0.00,27.45,11.37,0.25,0.00,0.00,0,0,0,0
27385,OFF,0,0,0.00,35.00,29.00,-3.12,100,100,0.00,0,0.00,27.45,11.37,0.25,0.00,0.00,0,0,0,0
27490,OFF,0,0,0.00,35.00,29.00,-3.12,100,100,0.00,0,0.00,27.45,11.37,0.25,0.00,0.00,0,0,0,0
27595,OFF,0,0,0.00,35.00,29.00,-3.12,100,100,0.00,0,0.00,27.45,11.37,0.25,0.00,0.00,0,0,0,0
27703,OFF,0,0,0.00,35.00,29.00,-3.12,100,100,0.00,0,0.00,27.45,11.37,0.25,0.00,0.00,0,0,0,0
27808,OFF,0,0,0.00,35.00,29.00,-3.12,100,100,0.00,0,0.00,27.45,11.37,0.25,0.00,0.00,0,0,0,0
27913,OFF,0,0,0.00,35.00,28.00,-3.12,100,100,0.00,0,0.00,27.45,11.37,0.25,0.00,0.00,0,0,0,0
28018,OFF,0,0,0.00,35.00,29.00,-3.12,100,100,0.00,0,0.00,27.45,11.37,0.25,0.00,0.00,0,0,0,0
28123,OFF,0,0,0.00,35.00,29.00,-3.12,100,100,0.00,0,0.00,27.45,11.37,0.25,0.00,0.00,0,0,0,0
28228,OFF,0,0,0.00,35.00,28.00,-3.12,100,100,0.00,0,0.00,27.45,11.37,0.25,0.00,0.00,0,0,0,0
28336,OFF,0,0,0.00,35.00,29.00,-3.12,100,100,0.00,0,0.00,27.45,11.37,0.25,0.00,0.00,0,0,0,0
28440,OFF,0,0,0.00,35.00,29.00,-3.12,100,100,0.00,0,0.00,27.45,11.37,0.25,0.00,0.00,0,0,0,0
28544,OFF,0,0,0.00,35.00,28.00,-3.12,100,100,0.00,0,0.00,27.45,11.37,0.25,0.00,0.00,0,0,0,0
28649,OFF,0,0,0.00,35.00,29.00,-3.12,100,100,0.00,0,0.00,27.45,11.37,0.25,0.00,0.00,0,0,0,0
28754,OFF,0,0,0.00,35.00,29.00,-3.12,100,100,0.00,0,0.00,27.45,11.37,0.25,0.00,0.00,0,0,0,0
28859,OFF,0,0,0.00,35.00,29.00,-3.12,100,100,0.00,0,0.00,27.45,11.37,0.25,0.00,0.00,0,0,0,0
28967,OFF,0,0,0.00,35.00,29.00,-3.12,100,100,0.00,0,0.00,27.45,11.37,0.25,0.00,0.00,0,0,0,0
29072,OFF,0,0,0.00,35.00,29.00,-3.12,100,100,0.00,0,0.00,27.45,11.37,0.25,0.00,0.00,0,0,0,0
29177,OFF,0,0,0.00,35.00,29.00,-3.12,100,100,0.00,0,0.00,27.45,11.37,0.25,0.00,0.00,0,0,0,0
29282,OFF,0,0,0.00,35.00,29.00,-3.12,100,100,0.00,0,0.00,27.45,11.37,0.25,0.00,0.00,0,0,0,0
29387,OFF,0,0,0.00,35.00,29.00,-3.12,100,100,0.00,0,0.00,27.45,11.37,0.25,0.00,0.00,0,0,0,0
29492,OFF,0,0,0.00,35.00,29.00,-3.12,100,100,0.00,0,0.00,27.45,11.37,0.25,0.00,0.00,0,0,0,0
29600,OFF,0,0,0.00,35.00,29.00,-3.12,100,100,0.00,0,0.00,27.45,11.37,0.25,0.00,0.00,0,0,0,0
29705,OFF,0,0,0.00,35.00,29.00,-3.12,100,100,0.00,0,0.00,27.45,11.37,0.25,0.00,0.00,0,0,0,0
29810,OFF,0,0,0.00,35.00,28.00,-3.12,100,100,0.00,0,0.00,27.45,11.37,0.25,0.00,0.00,0,0,0,0
29915,OFF,0,0,0.00,35.00,29.00,-3.12,100,100,0.00,0,0.00,27.45,11.37,0.25,0.00,0.00,0,0,0,0
30020,OFF,0,0,0.00,35.00,29.00,-3.12,100,100,0.00,0,0.00,27.45,11.37,0.25,0.00,0.00,0,0,0,0
30125,OFF,0,0,0.00,35.00,29.00,-3.12,100,100,0.00,0,0.00,27.45,11.37,0.25,0.00,0.00,0,0,0,0
30233,OFF,0,0,0.00,35.00,29.00,-3.12,100,100,0.00,0,0.00,27.45,11.37,0.25,0.00,0.00,0,0,0,0
30338,OFF,0,0,0.00,35.00,29.00,-3.12,100,100,0.00,0,0.00,27.45,11.37,0.25,0.00,0.00,0,0,0,0
30443,OFF,0,0,0.00,35.00,28.00,-3.12,100,100,0.00,0,0.00,27.45,11.37,0.25,0.00,0.00,0,0,0,0
30548,OFF,0,0,0.00,35.00,29.00,-3.12,100,100,0.00,0,0.00,27.45,11.37,0.25,0.00,0.00,0,0,0,0
30653,OFF,0,0,0.00,35.00,29.00,-3.12,100,100,0.00,0,0.00,27.45,11.37,0.25,0.00,0.00,0,0,0,0
30758,OFF,0,0,0.00,35.00,29.00,-3.12,100,100,0.00,0,0.00,27.45,11.37,0.25,0.00,0.00,0,0,0,0
30866,OFF,0,0,0.00,35.00,29.00,-3.12,100,100,0.00,0,0.00,27.45,11.37,0.25,0.00,0.00,0,0,0,0
30971,OFF,0,0,0.00,35.00,29.00,-3.12,100,100,0.00,0,0.00,27.45,11.37,0.25,0.00,0.00,0,0,0,0
31076,OFF,0,0,0.00,35.00,29.00,-3.12,100,100,0.00,0,0.00,27.45,11.37,0.25,0.00,0.00,0,0,0,0
31186,OFF,0,0,0.00,35.00,29.00,-3.12,100,100,0.00,0,0.00,27.45,11.37,0.25,0.00,0.00,0,0,0,0
31291,OFF,0,0,0.00,35.00,29.00,-3.12,100,100,0.00,0,0.00,27.45,11.37,0.25,0.00,0.00,0,0,0,0
31396,OFF,0,0,0.00,35.00,28.00,-3.12,100,100,0.00,0,0.00,27.45,11.37,0.25,0.00,0.00,0,0,0,0
31504,OFF,0,0,0.00,35.00,29.00,-3.12,100,100,0.00,0,0.00,27.45,11.37,0.25,0.00,0.00,0,0,0,0
31609,OFF,0,0,0.00,35.00,29.00,-3.12,100,100,0.00,0,0.00,27.45,11.37,0.25,0.00,0.00,0,0,0,0
31714,OFF,0,0,0.00,35.00,29.00,-3.12,100,100,0.00,0,0.00,27.45,11.37,0.25,0.00,0.00,0,0,0,0
31819,OFF,0,0,0.00,35.00,29.00,-3.12,100,100,0.00,0,0.00,27.45,11.37,0.25,0.00,0.00,0,0,0,0
31924,OFF,0,0,0.00,35.00,29.00,-3.12,100,100,0.00,0,0.00,27.45,11.37,0.25,0.00,0.00,0,0,0,0
32029,OFF,0,0,0.00,35.00,29.00,-3.12,100,100,0.00,0,0.00,27.45,11.37,0.25,0.00,0.00,0,0,0,0
32137,OFF,0,0,0.00,35.00,29.00,-3.12,100,100,0.00,0,0.00,27.45,11.37,0.25,0.00,0.00,0,0,0,0
32242,OFF,0,0,0.00,35.00,29.00,-3.12,100,100,0.00,0,0.00,27.45,11.37,0.25,0.00,0.00,0,0,0,0
32347,OFF,0,0,0.00,35.00,29.00,-3.12,100,100,0.00,0,0.00,27.45,11.37,0.25,0.00,0.00,0,0,0,0
32452,OFF,0,0,0.00,35.00,29.00,-3.12,100,100,0.00,0,0.00,27.45,11.37,0.25,0.00,0.00,0,0,0,0
32557,OFF,0,0,0.00,35.00,29.00,-3.12,100,100,0.00,0,0.00,27.45,11.37,0.25,0.00,0.00,0,0,0,0
32662,OFF,0,0,0.00,35.00,28.00,-3.12,100,100,0.00,0,0.00,27.45,11.37,0.25,0.00,0.00,0,0,0,0
32770,OFF,0,0,0.00,35.00,29.00,-3.12,100,100,0.00,0,0.00,27.45,11.37,0.25,0.00,0.00,0,0,0,0
32875,OFF,0,0,0.00,35.00,29.00,-3.12,100,100,0.00,0,0.00,27.45,11.37,0.25,0.00,0.00,0,0,0,0
32980,OFF,0,0,0.00,35.00,29.00,-3.12,100,100,0.00,0,0.00,27.45,11.37,0.25,0.00,0.00,0,0,0,0
33085,OFF,0,0,0.00,35.00,29.00,-3.12,100,100,0.00,0,0.00,27.45,11.37,0.25,0.00,0.00,0,0,0,0
33190,OFF,0,0,0.00,35.00,29.00,-3.12,100,100,0.00,0,0.00,27.45,11.37,0.25,0.00,0.00,0,0,0,0
33295,OFF,0,0,0.00,35.00,28.00,-3.12,100,100,0.00,0,0.00,27.45,11.37,0.25,0.00,0.00,0,0,0,0
33403,OFF,0,0,0.00,35.00,29.00,-3.12,100,100,0.00,0,0.00,27.45,11.37,0.25,0.00,0.00,0,0,0,0
33508,OFF,0,0,0.00,35.00,29.00,-3.12,100,100,0.00,0,0.00,27.45,11.37,0.25,0.00,0.00,0,0,0,0
33613,OFF,0,0,0.00,35.00,28.00,-3.12,100,100,0.00,0,0.00,27.45,11.37,0.25,0.00,0.00,0,0,0,0
33718,OFF,0,0,0.00,35.00,29.00,-3.12,100,100,0.00,0,0.00,27.45,11.37,0.25,0.00,0.00,0,0,0,0
33823,OFF,0,0,0.00,35.00,29.00,-3.12,100,100,0.00,0,0.00,27.45,11.37,0.25,0.00,0.00,0,0,0,0
33928,OFF,0,0,0.00,35.00,29.00,-3.12,100,100,0.00,0,0.00,27.45,11.37,0.25,0.00,0.00,0,0,0,0
34036,OFF,0,0,0.00,35.00,29.00,-3.12,100,100,0.00,0,0.00,27.45,11.37,0.25,0.00,0.00,0,0,0,0
34141,OFF,0,0,0.00,35.00,29.00,-3.12,100,100,0.00,0,0.00,27.45,11.37,0.25,0.00,0.00,0,0,0,0
34246,OFF,0,0,0.00,35.00,28.00,-3.12,100,100,0.00,0,0.00,27.45,11.37,0.25,0.00,0.00,0,0,0,0
34351,OFF,0,0,0.00,35.00,29.00,-3.12,100,100,0.00,0,0.00,27.45,11.37,0.25,0.00,0.00,0,0,0,0
34456,OFF,0,0,0.00,35.00,29.00,-3.12,100,100,0.00,0,0.00,27.45,11.37,0.25,0.00,0.00,0,0,0,0
34561,OFF,0,0,0.00,35.00,29.00,-3.12,100,100,0.00,0,0.00,27.45,11.37,0.25,0.00,0.00,0,0,0,0
34669,OFF,0,0,0.00,35.00,29.00,-3.12,100,100,0.00,0,0.00,27.45,11.37,0.25,0.00,0.00,0,0,0,0
34774,OFF,0,0,0.00,35.00,29.00,-3.12,100,100,0.00,0,0.00,27.45,11.37,0.25,0.00,0.00,0,0,0,0
34879,OFF,0,0,0.00,35.00,29.00,-3.12,100,100,0.00,0,0.00,27.45,11.37,0.25,0.00,0.00,0,0,0,0
34984,OFF,0,0,0.00,35.00,29.00,-3.12,100,100,0.00,0,0.00,27.45,11.37,0.25,0.00,0.00,0,0,0,0
35089,OFF,0,0,0.00,35.00,29.00,-3.12,100,100,0.00,0,0.00,27.45,11.37,0.25,0.00,0.00,0,0,0,0
35194,OFF,0,0,0.00,35.00,29.00,-3.12,100,100,0.00,0,0.00,27.45,11.37,0.25,0.00,0.00,0,0,0,0
35302,OFF,0,0,0.00,35.00,29.00,-3.12,100,100,0.00,0,0.00,27.45,11.37,0.25,0.00,0.00,0,0,0,0
35407,OFF,0,0,0.00,35.00,29.00,-3.12,100,100,0.00,0,0.00,27.45,11.37,0.25,0.00,0.00,0,0,0,0
35512,OFF,0,0,0.00,35.00,29.00,-3.12,100,100,0.00,0,0.00,27.45,11.37,0.25,0.00,0.00,0,0,0,0
35617,OFF,0,0,0.00,35.00,29.00,-3.12,100,100,0.00,0,0.00,27.45,11.37,0.25,0.00,0.00,0,0,0,0
35722,OFF,0,0,0.00,35.00,29.00,-3.12,100,100,0.00,0,0.00,27.45,11.37,0.25,0.00,0.00,0,0,0,0
35827,OFF,0,0,0.00,35.00,29.00,-3.12,100,100,0.00,0,0.00,27.45,11.37,0.25,0.00,0.00,0,0,0,0
35935,OFF,0,0,0.00,35.00,29.00,-3.12,100,100,0.00,0,0.00,27.45,11.37,0.25,0.00,0.00,0,0,0,0
36040,OFF,0,0,0.00,35.00,29.00,-3.12,100,100,0.00,0,0.00,27.45,11.37,0.25,0.00,0.00,0,0,0,0
36145,OFF,0,0,0.00,35.00,29.00,-3.12,100,100,0.00,0,0.00,27.45,11.37,0.25,0.00,0.00,0,0,0,0
36250,OFF,0,0,0.00,35.00,29.00,-3.12,100,100,0.00,0,0.00,27.45,11.37,0.25,0.00,0.00,0,0,0,0
36355,OFF,0,0,0.00,35.00,29.00,-3.12,100,100,0.00,0,0.00,27.45,11.37,0.25,0.00,0.00,0,0,0,0
36460,OFF,0,0,0.00,35.00,29.00,-3.12,100,100,0.00,0,0.00,27.45,11.37,0.25,0.00,0.00,0,0,0,0
36568,OFF,0,0,0.00,35.00,29.00,-3.12,100,100,0.00,0,0.00,27.45,11.37,0.25,0.00,0.00,0,0,0,0
36673,OFF,0,0,0.00,35.00,29.00,-3.12,100,100,0.00,0,0.00,27.45,11.37,0.25,0.00,0.00,0,0,0,0
36778,OFF,0,0,0.00,35.00,29.00,-3.12,100,100,0.00,0,0.00,27.45,11.37,0.25,0.00,0.00,0,0,0,0
36883,OFF,0,0,0.00,35.00,29.00,-3.12,100,100,0.00,0,0.00,27.45,11.37,0.25,0.00,0.00,0,0,0,0
36988,OFF,0,0,0.00,35.00,29.00,-3.12,100,100,0.00,0,0.00,27.45,11.37,0.25,0.00,0.00,0,0,0,0
37092,OFF,0,0,0.00,35.00,29.00,-3.12,100,100,0.00,0,0.00,27.45,11.37,0.25,0.00,0.00,0,0,0,0
37200,OFF,0,0,0.00,35.00,29.00,-3.12,100,100,0.00,0,0.00,27.45,11.37,0.25,0.00,0.00,0,0,0,0
37305,OFF,0,0,0.00,35.00,29.00,-3.12,100,100,0.00,0,0.00,27.45,11.37,0.25,0.00,0.00,0,0,0,0
37409,OFF,0,0,0.00,35.00,29.00,-3.12,100,100,0.00,0,0.00,27.45,11.37,0.25,0.00,0.00,0,0,0,0
37514,OFF,0,0,0.00,35.00,29.00,-3.12,100,100,0.00,0,0.00,27.45,11.37,0.25,0.00,0.00,0,0,0,0
37620,OFF,0,0,0.00,35.00,29.00,-3.12,100,100,0.00,0,0.00,27.45,11.37,0.25,0.00,0.00,0,0,0,0
37728,OFF,0,0,0.00,35.00,29.00,-3.12,100,100,0.00,0,0.00,27.45,11.37,0.25,0.00,0.00,0,0,0,0
37833,OFF,0,0,0.00,35.00,29.00,-3.12,100,101,0.00,0,0.00,27.45,11.37,0.25,0.00,0.00,0,0,0,0
37937,OFF,0,0,0.00,35.00,29.00,-3.12,100,101,0.00,0,0.00,27.45,11.37,0.25,0.00,0.00,0,0,0,0
38042,OFF,0,0,0.00,35.00,29.00,-3.12,100,101,0.00,0,0.00,27.45,11.37,0.25,0.00,12.11,77,0,0,0
38146,OFF,0,0,0.00,35.00,29.00,-3.12,100,101,0.00,0,0.00,27.45,11.37,0.25,0.00,12.19,155,0,0,0
38250,OFF,0,0,0.00,35.00,29.00,-3.12,100,101,0.00,0,0.00,27.45,11.37,0.25,0.00,12.19,155,0,0,0
38358,OFF,0,0,0.00,35.00,29.00,-3.12,100,101,0.00,0,0.00,27.45,11.37,0.25,0.00,12.19,155,0,0,0
38463,OFF,0,0,0.00,35.00,29.00,-3.12,100,101,0.00,0,0.00,27.45,11.37,0.25,0.00,12.19,155,0,0,0
38568,OFF,0,0,0.00,35.00,29.00,-3.12,100,100,0.00,0,0.00,27.45,11.37,0.25,0.00,12.19,155,0,0,0
38673,OFF,0,0,0.00,35.00,29.00,-3.12,100,100,0.00,0,0.00,27.45,11.37,0.25,0.00,12.19,155,0,0,0
38778,OFF,0,0,0.00,35.00,29.00,-3.12,100,100,0.00,0,0.00,27.45,11.37,0.25,0.00,12.19,155,0,0,0
38883,OFF,0,0,0.00,35.00,28.00,-3.12,100,100,0.00,0,0.00,27.45,11.37,0.25,0.00,12.19,155,0,0,0
38991,OFF,0,0,0.00,35.00,29.00,-3.12,100,100,0.00,0,0.00,27.45,11.37,0.25,0.00,12.19,155,0,0,0
39096,OFF,0,0,0.00,35.00,28.00,-3.12,100,100,0.00,0,0.00,27.45,11.37,0.25,0.00,12.19,155,0,0,0
39201,OFF,0,0,0.00,35.00,29.00,-3.12,100,100,0.00,0,0.00,27.45,11.37,0.25,0.00,12.19,155,0,0,0
39306,OFF,0,0,0.00,35.00,29.00,-3.12,100,100,0.00,0,0.00,27.45,11.37,0.25,0.00,12.19,155,0,0,0
39411,OFF,0,0,0.00,35.00,29.00,-3.12,100,100,0.00,0,0.00,27.45,11.37,0.25,0.00,12.19,155,0,0,0
39516,OFF,0,0,0.00,35.00,29.00,-3.12,100,100,0.00,0,0.00,27.45,11.37,0.25,0.00,12.19,155,0,0,0
39624,OFF,0,0,0.00,35.00,29.00,-3.12,100,100,0.00,0,0.00,27.45,11.37,0.25,0.00,12.19,155,0,0,0
39729,OFF,0,0,0.00,35.00,29.00,-3.12,100,100,0.00,0,0.00,27.45,11.37,0.25,0.00,12.19,155,0,0,0
39834,OFF,0,0,0.00,35.00,28.00,-3.12,100,100,0.00,0,0.00,27.45,11.37,0.25,0.00,12.19,155,0,0,0
39939,OFF,0,0,0.00,35.00,29.00,-3.12,100,100,0.00,0,0.00,27.45,11.37,0.25,0.00,12.19,155,0,0,0
40044,OFF,0,0,0.00,35.00,29.00,-3.12,100,100,0.00,0,0.00,27.45,11.37,0.25,0.00,12.19,155,0,0,0
40149,OFF,0,0,0.00,35.00,29.00,-3.12,100,100,0.00,0,0.00,27.45,11.37,0.25,0.00,12.19,155,0,0,0
40257,OFF,0,0,0.00,35.00,29.00,-3.12,100,100,0.00,0,0.00,27.45,11.37,0.25,0.00,12.19,155,0,0,0
40362,OFF,0,0,0.00,35.00,29.00,-3.12,100,100,0.00,0,0.00,27.45,11.37,0.25,0.00,12.19,155,0,0,0
40467,OFF,0,0,0.00,35.00,29.00,-3.12,100,100,0.00,0,0.00,27.45,11.37,0.25,0.00,12.19,155,0,0,0
40572,OFF,0,0,0.00,35.00,29.00,-3.12,100,100,0.00,0,0.00,27.45,11.37,0.25,0.00,12.19,155,0,0,0
40677,OFF,0,0,0.00,35.00,29.00,-3.12,100,100,0.00,0,0.00,27.45,11.37,0.25,0.00,12.19,155,0,0,0
40782,OFF,0,0,0.00,35.00,28.00,-3.12,100,100,0.00,0,0.00,27.45,11.37,0.25,0.00,12.19,155,0,0,0
40890,OFF,0,0,0.00,35.00,29.00,-3.12,100,100,0.00,0,0.00,27.45,11.37,0.25,0.00,12.19,155,0,0,0
40995,OFF,0,0,0.00,35.00,29.00,-3.12,100,100,0.00,0,0.00,27.45,11.37,0.25,0.00,0.39,134,0,0,0
41100,OFF,0,0,0.00,35.00,29.00,-3.12,100,100,0.00,0,0.00,27.45,11.37,0.25,0.00,0.00,0,0,0,0
41205,OFF,0,0,0.00,35.00,29.00,-3.12,100,100,0.00,0,0.00,27.45,11.37,0.25,0.00,0.00,0,0,0,0
41310,OFF,0,0,0.00,35.00,29.00,-3.12,100,100,0.00,0,0.00,27.45,11.37,0.25,0.00,0.00,0,0,0,0
41415,OFF,0,0,0.00,35.00,29.00,-3.12,100,100,0.00,0,0.00,27.45,11.37,0.25,0.00,0.00,0,0,0,0
41523,OFF,0,0,0.00,35.00,29.00,-3.12,100,100,0.00,0,0.00,27.45,11.37,0.25,0.00,0.00,0,0,0,0
41628,OFF,0,0,0.00,35.00,29.00,-3.12,100,100,0.00,0,0.00,27.45,11.37,0.25,0.00,0.00,0,0,0,0
41733,OFF,0,0,0.00,35.00,29.00,-3.12,100,100,0.00,0,0.00,27.45,11.37,0.25,0.00,0.00,0,0,0,0
41838,OFF,0,0,0.00,35.00,29.00,-3.12,100,100,0.00,0,0.00,27.45,11.37,0.25,0.00,0.00,0,0,0,0
41943,OFF,0,0,0.00,35.00,29.00,-3.12,100,100,0.00,0,0.00,27.45,11.37,0.25,0.00,0.00,0,0,0,0
42048,OFF,0,0,0.00,35.00,28.00,-3.12,100,100,0.00,0,0.00,27.45,11.37,0.25,0.00,0.00,0,0,0,0
42156,OFF,0,0,0.00,35.00,29.00,-3.12,100,100,0.00,0,0.00,27.45,11.37,0.25,0.00,0.00,0,0,0,0
42261,OFF,0,0,0.00,35.00,29.00,-3.12,100,100,0.00,0,0.00,27.45,11.37,0.25,0.00,0.00,0,0,0,0
42366,OFF,0,0,0.00,35.00,28.00,-3.12,100,100,0.00,0,0.00,27.45,11.37,0.25,0.00,0.00,0,0,0,0
42471,OFF,0,0,0.00,35.00,29.00,-3.12,100,100,0.00,0,0.00,27.45,11.37,0.25,0.00,0.00,0,0,0,0
42576,OFF,0,0,0.00,35.00,29.00,-3.12,100,100,0.00,0,0.00,27.45,11.37,0.25,0.00,0.00,0,0,0,0
42681,OFF,0,0,0.00,35.00,28.00,-3.12,100,100,0.00,0,0.00,27.45,11.37,0.25,0.00,0.00,0,0,0,0
42798,OFF,0,0,0.00,35.00,28.00,-3.12,100,100,0.00,0,0.00,27.45,11.37,0.25,0.00,0.00,0,0,0,0
42912,OFF,0,0,0.00,35.00,29.00,-3.12,100,100,0.00,0,0.00,27.45,11.37,0.25,0.00,0.00,0,0,0,0
43017,OFF,0,0,0.00,35.00,29.00,-3.12,100,100,0.00,0,0.00,27.45,11.37,0.25,0.00,0.00,0,0,0,0
43122,OFF,0,0,0.00,35.00,29.00,-3.12,100,100,0.00,0,0.00,27.45,11.37,0.25,0.00,0.00,0,0,0,0
43227,OFF,0,0,0.00,35.00,29.00,-3.12,100,100,0.00,0,0.00,27.45,11.37,0.25,0.00,0.00,0,0,0,0
43332,OFF,0,0,0.00,35.00,28.00,-3.12,100,100,0.00,0,0.00,27.45,11.37,0.25,0.00,0.00,0,0,0,0
43440,OFF,0,0,0.00,35.00,29.00,-3.12,100,100,0.00,0,0.00,27.45,11.37,0.25,0.00,0.00,0,0,0,0
43545,OFF,0,0,0.00,35.00,29.00,-3.12,100,100,0.00,0,0.00,27.45,11.37,0.25,0.00,0.00,0,0,0,0
43650,OFF,0,0,0.00,35.00,28.00,-3.12,100,100,0.00,0,0.00,27.45,11.37,0.25,0.00,0.00,0,0,0,0
43755,OFF,0,0,0.00,35.00,29.00,-3.12,100,100,0.00,0,0.00,27.45,11.37,0.25,0.00,0.00,0,0,0,0
43860,OFF,0,0,0.00,35.00,29.00,-3.12,100,100,0.00,0,0.00,27.45,11.37,0.25,0.00,0.00,0,0,0,0
43965,OFF,0,0,0.00,35.00,29.00,-3.12,100,100,0.00,0,0.00,27.45,11.37,0.25,0.00,0.00,0,0,0,0
44073,OFF,0,0,0.00,35.00,29.00,-3.12,100,100,0.00,0,0.00,27.45,11.37,0.25,0.00,0.00,0,0,0,0
44178,OFF,0,0,0.00,35.00,29.00,-3.12,100,100,0.00,0,0.00,27.45,11.37,0.25,0.00,0.00,0,0,0,0
44283,OFF,0,0,0.00,35.00,29.00,-3.12,100,100,0.00,0,0.00,27.45,11.37,0.25,0.00,0.00,0,0,0,0
44388,OFF,0,0,0.00,35.00,29.00,-3.12,100,100,0.00,0,0.00,27.45,11.37,0.25,0.00,0.00,0,0,0,0
44493,OFF,0,0,0.00,35.00,29.00,-3.12,100,100,0.00,0,0.00,27.45,11.37,0.25,0.00,0.00,0,0,0,0
44598,OFF,0,0,0.00,35.00,29.00,-3.12,100,100,0.00,0,0.00,27.45,11.37,0.25,0.00,0.00,0,0,0,0
44706,OFF,0,0,0.00,35.00,29.00,-3.12,100,100,0.00,0,0.00,27.45,11.37,0.25,0.00,0.00,0,0,0,0
44811,OFF,0,0,0.00,35.00,29.00,-3.12,100,100,0.00,0,0.00,27.45,11.37,0.25,0.00,0.00,0,0,0,0
44916,OFF,0,0,0.00,35.00,28.00,-3.12,100,100,0.00,0,0.00,27.45,11.37,0.25,0.00,0.00,0,0,0,0
45021,OFF,0,0,0.00,35.00,29.00,-3.12,100,100,0.00,0,0.00,27.45,11.37,0.25,0.00,0.00,0,0,0,0
45126,OFF,0,0,0.00,35.00,29.00,-3.12,100,100,0.00,0,0.00,27.45,11.37,0.25,0.00,0.00,0,0,0,0
45231,OFF,0,0,0.00,35.00,29.00,-3.12,100,100,0.00,0,0.00,27.45,11.37,0.25,0.00,0.00,0,0,0,0
45339,OFF,0,0,0.00,35.00,29.00,-3.12,100,100,0.00,0,0.00,27.45,11.37,0.25,0.00,0.00,0,0,0,0
45444,OFF,0,0,0.00,35.00,29.00,-3.12,100,100,0.00,0,0.00,27.45,11.37,0.25,0.00,0.00,0,0,0,0
45549,OFF,0,0,0.00,35.00,28.00,-3.12,100,100,0.00,0,0.00,27.45,11.37,0.25,0.00,0.00,0,0,0,0
45654,OFF,0,0,0.00,35.00,29.00,-3.12,100,100,0.00,0,0.00,27.45,11.37,0.25,0.00,0.00,0,0,0,0
45759,OFF,0,0,0.00,35.00,29.00,-3.12,100,100,0.00,0,0.00,27.45,11.37,0.25,0.00,0.00,0,0,0,0
45864,OFF,0,0,0.00,35.00,28.00,-3.12,100,100,0.00,0,0.00,27.45,11.37,0.25,0.00,0.00,0,0,0,0
45972,OFF,0,0,0.00,35.00,29.00,-3.12,100,100,0.00,0,0.00,27.45,11.37,0.25,0.00,0.00,0,0,0,0
46077,OFF,0,0,0.00,35.00,29.00,-3.12,100,100,0.00,0,0.00,27.45,11.37,0.25,0.00,0.00,0,0,0,0
46182,OFF,0,0,0.00,35.00,29.00,-3.12,100,100,0.00,0,0.00,27.45,11.37,0.25,0.00,0.00,0,0,0,0
46286,OFF,0,0,0.00,35.00,29.00,-3.12,100,100,0.00,0,0.00,27.45,11.37,0.25,0.00,0.00,0,0,0,0
46390,OFF,0,0,0.00,35.00,29.00,-3.12,100,100,0.00,0,0.00,27.45,11.37,0.25,0.00,0.00,0,0,0,0
46494,OFF,0,0,0.00,35.00,28.00,-3.12,100,100,0.00,0,0.00,27.45,11.37,0.25,0.00,0.00,0,0,0,0
46602,OFF,0,0,0.00,35.00,29.00,-3.12,100,100,0.00,0,0.00,27.45,11.37,0.25,0.00,0.00,0,0,0,0
46706,OFF,0,0,0.00,35.00,29.00,-3.12,100,100,0.00,0,0.00,27.45,11.37,0.25,0.00,0.00,0,0,0,0
46810,OFF,0,0,0.00,35.00,28.00,-3.12,100,100,0.00,0,0.00,27.45,11.37,0.25,0.00,0.00,0,0,0,0
46914,OFF,0,0,0.00,35.00,29.00,-3.12,100,100,0.00,0,0.00,27.45,11.37,0.25,0.00,0.00,0,0,0,0
47018,OFF,0,0,0.00,35.00,29.00,-3.12,100,100,0.00,0,0.00,27.45,11.37,0.25,0.00,0.00,0,0,0,0
47122,OFF,0,0,0.00,35.00,29.00,-3.12,100,100,0.00,0,0.00,27.45,11.37,0.25,0.00,0.00,0,0,0,0
47230,OFF,0,0,0.00,35.00,29.00,-3.12,100,100,0.00,0,0.00,27.45,11.37,0.25,0.00,0.00,0,0,0,0
47334,OFF,0,0,0.00,35.00,29.00,-3.12,100,100,0.00,0,0.00,27.45,11.37,0.25,0.00,0.00,0,0,0,0
47438,OFF,0,0,0.00,35.00,29.00,-3.12,100,100,0.00,0,0.00,27.45,11.37,0.25,0.00,0.00,0,0,0,0
47543,OFF,0,0,0.00,35.00,29.00,-3.12,100,100,0.00,0,0.00,27.45,11.37,0.25,0.00,0.00,0,0,0,0
47648,OFF,0,0,0.00,35.00,29.00,-3.12,100,100,0.00,0,0.00,27.45,11.37,0.25,0.00,0.00,0,0,0,0
47753,OFF,0,0,0.00,35.00,29.00,-3.12,100,100,0.00,0,0.00,27.45,11.37,0.25,0.00,0.00,0,0,0,0
47861,OFF,0,0,0.00,35.00,29.00,-3.12,100,100,0.00,0,0.00,27.45,11.37,0.25,0.00,0.00,0,0,0,0
47966,OFF,0,0,0.00,35.00,29.00,-3.12,100,100,0.00,0,0.00,27.45,11.37,0.25,0.00,0.00,0,0,0,0
48071,OFF,0,0,0.00,35.00,29.00,-3.12,100,100,0.00,0,0.00,27.45,11.37,0.25,0.00,0.00,0,0,0,0
48176,OFF,0,0,0.00,35.00,29.00,-3.12,100,100,0.00,0,0.00,27.45,11.37,0.25,0.00,0.00,0,0,0,0
48281,OFF,0,0,0.00,35.00,29.00,-3.12,100,100,0.00,0,0.00,27.45,11.37,0.25,0.00,0.00,0,0,0,0
48386,OFF,0,0,0.00,35.00,29.00,-3.12,100,100,0.00,0,0.00,27.45,11.37,0.25,0.00,0.00,0,0,0,0
48494,OFF,0,0,0.00,35.00,29.00,-3.12,100,100,0.00,0,0.00,27.45,11.37,0.25,0.00,0.00,0,0,0,0
48599,OFF,0,0,0.00,35.00,29.00,-3.12,100,100,0.00,0,0.00,27.45,11.37,0.25,0.00,0.00,0,0,0,0
48704,OFF,0,0,0.00,35.00,28.00,-3.12,100,100,0.00,0,0.00,27.45,11.37,0.25,0.00,0.00,0,0,0,0
48809,OFF,0,0,0.00,35.00,29.00,-3.12,100,100,0.00,0,0.00,27.45,11.37,0.25,0.00,0.00,0,0,0,0
48914,OFF,0,0,0.00,35.00,29.00,-3.12,100,100,0.00,0,0.00,27.45,11.37,0.25,0.00,0.00,0,0,0,0
49019,OFF,0,0,0.00,35.00,28.00,-3.12,100,100,0.00,0,0.00,27.45,11.37,0.25,0.00,0.00,0,0,0,0
49127,OFF,0,0,0.00,35.00,29.00,-3.12,100,100,0.00,0,0.00,27.45,11.37,0.25,0.00,0.00,0,0,0,0
49232,OFF,0,0,0.00,35.00,29.00,-3.12,100,100,0.00,0,0.00,27.45,11.37,0.25,0.00,0.00,0,0,0,0
49337,OFF,0,0,0.00,35.00,29.00,-3.12,100,100,0.00,0,0.00,27.45,11.37,0.25,0.00,0.00,0,0,0,0
49442,OFF,0,0,0.00,35.00,29.00,-3.12,100,100,0.00,0,0.00,27.45,11.37,0.25,0.00,0.00,0,0,0,0
49547,OFF,0,0,0.00,35.00,29.00,-3.12,100,100,0.00,0,0.00,27.45,11.37,0.25,0.00,0.00,0,0,0,0
49652,OFF,0,0,0.00,35.00,29.00,-3.12,100,100,0.00,0,0.00,27.45,11.37,0.25,0.00,0.00,0,0,0,0
49760,OFF,0,0,0.00,35.00,29.00,-3.12,100,100,0.00,0,0.00,27.45,11.37,0.25,0.00,0.00,0,0,0,0
49865,OFF,0,0,0.00,35.00,29.00,-3.12,100,100,0.00,0,0.00,27.45,11.37,0.25,0.00,0.00,0,0,0,0
49970,OFF,0,0,0.00,35.00,29.00,-3.12,100,100,0.00,0,0.00,27.45,11.37,0.25,0.00,0.00,0,0,0,0
50075,OFF,0,0,0.00,35.00,29.00,-3.12,100,100,0.00,0,0.00,27.45,11.37,0.25,0.00,0.00,0,0,0,0
50180,OFF,0,0,0.00,35.00,29.00,-3.12,100,100,0.00,0,0.00,27.45,11.37,0.25,0.00,0.00,0,0,0,0
50285,OFF,0,0,0.00,35.00,29.00,-3.12,100,100,0.00,0,0.00,27.45,11.37,0.25,0.00,0.00,0,0,0,0
50393,OFF,0,0,0.00,35.00,29.00,-3.12,100,100,0.00,0,0.00,27.45,11.37,0.25,0.00,0.00,0,0,0,0
50498,OFF,0,0,0.00,35.00,29.00,-3.12,100,100,0.00,0,0.00,27.45,11.37,0.25,0.00,0.00,0,0,0,0
50603,OFF,0,0,0.00,35.00,29.00,-3.12,100,100,0.00,0,0.00,27.45,11.37,0.25,0.00,0.00,0,0,0,0
50708,OFF,0,0,0.00,35.00,29.00,-3.12,100,100,0.00,0,0.00,27.45,11.37,0.25,0.00,0.00,0,0,0,0
50813,OFF,0,0,0.00,35.00,29.00,-3.12,100,100,0.00,0,0.00,27.45,11.37,0.25,0.00,0.00,0,0,0,0
50918,OFF,0,0,0.00,35.00,29.00,-3.12,100,100,0.00,0,0.00,27.45,11.37,0.25,0.00,0.00,0,0,0,0
51026,OFF,0,0,0.00,35.00,29.00,-3.12,100,100,0.00,0,0.00,27.45,11.37,0.25,0.00,0.00,0,0,0,0
51131,OFF,0,0,0.00,35.00,29.00,-3.12,100,100,0.00,0,0.00,27.45,11.37,0.25,0.00,0.00,0,0,0,0
51236,OFF,0,0,0.00,35.00,29.00,-3.12,100,100,0.00,0,0.00,27.45,11.37,0.25,0.00,0.00,0,0,0,0
51341,OFF,0,0,0.00,35.00,29.00,-3.12,100,100,0.00,0,0.00,27.45,11.37,0.25,0.00,0.00,0,0,0,0
51446,OFF,0,0,0.00,35.00,29.00,-3.12,100,100,0.00,0,0.00,27.45,11.37,0.25,0.00,0.00,0,0,0,0
51551,OFF,0,0,0.00,35.00,29.00,-3.12,100,100,0.00,0,0.00,27.45,11.37,0.25,0.00,0.00,0,0,0,0
51659,OFF,0,0,0.00,35.00,29.00,-3.12,100,100,0.00,0,0.00,27.45,11.37,0.25,0.00,0.00,0,0,0,0
51764,OFF,0,0,0.00,35.00,29.00,-3.12,100,100,0.00,0,0.00,27.45,11.37,0.25,0.00,0.00,0,0,0,0
51869,OFF,0,0,0.00,35.00,29.00,-3.12,100,100,0.00,0,0.00,27.45,11.37,0.25,0.00,0.00,0,0,0,0
51974,OFF,0,0,0.00,35.00,29.00,-3.12,100,100,0.00,0,0.00,27.45,11.37,0.25,0.00,0.00,0,0,0,0
52079,OFF,0,0,0.00,35.00,29.00,-3.12,100,100,0.00,0,0.00,27.45,11.37,0.25,0.00,0.00,0,0,0,0
52184,OFF,0,0,0.00,35.00,29.00,-3.12,100,100,0.00,0,0.00,27.45,11.37,0.25,0.00,0.00,0,0,0,0
52292,OFF,0,0,0.00,35.00,29.00,-3.12,100,100,0.00,0,0.00,27.45,11.37,0.25,0.00,0.00,0,0,0,0
52397,OFF,0,0,0.00,35.00,29.00,-3.12,100,100,0.00,0,0.00,27.45,11.37,0.25,0.00,0.00,0,0,0,0
52502,OFF,0,0,0.00,35.00,29.00,-3.12,100,100,0.00,0,0.00,27.45,11.37,0.25,0.00,0.00,0,0,0,0
52607,OFF,0,0,0.00,35.00,29.00,-3.12,100,100,0.00,0,0.00,27.45,11.37,0.25,0.00,0.00,0,0,0,0
52712,OFF,0,0,0.00,35.00,29.00,-3.12,100,100,0.00,0,0.00,27.45,11.37,0.25,0.00,0.00,0,0,0,0
52817,OFF,0,0,0.00,35.00,29.00,-3.12,100,100,0.00,0,0.00,27.45,11.37,0.25,0.00,0.00,0,0,0,0
52925,OFF,0,0,0.00,35.00,29.00,-3.12,100,100,0.00,0,0.00,27.45,11.37,0.25,0.00,0.00,0,0,0,0
53030,OFF,0,0,0.00,35.00,29.00,-3.12,100,100,0.00,0,0.00,27.45,11.37,0.25,0.00,0.00,0,0,0,0
53135,OFF,0,0,0.00,35.00,29.00,-3.12,100,100,0.00,0,0.00,27.45,11.37,0.25,0.00,0.00,0,0,0,0
53240,OFF,0,0,0.00,35.00,29.00,-3.12,100,100,0.00,0,0.00,27.45,11.37,0.25,0.00,0.00,0,0,0,0
53345,OFF,0,0,0.00,35.00,29.00,-3.12,100,100,0.00,0,0.00,27.45,11.37,0.25,0.00,0.00,0,0,0,0
53450,OFF,0,0,0.00,35.00,29.00,-3.12,100,100,0.00,0,0.00,27.45,11.37,0.25,0.00,0.00,0,0,0,0
53558,OFF,0,0,0.00,35.00,29.00,-3.12,100,100,0.00,0,0.00,27.45,11.37,0.25,0.00,0.00,0,0,0,0
53663,OFF,0,0,0.00,35.00,29.00,-3.12,100,100,0.00,0,0.00,27.45,11.37,0.25,0.00,0.00,0,0,0,0
53768,OFF,0,0,0.00,35.00,29.00,-3.12,100,100,0.00,0,0.00,27.45,11.37,0.25,0.00,0.00,0,0,0,0
53873,OFF,0,0,0.00,35.00,29.00,-3.12,100,100,0.00,0,0.00,27.45,11.37,0.25,0.00,0.00,0,0,0,0
53978,OFF,0,0,0.00,35.00,29.00,-3.12,100,100,0.00,0,0.00,27.45,11.37,0.25,0.00,0.00,0,0,0,0
54083,OFF,0,0,0.00,35.00,29.00,-3.12,100,100,0.00,0,0.00,27.45,11.37,0.25,0.00,0.00,0,0,0,0
54191,OFF,0,0,0.00,35.00,29.00,-3.12,100,100,0.00,0,0.00,27.45,11.37,0.25,0.00,0.00,0,0,0,0
54296,OFF,0,0,0.00,35.00,29.00,-3.12,100,100,0.00,0,0.00,27.45,11.37,0.25,0.00,0.00,0,0,0,0
54401,OFF,0,0,0.00,35.00,28.00,-3.12,100,100,0.00,0,0.00,27.45,11.37,0.25,0.00,0.00,0,0,0,0
54506,OFF,0,0,0.00,35.00,29.00,-3.12,100,100,0.00,0,0.00,27.45,11.37,0.25,0.00,0.00,0,0,0,0
54611,OFF,0,0,0.00,35.00,29.00,-3.12,100,100,0.00,0,0.00,27.45,11.37,0.25,0.00,0.00,0,0,0,0
54716,OFF,0,0,0.00,35.00,29.00,-3.12,100,100,0.00,0,0.00,27.45,11.37,0.25,0.00,0.00,0,0,0,0
54824,OFF,0,0,0.00,35.00,29.00,-3.12,100,100,0.00,0,0.00,27.45,11.37,0.25,0.00,0.00,0,0,0,0
54929,OFF,0,0,0.00,35.00,29.00,-3.12,100,100,0.00,0,0.00,27.45,11.37,0.25,0.00,0.00,0,0,0,0
55034,OFF,0,0,0.00,35.00,29.00,-3.12,100,100,0.00,0,0.00,27.45,11.37,0.25,0.00,0.00,0,0,0,0
55139,OFF,0,0,0.00,35.00,29.00,-3.12,100,100,0.00,0,0.00,27.45,11.37,0.25,0.00,0.00,0,0,0,0
55244,OFF,0,0,0.00,35.00,29.00,-3.12,100,100,0.00,0,0.00,27.45,11.37,0.25,0.00,0.00,0,0,0,0
55349,OFF,0,0,0.00,35.00,29.00,-3.12,100,100,0.00,0,0.00,27.45,11.37,0.25,0.00,0.00,0,0,0,0
55457,OFF,0,0,0.00,35.00,29.00,-3.12,100,100,0.00,0,0.00,27.45,11.37,0.25,0.00,0.00,0,0,0,0
55562,OFF,0,0,0.00,35.00,29.00,-3.12,100,100,0.00,0,0.00,27.45,11.37,0.25,0.00,0.00,0,0,0,0
55666,OFF,0,0,0.00,35.00,29.00,-3.12,100,100,0.00,0,0.00,27.45,11.37,0.25,0.00,0.00,0,0,0,0
55770,OFF,0,0,0.00,35.00,29.00,-3.12,100,100,0.00,0,0.00,27.45,11.37,0.25,0.00,0.00,0,0,0,0
55874,OFF,0,0,0.00,35.00,29.00,-3.12,100,100,0.00,0,0.00,27.45,11.37,0.25,0.00,0.00,0,0,0,0
55978,OFF,0,0,0.00,35.00,29.00,-3.12,100,100,0.00,0,0.00,27.45,11.37,0.25,0.00,0.00,0,0,0,0
56086,OFF,0,0,0.00,35.00,29.00,-3.12,100,100,0.00,0,0.00,27.45,11.37,0.25,0.00,0.00,0,0,0,0
56190,OFF,0,0,0.00,35.00,29.00,-3.12,100,100,0.00,0,0.00,27.45,11.37,0.25,0.00,0.00,0,0,0,0
56294,OFF,0,0,0.00,35.00,28.00,-3.12,100,100,0.00,0,0.00,27.45,11.37,0.25,0.00,0.00,0,0,0,0
56398,OFF,0,0,0.00,35.00,29.00,-3.12,100,100,0.00,0,0.00,27.45,11.37,0.25,0.00,0.00,0,0,0,0
56502,OFF,0,0,0.00,35.00,29.00,-3.12,100,100,0.00,0,0.00,27.45,11.37,0.25,0.00,0.00,0,0,0,0
56606,OFF,0,0,0.00,35.00,29.00,-3.12,100,100,0.00,0,0.00,27.45,11.37,0.25,0.00,0.00,0,0,0,0
56713,OFF,0,0,0.00,35.00,29.00,-3.12,100,100,0.00,0,0.00,27.45,11.37,0.25,0.00,0.00,0,0,0,0
56818,OFF,0,0,0.00,35.00,29.00,-3.12,100,100,0.00,0,0.00,27.45,11.37,0.25,0.00,0.00,0,0,0,0
56923,OFF,0,0,0.00,35.00,29.00,-3.12,100,100,0.00,0,0.00,27.45,11.37,0.25,0.00,0.00,0,0,0,0
57028,OFF,0,0,0.00,35.00,29.00,-3.12,100,100,0.00,0,0.00,27.45,11.37,0.25,0.00,0.00,0,0,0,0
57133,OFF,0,0,0.00,35.00,29.00,-3.12,100,100,0.00,0,0.00,27.45,11.37,0.25,0.00,0.00,0,0,0,0
57238,OFF,0,0,0.00,35.00,29.00,-3.12,100,100,0.00,0,0.00,27.45,11.37,0.25,0.00,0.00,0,0,0,0
57346,OFF,0,0,0.00,35.00,28.00,-3.12,100,100,0.00,0,0.00,27.45,11.37,0.25,0.00,0.00,0,0,0,0
57451,OFF,0,0,0.00,35.00,29.00,-3.12,100,100,0.00,0,0.00,27.45,11.37,0.25,0.00,0.00,0,0,0,0
57556,OFF,0,0,0.00,35.00,29.00,-3.12,100,100,0.00,0,0.00,27.45,11.37,0.25,0.00,0.00,0,0,0,0
57661,OFF,0,0,0.00,35.00,29.00,-3.12,100,100,0.00,0,0.00,27.45,11.37,0.25,0.00,0.00,0,0,0,0
57766,OFF,0,0,0.00,35.00,29.00,-3.12,100,100,0.00,0,0.00,27.45,11.37,0.25,0.00,0.00,0,0,0,0
57871,OFF,0,0,0.00,35.00,29.00,-3.12,100,100,0.00,0,0.00,27.45,11.37,0.25,0.00,0.00,0,0,0,0
57979,OFF,0,0,0.00,35.00,29.00,-3.12,100,100,0.00,0,0.00,27.45,11.37,0.25,0.00,0.00,0,0,0,0
58084,OFF,0,0,0.00,35.00,29.00,-3.12,100,100,0.00,0,0.00,27.45,11.37,0.25,0.00,0.00,0,0,0,0
58189,OFF,0,0,0.00,35.00,29.00,-3.12,100,100,0.00,0,0.00,27.45,11.37,0.25,0.00,0.00,0,0,0,0
58294,OFF,0,0,0.00,35.00,29.00,-3.12,100,100,0.00,0,0.00,27.45,11.37,0.25,0.00,0.00,0,0,0,0
58399,OFF,0,0,0.00,35.00,29.00,-3.12,100,100,0.00,0,0.00,27.45,11.37,0.25,0.00,0.00,0,0,0,0
58504,OFF,0,0,0.00,35.00,29.00,-3.12,100,100,0.00,0,0.00,27.45,11.37,0.25,0.00,0.00,0,0,0,0
58612,OFF,0,0,0.00,35.00,29.00,-3.12,100,100,0.00,0,0.00,27.45,11.37,0.25,0.00,0.00,0,0,0,0
58717,OFF,0,0,0.00,35.00,29.00,-3.12,100,100,0.00,0,0.00,27.45,11.37,0.25,0.00,0.00,0,0,0,0
58822,OFF,0,0,0.00,35.00,29.00,-3.12,100,100,0.00,0,0.00,27.45,11.37,0.25,0.00,0.00,0,0,0,0
58927,OFF,0,0,0.00,35.00,29.00,-3.12,100,100,0.00,0,0.00,27.45,11.37,0.25,0.00,0.00,0,0,0,0
59032,OFF,0,0,0.00,35.00,29.00,-3.12,100,100,0.00,0,0.00,27.45,11.37,0.25,0.00,0.00,0,0,0,0
59137,OFF,0,0,0.00,35.00,29.00,-3.12,100,100,0.00,0,0.00,27.45,11.37,0.25,0.00,0.00,0,0,0,0
59245,OFF,0,0,0.00,35.00,29.00,-3.12,100,100,0.00,0,0.00,27.45,11.37,0.25,0.00,0.00,0,0,0,0
59350,OFF,0,0,0.00,35.00,29.00,-3.12,100,100,0.00,0,0.00,27.45,11.37,0.25,0.00,0.00,0,0,0,0
59455,OFF,0,0,0.00,35.00,29.00,-3.12,100,100,0.00,0,0.00,27.45,11.37,0.25,0.00,0.00,0,0,0,0
59560,OFF,0,0,0.00,35.00,29.00,-3.12,100,100,0.00,0,0.00,27.45,11.37,0.25,0.00,0.00,0,0,0,0
59665,OFF,0,0,0.00,35.00,29.00,-3.12,100,100,0.00,0,0.00,27.45,11.37,0.25,0.00,0.00,0,0,0,0
59770,OFF,0,0,0.00,35.00,29.00,-3.12,100,100,0.00,0,0.00,27.45,11.37,0.25,0.00,0.00,0,0,0,0
59878,OFF,0,0,0.00,35.00,29.00,-3.12,100,100,0.00,0,0.00,27.45,11.37,0.25,0.00,0.00,0,0,0,0
59983,OFF,0,0,0.00,35.00,29.00,-3.12,100,100,0.00,0,0.00,27.45,11.37,0.25,0.00,0.00,0,0,0,0
60088,OFF,0,0,0.00,35.00,29.00,-3.12,100,100,0.00,0,0.00,27.45,11.37,0.25,0.00,0.00,0,0,0,0
60193,OFF,0,0,0.00,35.00,28.00,-3.12,100,100,0.00,0,0.00,27.45,11.37,0.25,0.00,0.00,0,0,0,0
60298,OFF,0,0,0.00,35.00,29.00,-3.12,100,100,0.00,0,0.00,27.45,11.37,0.25,0.00,0.00,0,0,0,0
60403,OFF,0,0,0.00,35.00,29.00,-3.12,100,100,0.00,0,0.00,27.45,11.37,0.25,0.00,0.00,0,0,0,0
60511,OFF,0,0,0.00,35.00,29.00,-3.12,100,100,0.00,0,0.00,27.45,11.37,0.25,0.00,0.00,0,0,0,0
60616,OFF,0,0,0.00,35.00,29.00,-3.12,100,100,0.00,0,0.00,27.45,11.37,0.25,0.00,0.00,0,0,0,0
60721,OFF,0,0,0.00,35.00,29.00,-3.12,100,100,0.00,0,0.00,27.45,11.37,0.25,0.00,0.00,0,0,0,0
60826,OFF,0,0,0.00,35.00,29.00,-3.12,100,100,0.00,0,0.00,27.45,11.37,0.25,0.00,0.00,0,0,0,0
60931,OFF,0,0,0.00,35.00,29.00,-3.12,100,100,0.00,0,0.00,27.45,11.37,0.25,0.00,0.00,0,0,0,0
61036,OFF,0,0,0.00,35.00,29.00,-3.12,100,100,0.00,0,0.00,27.45,11.37,0.25,0.00,0.00,0,0,0,0
61144,OFF,0,0,0.00,35.00,29.00,-3.12,100,100,0.00,0,0.00,27.45,11.37,0.25,0.00,0.00,0,0,0,0
61249,OFF,0,0,0.00,35.00,29.00,-3.12,100,100,0.00,0,0.00,27.45,11.37,0.25,0.00,0.00,0,0,0,0
61354,OFF,0,0,0.00,35.00,29.00,-3.12,100,100,0.00,0,0.00,27.45,11.37,0.25,0.00,0.00,0,0,0,0
61459,OFF,0,0,0.00,35.00,29.00,-3.12,100,100,0.00,0,0.00,27.45,11.37,0.25,0.00,0.00,0,0,0,0
61564,OFF,0,0,0.00,35.00,29.00,-3.12,100,100,0.00,0,0.00,27.45,11.37,0.25,0.00,0.00,0,0,0,0
61669,OFF,0,0,0.00,35.00,29.00,-3.12,100,100,0.00,0,0.00,27.45,11.37,0.25,0.00,0.00,0,0,0,0
61777,OFF,0,0,0.00,35.00,29.00,-3.12,100,100,0.00,0,0.00,27.45,11.37,0.25,0.00,0.00,0,0,0,0
61882,OFF,0,0,0.00,35.00,29.00,-3.12,100,100,0.00,0,0.00,27.45,11.37,0.25,0.00,0.00,0,0,0,0
61987,OFF,0,0,0.00,35.00,29.00,-3.12,100,100,0.00,0,0.00,27.45,11.37,0.25,0.00,0.00,0,0,0,0
62092,OFF,0,0,0.00,35.00,29.00,-3.12,100,100,0.00,0,0.00,27.45,11.37,0.25,0.00,0.00,0,0,0,0
62197,OFF,0,0,0.00,35.00,29.00,-3.12,100,100,0.00,0,0.00,27.45,11.37,0.25,0.00,0.00,0,0,0,0
62302,OFF,0,0,0.00,35.00,29.00,-3.12,100,100,0.00,0,0.00,27.45,11.37,0.25,0.00,0.00,0,0,0,0
62410,OFF,0,0,0.00,35.00,29.00,-3.12,100,100,0.00,0,0.00,27.45,11.37,0.25,0.00,0.00,0,0,0,0
62515,OFF,0,0,0.00,35.00,29.00,-3.12,100,100,0.00,0,0.00,27.45,11.37,0.25,0.00,0.00,0,0,0,0
62620,OFF,0,0,0.00,35.00,29.00,-3.12,100,100,0.00,0,0.00,27.45,11.37,0.25,0.00,0.00,0,0,0,0
62725,OFF,0,0,0.00,35.00,29.00,-3.12,100,100,0.00,0,0.00,27.45,11.37,0.25,0.00,0.00,0,0,0,0
62830,OFF,0,0,0.00,35.00,29.00,-3.12,100,100,0.00,0,0.00,27.45,11.37,0.25,0.00,0.00,0,0,0,0
62935,OFF,0,0,0.00,35.00,29.00,-3.12,100,100,0.00,0,0.00,27.45,11.37,0.25,0.00,0.00,0,0,0,0
63043,OFF,0,0,0.00,35.00,29.00,-3.12,100,100,0.00,0,0.00,27.45,11.37,0.25,0.00,0.00,0,0,0,0
63148,OFF,0,0,0.00,35.00,29.00,-3.12,100,100,0.00,0,0.00,27.45,11.37,0.25,0.00,0.00,0,0,0,0
63253,OFF,0,0,0.00,35.00,29.00,-3.12,100,100,0.00,0,0.00,27.45,11.37,0.25,0.00,0.00,0,0,0,0
63358,OFF,0,0,0.00,35.00,29.00,-3.12,100,100,0.00,0,0.00,27.45,11.37,0.25,0.00,0.00,0,0,0,0
63463,OFF,0,0,0.00,35.00,29.00,-3.12,100,100,0.00,0,0.00,27.45,11.37,0.25,0.00,0.00,0,0,0,0
63568,OFF,0,0,0.00,35.00,29.00,-3.12,100,100,0.00,0,0.00,27.45,11.37,0.25,0.00,0.00,0,0,0,0
63676,OFF,0,0,0.00,35.00,29.00,-3.12,100,100,0.00,0,0.00,27.45,11.37,0.25,0.00,0.00,0,0,0,0
63781,OFF,0,0,0.00,35.00,29.00,-3.12,100,100,0.00,0,0.00,27.45,11.37,0.25,0.00,0.00,0,0,0,0
63886,OFF,0,0,0.00,35.00,29.00,-3.12,100,100,0.00,0,0.00,27.45,11.37,0.25,0.00,0.00,0,0,0,0
63991,OFF,0,0,0.00,35.00,29.00,-3.12,100,100,0.00,0,0.00,27.45,11.37,0.25,0.00,0.00,0,0,0,0
64096,OFF,0,0,0.00,35.00,29.00,-3.12,100,100,0.00,0,0.00,27.45,11.37,0.25,0.00,0.00,0,0,0,0
64201,OFF,0,0,0.00,35.00,29.00,-3.12,100,100,0.00,0,0.00,27.45,11.37,0.25,0.00,0.00,0,0,0,0
64309,OFF,0,0,0.00,35.00,29.00,-3.12,100,100,0.00,0,0.00,27.45,11.37,0.25,0.00,0.00,0,0,0,0
64414,OFF,0,0,0.00,35.00,29.00,-3.12,100,100,0.00,0,0.00,27.45,11.37,0.25,0.00,0.00,0,0,0,0
64519,OFF,0,0,0.00,35.00,29.00,-3.12,100,100,0.00,0,0.00,27.45,11.37,0.25,0.00,0.00,0,0,0,0
64624,OFF,0,0,0.00,35.00,29.00,-3.12,100,100,0.00,0,0.00,27.45,11.37,0.25,0.00,0.00,0,0,0,0
64729,OFF,0,0,0.00,35.00,29.00,-3.12,100,100,0.00,0,0.00,27.45,11.37,0.25,0.00,0.00,0,0,0,0
64834,OFF,0,0,0.00,35.00,29.00,-3.12,100,100,0.00,0,0.00,27.45,11.37,0.25,0.00,0.00,0,0,0,0
64942,OFF,0,0,0.00,35.00,29.00,-3.12,100,100,0.00,0,0.00,27.45,11.37,0.25,0.00,0.00,0,0,0,0
65047,OFF,0,0,0.00,35.00,29.00,-3.12,100,100,0.00,0,0.00,27.45,11.37,0.25,0.00,0.00,0,0,0,0
65152,OFF,0,0,0.00,35.00,29.00,-3.12,100,100,0.00,0,0.00,27.45,11.37,0.25,0.00,0.00,0,0,0,0
65257,OFF,0,0,0.00,35.00,29.00,-3.12,100,100,0.00,0,0.00,27.45,11.37,0.25,0.00,0.00,0,0,0,0
65362,OFF,0,0,0.00,35.00,29.00,-3.12,100,100,0.00,0,0.00,27.45,11.37,0.25,0.00,0.00,0,0,0,0
65466,OFF,0,0,0.00,35.00,29.00,-3.12,100,100,0.00,0,0.00,27.45,11.37,0.25,0.00,0.00,0,0,0,0
65574,OFF,0,0,0.00,35.00,29.00,-3.12,100,100,0.00,0,0.00,27.45,11.37,0.25,0.00,0.00,0,0,0,0
65679,OFF,0,0,0.00,35.00,29.00,-3.12,100,100,0.00,0,0.00,27.45,11.37,0.25,0.00,0.00,0,0,0,0
65784,OFF,0,0,0.00,35.00,29.00,-3.12,100,100,0.00,0,0.00,27.45,11.37,0.25,0.00,0.00,0,0,0,0
65889,OFF,0,0,0.00,35.00,29.00,-3.12,100,100,0.00,0,0.00,27.45,11.37,0.25,0.00,0.00,0,0,0,0
65994,OFF,0,0,0.00,35.00,29.00,-3.12,100,100,0.00,0,0.00,27.45,11.37,0.25,0.00,0.00,0,0,0,0
66099,OFF,0,0,0.00,35.00,29.00,-3.12,100,100,0.00,0,0.00,27.45,11.37,0.25,0.00,0.00,0,0,0,0
66207,OFF,0,0,0.00,35.00,29.00,-3.12,100,100,0.00,0,0.00,27.45,11.37,0.25,0.00,0.00,0,0,0,0
66312,OFF,0,0,0.00,35.00,29.00,-3.12,100,100,0.00,0,0.00,27.45,11.37,0.25,0.00,0.00,0,0,0,0
66417,OFF,0,0,0.00,35.00,29.00,-3.12,100,100,0.00,0,0.00,27.45,11.37,0.25,0.00,0.00,0,0,0,0
66522,OFF,0,0,0.00,35.00,29.00,-3.12,100,100,0.00,0,0.00,27.45,11.37,0.25,0.00,0.00,0,0,0,0
66627,OFF,0,0,0.00,35.00,29.00,-3.12,100,100,0.00,0,0.00,27.45,11.37,0.25,0.00,0.00,0,0,0,0
66732,OFF,0,0,0.00,35.00,29.00,-3.12,100,100,0.00,0,0.00,27.45,11.37,0.25,0.00,0.00,0,0,0,0
66840,OFF,0,0,0.00,35.00,29.00,-3.12,100,100,0.00,0,0.00,27.45,11.37,0.25,0.00,0.00,0,0,0,0
66945,OFF,0,0,0.00,35.00,29.00,-3.12,100,100,0.00,0,0.00,27.45,11.37,0.25,0.00,0.00,0,0,0,0
67050,OFF,0,0,0.00,35.00,29.00,-3.12,100,101,0.00,0,0.00,27.45,11.37,0.25,0.00,0.00,0,0,0,0
67155,OFF,0,0,0.00,34.00,29.00,-3.12,100,101,0.00,0,0.00,27.45,10.59,0.25,0.00,9.14,180,0,0,0
67260,OFF,0,0,0.00,35.00,29.00,-3.12,99,101,0.00,0,0.00,27.06,10.98,0.25,0.00,11.02,7,0,0,0
67365,OFF,0,0,0.00,35.00,29.00,-3.12,99,101,0.00,0,0.00,27.06,10.98,0.25,0.00,10.94,185,0,0,0
67473,OFF,0,0,0.00,35.00,29.00,-3.12,100,101,0.00,0,0.00,27.06,10.98,0.25,0.00,10.94,185,0,0,0
67578,OFF,0,0,0.00,35.00,29.00,-3.12,100,101,0.00,0,0.00,27.06,10.98,0.25,0.00,10.94,185,0,0,0
67683,OFF,0,0,0.00,35.00,29.00,-3.12,99,101,0.00,0,0.00,27.06,10.98,0.25,0.00,10.94,185,0,0,0
67788,OFF,0,0,0.00,35.00,29.00,-3.12,99,101,0.00,0,0.00,27.06,10.98,0.25,0.00,10.94,185,0,0,0
67893,OFF,0,0,0.00,35.00,29.00,-3.12,100,100,0.00,0,0.00,27.06,10.98,0.25,0.00,10.94,185,0,0,0
67998,OFF,0,0,0.00,35.00,29.00,-3.12,99,100,0.00,0,0.00,27.06,10.98,0.25,0.00,10.94,185,0,0,0
68106,OFF,0,0,0.00,35.00,29.00,-3.12,100,99,0.00,0,0.00,27.06,10.98,0.25,0.00,10.94,185,0,0,0
68211,OFF,0,0,0.00,35.00,29.00,-3.12,99,100,0.00,0,0.00,27.06,10.98,0.25,0.00,10.94,185,0,0,0
68316,OFF,0,0,0.00,35.00,29.00,-3.12,100,100,0.00,0,0.00,27.06,10.98,0.25,0.00,10.94,185,0,0,0
68421,OFF,0,0,0.00,35.00,29.00,-3.12,100,100,0.00,0,0.00,27.06,10.98,0.25,0.00,10.94,185,0,0,0
68526,OFF,0,0,0.00,35.00,29.00,-3.12,100,100,0.00,0,0.00,27.06,10.98,0.25,0.00,10.94,185,0,0,0
68631,OFF,0,0,0.00,35.00,29.00,-3.12,100,100,0.00,0,0.00,27.06,10.98,0.25,0.00,10.94,185,0,0,0
68739,OFF,0,0,0.00,35.00,29.00,-3.12,100,100,0.00,0,0.00,27.06,10.98,0.25,0.00,10.94,185,0,0,0
68844,OFF,0,0,0.00,35.00,29.00,-3.12,100,100,0.00,0,0.00,27.06,10.98,0.25,0.00,10.94,185,0,0,0
68949,OFF,0,0,0.00,35.00,29.00,-3.12,99,100,0.00,0,0.00,27.06,10.98,0.25,0.00,10.94,185,0,0,0
69054,OFF,0,0,0.00,35.00,29.00,-3.12,100,99,0.00,0,0.00,27.06,10.98,0.25,0.00,10.94,185,0,0,0
69159,OFF,0,0,0.00,35.00,29.00,-3.12,100,100,0.00,0,0.00,27.06,10.98,0.25,0.00,10.86,107,0,0,0
69264,OFF,0,0,0.00,35.00,29.00,-3.12,100,100,0.00,0,0.00,27.06,10.98,0.25,0.00,10.94,185,0,0,0
69372,OFF,0,0,0.00,35.00,29.00,-3.12,100,100,0.00,0,0.00,27.06,10.98,0.25,0.00,10.94,185,0,0,0
69477,OFF,0,0,0.00,35.00,29.00,-3.12,100,100,0.00,0,0.00,27.06,10.98,0.25,0.00,10.86,107,0,0,0
69582,OFF,0,0,0.00,35.00,29.00,-3.12,100,100,0.00,0,0.00,27.06,10.98,0.25,0.00,10.86,107,0,0,0
69687,OFF,0,0,0.00,35.00,29.00,-3.12,100,100,0.00,0,0.00,27.06,10.98,0.25,0.00,10.94,185,0,0,0
69792,OFF,0,0,0.00,35.00,29.00,-3.12,99,100,0.00,0,0.00,27.06,10.98,0.25,0.00,10.94,185,0,0,0
69897,OFF,0,0,0.00,35.00,29.00,-3.12,100,100,0.00,0,0.00,27.06,10.98,0.25,0.00,10.86,107,0,0,0
70005,OFF,0,0,0.00,35.00,29.00,-3.12,100,99,0.00,0,0.00,27.06,10.98,0.25,0.00,10.94,185,0,0,0
70110,OFF,0,0,0.00,35.00,29.00,-3.12,100,100,0.00,0,0.00,27.06,10.98,0.25,0.00,10.86,107,0,0,0
70215,OFF,0,0,0.00,35.00,29.00,-3.12,100,100,0.00,0,0.00,27.45,11.37,0.25,0.00,0.62,113,0,0,0
70320,OFF,0,0,0.00,35.00,29.00,-3.12,100,100,0.00,0,0.00,27.45,11.37,0.25,0.00,0.00,0,0,0,0
70425,OFF,0,0,0.00,35.00,29.00,-3.12,100,100,0.00,0,0.00,27.45,11.37,0.25,0.00,0.00,0,0,0,0
70530,OFF,0,0,0.00,35.00,29.00,-3.12,100,100,0.00,0,0.00,27.45,11.37,0.25,0.00,0.00,0,0,0,0
70638,OFF,0,0,0.00,35.00,29.00,-3.12,100,100,0.00,0,0.00,27.45,11.37,0.25,0.00,0.00,0,0,0,0
70743,OFF,0,0,0.00,35.00,29.00,-3.12,100,100,0.00,0,0.00,27.45,11.37,0.25,0.00,0.00,0,0,0,0
70848,OFF,0,0,0.00,35.00,29.00,-3.12,100,100,0.00,0,0.00,27.45,11.37,0.25,0.00,0.00,0,0,0,0
70953,OFF,0,0,0.00,35.00,29.00,-3.12,100,100,0.00,0,0.00,27.45,11.37,0.25,0.00,0.00,0,0,0,0
71058,OFF,0,0,0.00,35.00,29.00,-3.12,100,100,0.00,0,0.00,27.45,11.37,0.25,0.00,0.00,0,0,0,0
71163,OFF,0,0,0.00,35.00,29.00,-3.12,100,100,0.00,0,0.00,27.45,11.37,0.25,0.00,0.00,0,0,0,0
71271,OFF,0,0,0.00,35.00,29.00,-3.12,100,100,0.00,0,0.00,27.45,11.37,0.25,0.00,0.00,0,0,0,0
71376,OFF,0,0,0.00,35.00,29.00,-3.12,100,100,0.00,0,0.00,27.45,11.37,0.25,0.00,0.00,0,0,0,0
71481,OFF,0,0,0.00,35.00,29.00,-3.12,100,100,0.00,0,0.00,27.45,11.37,0.25,0.00,0.00,0,0,0,0
71586,OFF,0,0,0.00,35.00,29.00,-3.12,100,100,0.00,0,0.00,27.45,11.37,0.25,0.00,0.00,0,0,0,0
71691,OFF,0,0,0.00,35.00,29.00,-3.12,100,100,0.00,0,0.00,27.45,11.37,0.25,0.00,0.00,0,0,0,0
71799,OFF,0,0,0.00,35.00,29.00,-3.12,100,100,0.00,0,0.00,27.45,11.37,0.25,0.00,0.00,0,0,0,0
71907,OFF,0,0,0.00,35.00,29.00,-3.12,100,100,0.00,0,0.00,27.45,11.37,0.25,0.00,0.00,0,0,0,0
72012,OFF,0,0,0.00,35.00,29.00,-3.12,100,100,0.00,0,0.00,27.45,11.37,0.25,0.00,0.00,0,0,0,0
72117,OFF,0,0,0.00,35.00,29.00,-3.12,100,100,0.00,0,0.00,27.45,11.37,0.25,0.00,0.00,0,0,0,0
72222,OFF,0,0,0.00,35.00,29.00,-3.12,100,100,0.00,0,0.00,27.45,11.37,0.25,0.00,0.00,0,0,0,0
72327,OFF,0,0,0.00,35.00,29.00,-3.12,100,100,0.00,0,0.00,27.45,11.37,0.25,0.00,0.00,0,0,0,0
72432,OFF,0,0,0.00,35.00,29.00,-3.12,100,100,0.00,0,0.00,27.45,11.37,0.25,0.00,0.00,0,0,0,0
72540,OFF,0,0,0.00,35.00,28.00,-3.12,100,100,0.00,0,0.00,27.45,11.37,0.25,0.00,0.00,0,0,0,0
72645,OFF,0,0,0.00,35.00,29.00,-3.12,100,100,0.00,0,0.00,27.45,11.37,0.25,0.00,0.00,0,0,0,0
72750,OFF,0,0,0.00,35.00,29.00,-3.12,100,100,0.00,0,0.00,27.45,11.37,0.25,0.00,0.00,0,0,0,0
72855,OFF,0,0,0.00,35.00,29.00,-3.12,100,100,0.00,0,0.00,27.45,11.37,0.25,0.00,0.00,0,0,0,0
72960,OFF,0,0,0.00,35.00,29.00,-3.12,100,100,0.00,0,0.00,27.45,11.37,0.25,0.00,0.00,0,0,0,0
73065,OFF,0,0,0.00,35.00,29.00,-3.12,100,100,0.00,0,0.00,27.45,11.37,0.25,0.00,0.00,0,0,0,0
73173,OFF,0,0,0.00,35.00,29.00,-3.12,100,100,0.00,0,0.00,27.45,11.37,0.25,0.00,0.00,0,0,0,0
73278,OFF,0,0,0.00,35.00,29.00,-3.12,100,100,0.00,0,0.00,27.45,11.37,0.25,0.00,0.00,0,0,0,0
73383,OFF,0,0,0.00,35.00,29.00,-3.12,100,100,0.00,0,0.00,27.45,11.37,0.25,0.00,0.00,0,0,0,0
73488,OFF,0,0,0.00,35.00,29.00,-3.12,100,100,0.00,0,0.00,27.45,11.37,0.25,0.00,0.00,0,0,0,0
73593,OFF,0,0,0.00,35.00,29.00,-3.12,100,100,0.00,0,0.00,27.45,11.37,0.25,0.00,0.00,0,0,0,0
73698,OFF,0,0,0.00,35.00,29.00,-3.12,100,100,0.00,0,0.00,27.45,11.37,0.25,0.00,0.00,0,0,0,0
73806,OFF,0,0,0.00,35.00,29.00,-3.12,100,100,0.00,0,0.00,27.45,11.37,0.25,0.00,0.00,0,0,0,0
73911,OFF,0,0,0.00,35.00,29.00,-3.12,100,100,0.00,0,0.00,27.45,11.37,0.25,0.00,0.00,0,0,0,0
74016,OFF,0,0,0.00,35.00,29.00,-3.12,100,100,0.00,0,0.00,27.45,11.37,0.25,0.00,0.00,0,0,0,0
74120,OFF,0,0,0.00,35.00,29.00,-3.12,100,100,0.00,0,0.00,27.45,11.37,0.25,0.00,0.00,0,0,0,0
74224,OFF,0,0,0.00,35.00,29.00,-3.12,100,100,0.00,0,0.00,27.45,11.37,0.25,0.00,0.00,0,0,0,0
74328,OFF,0,0,0.00,35.00,29.00,-3.12,100,100,0.00,0,0.00,27.45,11.37,0.25,0.00,0.00,0,0,0,0
74436,OFF,0,0,0.00,35.00,29.00,-3.12,100,100,0.00,0,0.00,27.45,11.37,0.25,0.00,0.00,0,0,0,0
74540,OFF,0,0,0.00,35.00,29.00,-3.12,100,100,0.00,0,0.00,27.45,11.37,0.25,0.00,0.00,0,0,0,0
74646,OFF,0,0,0.00,35.00,29.00,-3.12,100,100,0.00,0,0.00,27.45,11.37,0.25,0.00,0.00,0,0,0,0
74750,OFF,0,0,0.00,35.00,28.00,-3.12,100,100,0.00,0,0.00,27.45,11.37,0.25,0.00,0.00,0,0,0,0
74854,OFF,0,0,0.00,35.00,29.00,-3.12,100,100,0.00,0,0.00,27.45,11.37,0.25,0.00,0.00,0,0,0,0
74962,OFF,0,0,0.00,35.00,29.00,-3.12,100,100,0.00,0,0.00,27.45,11.37,0.25,0.00,0.00,0,0,0,0
75066,OFF,0,0,0.00,35.00,29.00,-3.12,100,100,0.00,0,0.00,27.45,11.37,0.25,0.00,0.00,0,0,0,0
75170,OFF,0,0,0.00,35.00,29.00,-3.12,100,100,0.00,0,0.00,27.45,11.37,0.25,0.00,0.00,0,0,0,0
75274,OFF,0,0,0.00,35.00,29.00,-3.12,100,100,0.00,0,0.00,27.45,11.37,0.25,0.00,0.00,0,0,0,0
75379,OFF,0,0,0.00,35.00,28.00,-3.12,100,100,0.00,0,0.00,27.45,11.37,0.25,0.00,0.00,0,0,0,0
75484,OFF,0,0,0.00,35.00,29.00,-3.12,100,100,0.00,0,0.00,27.45,11.37,0.25,0.00,0.00,0,0,0,0
75592,OFF,0,0,0.00,35.00,28.00,-3.12,100,100,0.00,0,0.00,27.45,11.37,0.25,0.00,0.00,0,0,0,0
75697,OFF,0,0,0.00,35.00,29.00,-3.12,100,100,0.00,0,0.00,27.45,11.37,0.25,0.00,0.00,0,0,0,0
75802,OFF,0,0,0.00,35.00,29.00,-3.12,100,100,0.00,0,0.00,27.45,11.37,0.25,0.00,0.00,0,0,0,0
75907,OFF,0,0,0.00,35.00,29.00,-3.12,100,100,0.00,0,0.00,27.45,11.37,0.25,0.00,0.00,0,0,0,0
76012,OFF,0,0,0.00,35.00,29.00,-3.12,100,100,0.00,0,0.00,27.45,11.37,0.25,0.00,0.00,0,0,0,0
76117,OFF,0,0,0.00,35.00,29.00,-3.12,100,100,0.00,0,0.00,27.45,11.37,0.25,0.00,0.00,0,0,0,0
76225,OFF,0,0,0.00,35.00,29.00,-3.12,100,100,0.00,0,0.00,27.45,11.37,0.25,0.00,0.00,0,0,0,0
76330,OFF,0,0,0.00,35.00,29.00,-3.12,100,100,0.00,0,0.00,27.45,11.37,0.25,0.00,0.00,0,0,0,0
76435,OFF,0,0,0.00,35.00,29.00,-3.12,100,100,0.00,0,0.00,27.45,11.37,0.25,0.00,0.00,0,0,0,0
76540,OFF,0,0,0.00,35.00,29.00,-3.12,100,100,0.00,0,0.00,27.45,11.37,0.25,0.00,0.00,0,0,0,0
76645,OFF,0,0,0.00,35.00,28.00,-3.12,100,100,0.00,0,0.00,27.45,11.37,0.25,0.00,0.00,0,0,0,0
76750,OFF,0,0,0.00,35.00,29.00,-3.12,100,100,0.00,0,0.00,27.45,11.37,0.25,0.00,0.00,0,0,0,0
76858,OFF,0,0,0.00,35.00,28.00,-3.12,100,100,0.00,0,0.00,27.45,11.37,0.25,0.00,0.00,0,0,0,0
76963,OFF,0,0,0.00,35.00,29.00,-3.12,100,100,0.00,0,0.00,27.45,11.37,0.25,0.00,0.00,0,0,0,0
77068,OFF,0,0,0.00,35.00,29.00,-3.12,100,100,0.00,0,0.00,27.45,11.37,0.25,0.00,0.00,0,0,0,0
77173,OFF,0,0,0.00,35.00,29.00,-3.12,100,100,0.00,0,0.00,27.45,11.37,0.25,0.00,0.00,0,0,0,0
77278,OFF,0,0,0.00,35.00,29.00,-3.12,100,100,0.00,0,0.00,27.45,11.37,0.25,0.00,0.00,0,0,0,0
77383,OFF,0,0,0.00,35.00,29.00,-3.12,100,100,0.00,0,0.00,27.45,11.37,0.25,0.00,0.00,0,0,0,0
77491,OFF,0,0,0.00,35.00,29.00,-3.12,100,100,0.00,0,0.00,27.45,11.37,0.25,0.00,0.00,0,0,0,0
77596,OFF,0,0,0.00,35.00,29.00,-3.12,100,100,0.00,0,0.00,27.45,11.37,0.25,0.00,0.00,0,0,0,0
77701,OFF,0,0,0.00,35.00,29.00,-3.12,100,100,0.00,0,0.00,27.45,11.37,0.25,0.00,0.00,0,0,0,0
77806,OFF,0,0,0.00,35.00,29.00,-3.12,100,100,0.00,0,0.00,27.45,11.37,0.25,0.00,0.00,0,0,0,0
77911,OFF,0,0,0.00,35.00,28.00,-3.12,100,100,0.00,0,0.00,27.45,11.37,0.25,0.00,0.00,0,0,0,0
78016,OFF,0,0,0.00,35.00,29.00,-3.12,100,100,0.00,0,0.00,27.45,11.37,0.25,0.00,0.00,0,0,0,0
78124,OFF,0,0,0.00,35.00,29.00,-3.12,100,100,0.00,0,0.00,27.45,11.37,0.25,0.00,0.00,0,0,0,0
78229,OFF,0,0,0.00,35.00,29.00,-3.12,100,100,0.00,0,0.00,27.45,11.37,0.25,0.00,0.00,0,0,0,0
78334,OFF,0,0,0.00,35.00,29.00,-3.12,100,100,0.00,0,0.00,27.45,11.37,0.25,0.00,0.00,0,0,0,0
78439,OFF,0,0,0.00,35.00,29.00,-3.12,100,100,0.00,0,0.00,27.45,11.37,0.25,0.00,0.00,0,0,0,0
78544,OFF,0,0,0.00,35.00,29.00,-3.12,100,100,0.00,0,0.00,27.45,11.37,0.25,0.00,0.00,0,0,0,0
78649,OFF,0,0,0.00,35.00,29.00,-3.12,100,100,0.00,0,0.00,27.45,11.37,0.25,0.00,0.00,0,0,0,0
78757,OFF,0,0,0.00,35.00,29.00,-3.12,100,100,0.00,0,0.00,27.45,11.37,0.25,0.00,0.00,0,0,0,0
78862,OFF,0,0,0.00,35.00,29.00,-3.12,100,100,0.00,0,0.00,27.45,11.37,0.25,0.00,0.00,0,0,0,0
78967,OFF,0,0,0.00,35.00,29.00,-3.12,100,100,0.00,0,0.00,27.45,11.37,0.25,0.00,0.00,0,0,0,0
79072,OFF,0,0,0.00,35.00,29.00,-3.12,100,100,0.00,0,0.00,27.45,11.37,0.25,0.00,0.00,0,0,0,0
79177,OFF,0,0,0.00,35.00,29.00,-3.12,100,100,0.00,0,0.00,27.45,11.37,0.25,0.00,0.00,0,0,0,0
79282,OFF,0,0,0.00,35.00,29.00,-3.12,100,100,0.00,0,0.00,27.45,11.37,0.25,0.00,0.00,0,0,0,0
79390,OFF,0,0,0.00,35.00,29.00,-3.12,100,100,0.00,0,0.00,27.45,11.37,0.25,0.00,0.00,0,0,0,0
79495,OFF,0,0,0.00,35.00,29.00,-3.12,100,100,0.00,0,0.00,27.45,11.37,0.25,0.00,0.00,0,0,0,0
79600,OFF,0,0,0.00,35.00,29.00,-3.12,100,100,0.00,0,0.00,27.45,11.37,0.25,0.00,0.00,0,0,0,0
79705,OFF,0,0,0.00,35.00,29.00,-3.12,100,100,0.00,0,0.00,27.45,11.37,0.25,0.00,0.00,0,0,0,0
79810,OFF,0,0,0.00,35.00,28.00,-3.12,100,100,0.00,0,0.00,27.45,11.37,0.25,0.00,0.00,0,0,0,0
79915,OFF,0,0,0.00,35.00,29.00,-3.12,100,100,0.00,0,0.00,27.45,11.37,0.25,0.00,0.00,0,0,0,0
80023,OFF,0,0,0.00,35.00,29.00,-3.12,100,100,0.00,0,0.00,27.45,11.37,0.25,0.00,0.00,0,0,0,0
80128,OFF,0,0,0.00,35.00,29.00,-3.12,100,100,0.00,0,0.00,27.45,11.37,0.25,0.00,0.00,0,0,0,0
80233,OFF,0,0,0.00,35.00,29.00,-3.12,100,100,0.00,0,0.00,27.45,11.37,0.25,0.00,0.00,0,0,0,0
80338,OFF,0,0,0.00,35.00,29.00,-3.12,100,100,0.00,0,0.00,27.45,11.37,0.25,0.00,0.00,0,0,0,0
80443,OFF,0,0,0.00,35.00,29.00,-3.12,100,100,0.00,0,0.00,27.45,11.37,0.25,0.00,0.00,0,0,0,0
80548,OFF,0,0,0.00,35.00,29.00,-3.12,100,100,0.00,0,0.00,27.45,11.37,0.25,0.00,0.00,0,0,0,0
80656,OFF,0,0,0.00,35.00,29.00,-3.12,100,100,0.00,0,0.00,27.45,11.37,0.25,0.00,0.00,0,0,0,0
80761,OFF,0,0,0.00,35.00,29.00,-3.12,100,100,0.00,0,0.00,27.45,11.37,0.25,0.00,0.00,0,0,0,0
80866,OFF,0,0,0.00,35.00,29.00,-3.12,100,100,0.00,0,0.00,27.45,11.37,0.25,0.00,0.00,0,0,0,0
80971,OFF,0,0,0.00,35.00,29.00,-3.12,100,100,0.00,0,0.00,27.45,11.37,0.25,0.00,0.00,0,0,0,0
81076,OFF,0,0,0.00,35.00,29.00,-3.12,100,100,0.00,0,0.00,27.45,11.37,0.25,0.00,0.00,0,0,0,0
81181,OFF,0,0,0.00,35.00,29.00,-3.12,100,100,0.00,0,0.00,27.45,11.37,0.25,0.00,0.00,0,0,0,0
81289,OFF,0,0,0.00,35.00,29.00,-3.12,100,100,0.00,0,0.00,27.45,11.37,0.25,0.00,0.00,0,0,0,0
81394,OFF,0,0,0.00,35.00,28.00,-3.12,100,100,0.00,0,0.00,27.45,11.37,0.25,0.00,0.00,0,0,0,0
81499,OFF,0,0,0.00,35.00,29.00,-3.12,100,100,0.00,0,0.00,27.45,11.37,0.25,0.00,0.00,0,0,0,0
81604,OFF,0,0,0.00,35.00,29.00,-3.12,100,100,0.00,0,0.00,27.45,11.37,0.25,0.00,0.00,0,0,0,0
81709,OFF,0,0,0.00,35.00,29.00,-3.12,100,100,0.00,0,0.00,27.45,11.37,0.25,0.00,0.00,0,0,0,0
81814,OFF,0,0,0.00,35.00,29.00,-3.12,100,100,0.00,0,0.00,27.45,11.37,0.25,0.00,0.00,0,0,0,0
81922,OFF,0,0,0.00,35.00,29.00,-3.12,100,100,0.00,0,0.00,27.45,11.37,0.25,0.00,0.00,0,0,0,0
