1123,OFF,0,0,0.00,-40.00,-40.00,-100.00,0,0,0.00,0,-64.00,0.00,0.00,0.00,-100.00,0.00,0,0,0,0
1231,OFF,0,0,0.00,35.00,29.00,-3.12,100,100,0.00,0,0.00,27.06,10.98,0.25,0.00,10.94,185,0,0,0
1336,OFF,0,0,0.00,35.00,29.00,-3.12,100,100,0.00,0,0.00,27.06,10.98,0.25,0.00,10.94,185,0,0,0
1440,OFF,0,0,0.00,35.00,29.00,-3.12,99,100,0.00,0,0.00,27.06,10.98,0.25,0.00,10.94,185,0,0,0
1548,OFF,0,0,0.00,35.00,29.00,-3.12,99,100,0.00,0,0.00,27.06,10.98,0.25,0.00,10.94,185,0,0,0
1652,OFF,0,0,0.00,35.00,29.00,-3.12,100,99,0.00,0,0.00,27.06,10.98,0.25,0.00,10.94,185,0,0,0
1756,OFF,0,0,0.00,35.00,29.00,-3.12,100,100,0.00,0,0.00,27.06,10.98,0.25,0.00,10.94,185,0,0,0
1861,OFF,0,0,0.00,35.00,29.00,-3.12,100,100,0.00,0,0.00,27.06,10.98,0.25,0.00,10.94,185,0,0,0
1966,OFF,0,0,0.00,35.00,29.00,-3.12,100,100,0.00,0,0.00,27.06,10.98,0.25,0.00,10.94,185,0,0,0
2071,OFF,0,0,0.00,35.00,29.00,-3.12,100,100,0.00,0,0.00,27.06,10.98,0.25,0.00,10.94,185,0,0,0
2179,OFF,0,0,0.00,35.00,29.00,-3.12,100,99,0.00,0,0.00,27.06,10.98,0.25,0.00,10.86,107,0,0,0
2284,OFF,0,0,0.00,35.00,29.00,-3.12,100,100,0.00,0,0.00,27.06,10.98,0.25,0.00,10.94,185,0,0,0
2389,OFF,0,0,0.00,35.00,29.00,-3.12,100,100,0.00,0,0.00,27.06,10.98,0.25,0.00,10.94,185,0,0,0
2494,OFF,0,0,0.00,35.00,29.00,-3.12,99,100,0.00,0,0.00,27.06,10.98,0.25,0.00,10.86,107,0,0,0
2599,OFF,0,0,0.00,35.00,29.00,-3.12,100,100,0.00,0,0.00,27.06,10.98,0.25,0.00,10.86,107,0,0,0
2704,OFF,0,0,0.00,35.00,29.00,-3.12,100,100,0.00,0,0.00,27.06,10.98,0.25,0.00,10.94,185,0,0,0
2812,OFF,0,0,0.00,35.00,29.00,-3.12,100,100,0.00,0,0.00,27.06,10.98,0.25,0.00,10.86,107,0,0,0
2917,OFF,0,0,0.00,35.00,29.00,-3.12,100,100,0.00,0,0.00,27.06,10.98,0.25,0.00,10.94,185,0,0,0
3022,OFF,0,0,0.00,35.00,29.00,-3.12,100,100,0.00,0,0.00,27.06,10.98,0.25,0.00,10.86,107,0,0,0
3127,OFF,0,0,0.00,35.00,29.00,-3.12,100,99,0.00,0,0.00,27.06,10.98,0.25,0.00,10.86,107,0,0,0
3232,OFF,0,0,0.00,35.00,29.00,-3.12,100,100,0.00,0,0.00,27.06,10.98,0.25,0.00,10.86,107,0,0,0
3337,OFF,0,0,0.00,35.00,29.00,-3.12,100,100,0.00,0,0.00,27.06,10.98,0.25,0.00,10.86,107,0,0,0
3445,OFF,0,0,0.00,35.00,29.00,-3.12,99,100,0.00,0,0.00,27.06,11.37,0.25,0.00,6.88,219,0,0,0
3550,OFF,0,0,0.00,35.00,29.00,-3.12,100,100,0.00,0,0.00,27.45,11.37,0.25,0.00,0.70,191,0,0,0
3655,OFF,0,0,0.00,35.00,28.00,-3.12,100,100,0.00,0,0.00,27.45,11.37,0.25,0.00,0.00,0,0,0,0
3760,OFF,0,0,0.00,35.00,29.00,-3.12,100,100,0.00,0,0.00,27.45,11.37,0.25,0.00,0.00,0,0,0,0
3865,OFF,0,0,0.00,35.00,29.00,-3.12,100,100,0.00,0,0.00,27.45,11.37,0.25,0.00,0.00,0,0,0,0
3970,OFF,0,0,0.00,35.00,29.00,-3.12,100,100,0.00,0,0.00,27.45,11.37,0.25,0.00,0.00,0,0,0,0
4078,OFF,0,0,0.00,35.00,29.00,-3.12,100,100,0.00,0,0.00,27.45,11.37,0.25,0.00,0.00,0,0,0,0
4183,OFF,0,0,0.00,35.00,29.00,-3.12,100,100,0.00,0,0.00,27.45,11.37,0.25,0.00,0.00,0,0,0,0
4288,OFF,0,0,0.00,35.00,29.00,-3.12,100,100,0.00,0,0.00,27.45,11.37,0.25,0.00,0.00,0,0,0,0
4393,OFF,0,0,0.00,35.00,29.00,-3.12,100,100,0.00,0,0.00,27.45,11.37,0.25,0.00,0.00,0,0,0,0
4498,OFF,0,0,0.00,35.00,29.00,-3.12,100,100,0.00,0,0.00,27.45,11.37,0.25,0.00,0.00,0,0,0,0
4603,OFF,0,0,0.00,35.00,28.00,-3.12,100,100,0.00,0,0.00,27.45,11.37,0.25,0.00,0.00,0,0,0,0
4711,OFF,0,0,0.00,35.00,29.00,-3.12,100,100,0.00,0,0.00,27.45,11.37,0.25,0.00,0.00,0,0,0,0
4816,OFF,0,0,0.00,35.00,29.00,-3.12,100,100,0.00,0,0.00,27.45,11.37,0.25,0.00,0.00,0,0,0,0
4921,OFF,0,0,0.00,35.00,29.00,-3.12,100,100,0.00,0,0.00,27.45,11.37,0.25,0.00,0.00,0,0,0,0
5026,OFF,0,0,0.00,35.00,29.00,-3.12,100,100,0.00,0,0.00,27.45,11.37,0.25,0.00,0.00,0,0,0,0
5131,OFF,0,0,0.00,35.00,29.00,-3.12,100,100,0.00,0,0.00,27.45,11.37,0.25,0.00,0.00,0,0,0,0
5236,OFF,0,0,0.00,35.00,28.00,-3.12,100,100,0.00,0,0.00,27.45,11.37,0.25,0.00,0.00,0,0,0,0
5344,OFF,0,0,0.00,35.00,29.00,-3.12,100,100,0.00,0,0.00,27.45,11.37,0.25,0.00,0.00,0,0,0,0
5449,OFF,0,0,0.00,35.00,29.00,-3.12,100,100,0.00,0,0.00,27.45,11.37,0.25,0.00,0.00,0,0,0,0
5554,OFF,0,0,0.00,35.00,28.00,-3.12,100,100,0.00,0,0.00,27.45,11.37,0.25,0.00,0.00,0,0,0,0
5659,OFF,0,0,0.00,35.00,29.00,-3.12,100,100,0.00,0,0.00,27.45,11.37,0.25,0.00,0.00,0,0,0,0
5764,OFF,0,0,0.00,35.00,29.00,-3.12,100,100,0.00,0,0.00,27.45,11.37,0.25,0.00,0.00,0,0,0,0
5869,OFF,0,0,0.00,35.00,29.00,-3.12,100,100,0.00,0,0.00,27.45,11.37,0.25,0.00,0.00,0,0,0,0
5977,OFF,0,0,0.00,35.00,29.00,-3.12,100,100,0.00,0,0.00,27.45,11.37,0.25,0.00,0.00,0,0,0,0
6082,OFF,0,0,0.00,35.00,29.00,-3.12,100,100,0.00,0,0.00,27.45,11.37,0.25,0.00,0.00,0,0,0,0
6187,OFF,0,0,0.00,35.00,29.00,-3.12,100,100,0.00,0,0.00,27.45,11.37,0.25,0.00,0.00,0,0,0,0
6292,OFF,0,0,0.00,35.00,29.00,-3.12,100,100,0.00,0,0.00,27.45,11.37,0.25,0.00,0.00,0,0,0,0
6397,OFF,0,0,0.00,35.00,29.00,-3.12,100,100,0.00,0,0.00,27.45,11.37,0.25,0.00,0.00,0,0,0,0
6502,OFF,0,0,0.00,35.00,28.00,-3.12,100,100,0.00,0,0.00,27.45,11.37,0.25,0.00,0.00,0,0,0,0
6610,OFF,0,0,0.00,35.00,29.00,-3.12,100,100,0.00,0,0.00,27.45,11.37,0.25,0.00,0.00,0,0,0,0
6715,OFF,0,0,0.00,35.00,29.00,-3.12,100,100,0.00,0,0.00,27.45,11.37,0.25,0.00,0.00,0,0,0,0
6820,OFF,0,0,0.00,35.00,29.00,-3.12,100,100,0.00,0,0.00,27.45,11.37,0.25,0.00,0.00,0,0,0,0
6925,OFF,0,0,0.00,35.00,29.00,-3.12,100,100,0.00,0,0.00,27.45,11.37,0.25,0.00,0.00,0,0,0,0
7030,OFF,0,0,0.00,35.00,29.00,-3.12,100,100,0.00,0,0.00,27.45,11.37,0.25,0.00,0.00,0,0,0,0
7135,OFF,0,0,0.00,35.00,29.00,-3.12,100,100,0.00,0,0.00,27.45,11.37,0.25,0.00,0.00,0,0,0,0
7243,OFF,0,0,0.00,35.00,29.00,-3.12,100,100,0.00,0,0.00,27.45,11.37,0.25,0.00,0.00,0,0,0,0
7348,OFF,0,0,0.00,35.00,29.00,-3.12,100,100,0.00,0,0.00,27.45,11.37,0.25,0.00,0.00,0,0,0,0
7453,OFF,0,0,0.00,35.00,29.00,-3.12,100,100,0.00,0,0.00,27.45,11.37,0.25,0.00,0.00,0,0,0,0
7558,OFF,0,0,0.00,35.00,29.00,-3.12,100,100,0.00,0,0.00,27.45,11.37,0.25,0.00,0.00,0,0,0,0
7663,OFF,0,0,0.00,35.00,29.00,-3.12,100,100,0.00,0,0.00,27.45,11.37,0.25,0.00,0.00,0,0,0,0
7768,OFF,0,0,0.00,35.00,28.00,-3.12,100,100,0.00,0,0.00,27.45,11.37,0.25,0.00,0.00,0,0,0,0
7876,OFF,0,0,0.00,35.00,29.00,-3.12,100,100,0.00,0,0.00,27.45,11.37,0.25,0.00,0.00,0,0,0,0
7981,OFF,0,0,0.00,35.00,29.00,-3.12,100,100,0.00,0,0.00,27.45,11.37,0.25,0.00,0.00,0,0,0,0
8086,OFF,0,0,0.00,35.00,29.00,-3.12,100,100,0.00,0,0.00,27.45,11.37,0.25,0.00,0.00,0,0,0,0
8191,OFF,0,0,0.00,35.00,29.00,-3.12,100,100,0.00,0,0.00,27.45,11.37,0.25,0.00,0.00,0,0,0,0
8296,OFF,0,0,0.00,35.00,29.00,-3.12,100,100,0.00,0,0.00,27.45,11.37,0.25,0.00,0.00,0,0,0,0
8401,OFF,0,0,0.00,35.00,29.00,-3.12,100,100,0.00,0,0.00,27.45,11.37,0.25,0.00,0.00,0,0,0,0
8509,OFF,0,0,0.00,35.00,29.00,-3.12,100,100,0.00,0,0.00,27.45,11.37,0.25,0.00,0.00,0,0,0,0
8614,OFF,0,0,0.00,35.00,29.00,-3.12,100,100,0.00,0,0.00,27.45,11.37,0.25,0.00,0.00,0,0,0,0
8719,OFF,0,0,0.00,35.00,29.00,-3.12,100,100,0.00,0,0.00,27.45,11.37,0.25,0.00,0.00,0,0,0,0
8824,OFF,0,0,0.00,35.00,29.00,-3.12,100,100,0.00,0,0.00,27.45,11.37,0.25,0.00,0.00,0,0,0,0
8929,OFF,0,0,0.00,35.00,29.00,-3.12,100,100,0.00,0,0.00,27.45,11.37,0.25,0.00,0.00,0,0,0,0
9034,OFF,0,0,0.00,35.00,28.00,-3.12,100,100,0.00,0,0.00,27.45,11.37,0.25,0.00,0.00,0,0,0,0
9142,OFF,0,0,0.00,35.00,29.00,-3.12,100,100,0.00,0,0.00,27.45,11.37,0.25,0.00,0.00,0,0,0,0
9247,OFF,0,0,0.00,35.00,29.00,-3.12,100,100,0.00,0,0.00,27.45,11.37,0.25,0.00,0.00,0,0,0,0
9352,OFF,0,0,0.00,35.00,29.00,-3.12,100,100,0.00,0,0.00,27.45,11.37,0.25,0.00,0.00,0,0,0,0
9457,OFF,0,0,0.00,35.00,29.00,-3.12,100,100,0.00,0,0.00,27.45,11.37,0.25,0.00,0.00,0,0,0,0
9562,OFF,0,0,0.00,35.00,29.00,-3.12,100,100,0.00,0,0.00,27.45,11.37,0.25,0.00,0.00,0,0,0,0
9667,OFF,0,0,0.00,35.00,29.00,-3.12,100,100,0.00,0,0.00,27.45,11.37,0.25,0.00,0.00,0,0,0,0
9775,OFF,0,0,0.00,35.00,29.00,-3.12,100,100,0.00,0,0.00,27.45,11.37,0.25,0.00,0.00,0,0,0,0
9879,OFF,0,0,0.00,35.00,29.00,-3.12,100,100,0.00,0,0.00,27.45,11.37,0.25,0.00,0.00,0,0,0,0
9983,OFF,0,0,0.00,35.00,29.00,-3.12,100,100,0.00,0,0.00,27.45,11.37,0.25,0.00,0.00,0,0,0,0
10087,OFF,0,0,0.00,35.00,29.00,-3.12,100,100,0.00,0,0.00,27.45,11.37,0.25,0.00,0.00,0,0,0,0
10191,OFF,0,0,0.00,35.00,29.00,-3.12,100,100,0.00,0,0.00,27.45,11.37,0.25,0.00,0.00,0,0,0,0
10295,OFF,0,0,0.00,35.00,29.00,-3.12,100,100,0.00,0,0.00,27.45,11.37,0.25,0.00,0.00,0,0,0,0
10403,OFF,0,0,0.00,35.00,29.00,-3.12,100,100,0.00,0,0.00,27.45,11.37,0.25,0.00,0.00,0,0,0,0
10507,OFF,0,0,0.00,35.00,29.00,-3.12,100,100,0.00,0,0.00,27.45,11.37,0.25,0.00,0.00,0,0,0,0
10611,OFF,0,0,0.00,35.00,28.00,-3.12,100,100,0.00,0,0.00,27.45,11.37,0.25,0.00,0.00,0,0,0,0
10715,OFF,0,0,0.00,35.00,29.00,-3.12,100,100,0.00,0,0.00,27.45,11.37,0.25,0.00,0.00,0,0,0,0
10819,OFF,0,0,0.00,35.00,29.00,-3.12,100,100,0.00,0,0.00,27.45,11.37,0.25,0.00,0.00,0,0,0,0
10923,OFF,0,0,0.00,35.00,29.00,-3.12,100,100,0.00,0,0.00,27.45,11.37,0.25,0.00,0.00,0,0,0,0
11031,OFF,0,0,0.00,35.00,29.00,-3.12,100,100,0.00,0,0.00,27.45,11.37,0.25,0.00,0.00,0,0,0,0
11136,OFF,0,0,0.00,35.00,29.00,-3.12,100,100,0.00,0,0.00,27.45,11.37,0.25,0.00,0.00,0,0,0,0
11241,OFF,0,0,0.00,35.00,29.00,-3.12,100,100,0.00,0,0.00,27.45,11.37,0.25,0.00,0.00,0,0,0,0
11346,OFF,0,0,0.00,35.00,29.00,-3.12,100,100,0.00,0,0.00,27.45,11.37,0.25,0.00,0.00,0,0,0,0
11451,OFF,0,0,0.00,35.00,29.00,-3.12,100,100,0.00,0,0.00,27.45,11.37,0.25,0.00,0.00,0,0,0,0
11556,OFF,0,0,0.00,35.00,29.00,-3.12,100,100,0.00,0,0.00,27.45,11.37,0.25,0.00,0.00,0,0,0,0
11664,OFF,0,0,0.00,35.00,29.00,-3.12,100,100,0.00,0,0.00,27.45,11.37,0.25,0.00,0.00,0,0,0,0
11769,OFF,0,0,0.00,35.00,29.00,-3.12,100,100,0.00,0,0.00,27.45,11.37,0.25,0.00,0.00,0,0,0,0
11874,OFF,0,0,0.00,35.00,29.00,-3.12,100,100,0.00,0,0.00,27.45,11.37,0.25,0.00,0.00,0,0,0,0
11979,OFF,0,0,0.00,35.00,29.00,-3.12,100,100,0.00,0,0.00,27.45,11.37,0.25,0.00,0.00,0,0,0,0
12084,OFF,0,0,0.00,35.00,29.00,-3.12,100,100,0.00,0,0.00,27.45,11.37,0.25,0.00,0.00,0,0,0,0
12189,OFF,0,0,0.00,35.00,29.00,-3.12,100,100,0.00,0,0.00,27.45,11.37,0.25,0.00,0.00,0,0,0,0
12297,OFF,0,0,0.00,35.00,29.00,-3.12,100,100,0.00,0,0.00,27.45,11.37,0.25,0.00,0.00,0,0,0,0
12402,OFF,0,0,0.00,35.00,29.00,-3.12,100,100,0.00,0,0.00,27.45,11.37,0.25,0.00,0.00,0,0,0,0
12507,OFF,0,0,0.00,35.00,29.00,-3.12,100,100,0.00,0,0.00,27.45,11.37,0.25,0.00,0.00,0,0,0,0
12612,OFF,0,0,0.00,35.00,28.00,-3.12,100,100,0.00,0,0.00,27.45,11.37,0.25,0.00,0.00,0,0,0,0
12717,OFF,0,0,0.00,35.00,29.00,-3.12,100,100,0.00,0,0.00,27.45,11.37,0.25,0.00,0.00,0,0,0,0
12822,OFF,0,0,0.00,35.00,29.00,-3.12,100,100,0.00,0,0.00,27.45,11.37,0.25,0.00,0.00,0,0,0,0
12930,OFF,0,0,0.00,35.00,29.00,-3.12,100,100,0.00,0,0.00,27.45,11.37,0.25,0.00,0.00,0,0,0,0
13035,OFF,0,0,0.00,35.00,29.00,-3.12,100,100,0.00,0,0.00,27.45,11.37,0.25,0.00,0.00,0,0,0,0
13140,OFF,0,0,0.00,35.00,29.00,-3.12,100,100,0.00,0,0.00,27.45,11.37,0.25,0.00,0.00,0,0,0,0
13245,OFF,0,0,0.00,35.00,29.00,-3.12,100,100,0.00,0,0.00,27.45,11.37,0.25,0.00,0.00,0,0,0,0
13350,OFF,0,0,0.00,35.00,29.00,-3.12,100,100,0.00,0,0.00,27.45,11.37,0.25,0.00,0.00,0,0,0,0
13455,OFF,0,0,0.00,35.00,29.00,-3.12,100,100,0.00,0,0.00,27.45,11.37,0.25,0.00,0.00,0,0,0,0
13563,OFF,0,0,0.00,35.00,29.00,-3.12,100,100,0.00,0,0.00,27.45,11.37,0.25,0.00,0.00,0,0,0,0
13668,OFF,0,0,0.00,35.00,29.00,-3.12,100,100,0.00,0,0.00,27.45,11.37,0.25,0.00,0.00,0,0,0,0
13773,OFF,0,0,0.00,35.00,29.00,-3.12,100,100,0.00,0,0.00,27.45,11.37,0.25,0.00,0.00,0,0,0,0
13878,OFF,0,0,0.00,35.00,29.00,-3.12,100,100,0.00,0,0.00,27.45,11.37,0.25,0.00,0.00,0,0,0,0
13983,OFF,0,0,0.00,35.00,29.00,-3.12,100,100,0.00,0,0.00,27.45,11.37,0.25,0.00,0.00,0,0,0,0
14088,OFF,0,0,0.00,35.00,29.00,-3.12,100,100,0.00,0,0.00,27.45,11.37,0.25,0.00,0.00,0,0,0,0
14196,OFF,0,0,0.00,35.00,29.00,-3.12,100,100,0.00,0,0.00,27.45,11.37,0.25,0.00,0.00,0,0,0,0
14301,OFF,0,0,0.00,35.00,29.00,-3.12,100,100,0.00,0,0.00,27.45,11.37,0.25,0.00,0.00,0,0,0,0
14406,OFF,0,0,0.00,35.00,29.00,-3.12,100,100,0.00,0,0.00,27.45,11.37,0.25,0.00,0.00,0,0,0,0
14511,OFF,0,0,0.00,35.00,29.00,-3.12,100,100,0.00,0,0.00,27.45,11.37,0.25,0.00,0.00,0,0,0,0
14616,OFF,0,0,0.00,35.00,29.00,-3.12,100,100,0.00,0,0.00,27.45,11.37,0.25,0.00,0.00,0,0,0,0
14721,OFF,0,0,0.00,35.00,29.00,-3.12,100,100,0.00,0,0.00,27.45,11.37,0.25,0.00,0.00,0,0,0,0
14829,OFF,0,0,0.00,35.00,28.00,-3.12,100,100,0.00,0,0.00,27.45,11.37,0.25,0.00,0.00,0,0,0,0
14934,OFF,0,0,0.00,35.00,29.00,-3.12,100,100,0.00,0,0.00,27.45,11.37,0.25,0.00,0.00,0,0,0,0
15039,OFF,0,0,0.00,35.00,29.00,-3.12,100,100,0.00,0,0.00,27.45,11.37,0.25,0.00,0.00,0,0,0,0
15144,OFF,0,0,0.00,35.00,28.00,-3.12,100,100,0.00,0,0.00,27.45,11.37,0.25,0.00,0.00,0,0,0,0
15249,OFF,0,0,0.00,35.00,29.00,-3.12,100,100,0.00,0,0.00,27.45,11.37,0.25,0.00,0.00,0,0,0,0
15354,OFF,0,0,0.00,35.00,29.00,-3.12,100,100,0.00,0,0.00,27.45,11.37,0.25,0.00,0.00,0,0,0,0
15462,OFF,0,0,0.00,35.00,29.00,-3.12,100,100,0.00,0,0.00,27.45,11.37,0.25,0.00,0.00,0,0,0,0
15567,OFF,0,0,0.00,35.00,29.00,-3.12,100,100,0.00,0,0.00,27.45,11.37,0.25,0.00,0.00,0,0,0,0
15672,OFF,0,0,0.00,35.00,29.00,-3.12,100,100,0.00,0,0.00,27.45,11.37,0.25,0.00,0.00,0,0,0,0
15777,OFF,0,0,0.00,35.00,29.00,-3.12,100,100,0.00,0,0.00,27.45,11.37,0.25,0.00,0.00,0,0,0,0
15882,OFF,0,0,0.00,35.00,29.00,-3.12,100,100,0.00,0,0.00,27.45,11.37,0.25,0.00,0.00,0,0,0,0
15987,OFF,0,0,0.00,35.00,29.00,-3.12,100,100,0.00,0,0.00,27.45,11.37,0.25,0.00,0.00,0,0,0,0
16095,OFF,0,0,0.00,35.00,29.00,-3.12,100,100,0.00,0,0.00,27.45,11.37,0.25,0.00,0.00,0,0,0,0
16200,OFF,0,0,0.00,35.00,29.00,-3.12,100,100,0.00,0,0.00,27.45,11.37,0.25,0.00,0.00,0,0,0,0
16305,OFF,0,0,0.00,35.00,29.00,-3.12,100,100,0.00,0,0.00,27.45,11.37,0.25,0.00,0.00,0,0,0,0
16410,OFF,0,0,0.00,35.00,29.00,-3.12,100,100,0.00,0,0.00,27.45,11.37,0.25,0.00,0.00,0,0,0,0
16515,OFF,0,0,0.00,35.00,29.00,-3.12,100,100,0.00,0,0.00,27.45,11.37,0.25,0.00,0.00,0,0,0,0
16620,OFF,0,0,0.00,35.00,29.00,-3.12,100,100,0.00,0,0.00,27.45,11.37,0.25,0.00,0.00,0,0,0,0
16728,OFF,0,0,0.00,35.00,29.00,-3.12,100,100,0.00,0,0.00,27.45,11.37,0.25,0.00,0.00,0,0,0,0
16833,OFF,0,0,0.00,35.00,29.00,-3.12,100,100,0.00,0,0.00,27.45,11.37,0.25,0.00,0.00,0,0,0,0
16938,OFF,0,0,0.00,35.00,29.00,-3.12,100,100,0.00,0,0.00,27.45,11.37,0.25,0.00,0.00,0,0,0,0
17043,OFF,0,0,0.00,35.00,29.00,-3.12,100,100,0.00,0,0.00,27.45,11.37,0.25,0.00,0.00,0,0,0,0
17148,OFF,0,0,0.00,35.00,29.00,-3.12,100,100,0.00,0,0.00,27.45,11.37,0.25,0.00,0.00,0,0,0,0
17253,OFF,0,0,0.00,35.00,29.00,-3.12,100,100,0.00,0,0.00,27.45,11.37,0.25,0.00,0.00,0,0,0,0
17361,OFF,0,0,0.00,35.00,29.00,-3.12,100,100,0.00,0,0.00,27.45,11.37,0.25,0.00,0.00,0,0,0,0
17466,OFF,0,0,0.00,35.00,29.00,-3.12,100,100,0.00,0,0.00,27.45,11.37,0.25,0.00,0.00,0,0,0,0
17571,OFF,0,0,0.00,35.00,29.00,-3.12,100,100,0.00,0,0.00,27.45,11.37,0.25,0.00,0.00,0,0,0,0
17676,OFF,0,0,0.00,35.00,29.00,-3.12,100,100,0.00,0,0.00,27.45,11.37,0.25,0.00,0.00,0,0,0,0
17781,OFF,0,0,0.00,35.00,29.00,-3.12,100,100,0.00,0,0.00,27.45,11.37,0.25,0.00,0.00,0,0,0,0
17886,OFF,0,0,0.00,35.00,29.00,-3.12,100,100,0.00,0,0.00,27.45,11.37,0.25,0.00,0.00,0,0,0,0
17994,OFF,0,0,0.00,35.00,28.00,-3.12,100,100,0.00,0,0.00,27.45,11.37,0.25,0.00,0.00,0,0,0,0
18099,OFF,0,0,0.00,35.00,29.00,-3.12,100,100,0.00,0,0.00,27.45,11.37,0.25,0.00,0.00,0,0,0,0
18204,OFF,0,0,0.00,35.00,29.00,-3.12,100,100,0.00,0,0.00,27.45,11.37,0.25,0.00,0.00,0,0,0,0
18309,OFF,0,0,0.00,35.00,28.00,-3.12,100,100,0.00,0,0.00,27.45,11.37,0.25,0.00,0.00,0,0,0,0
18414,OFF,0,0,0.00,35.00,29.00,-3.12,100,100,0.00,0,0.00,27.45,11.37,0.25,0.00,0.00,0,0,0,0
18519,OFF,0,0,0.00,35.00,29.00,-3.12,100,100,0.00,0,0.00,27.45,11.37,0.25,0.00,0.00,0,0,0,0
18627,OFF,0,0,0.00,35.00,29.00,-3.12,100,100,0.00,0,0.00,27.45,11.37,0.25,0.00,0.00,0,0,0,0
18732,OFF,0,0,0.00,35.00,29.00,-3.12,100,100,0.00,0,0.00,27.45,11.37,0.25,0.00,0.00,0,0,0,0
18837,OFF,0,0,0.00,35.00,29.00,-3.12,100,100,0.00,0,0.00,27.45,11.37,0.25,0.00,0.00,0,0,0,0
18942,OFF,0,0,0.00,35.00,29.00,-3.12,100,100,0.00,0,0.00,27.45,11.37,0.25,0.00,0.00,0,0,0,0
19047,OFF,0,0,0.00,35.00,29.00,-3.12,100,100,0.00,0,0.00,27.45,11.37,0.25,0.00,0.00,0,0,0,0
19152,OFF,0,0,0.00,35.00,29.00,-3.12,100,100,0.00,0,0.00,27.45,11.37,0.25,0.00,0.00,0,0,0,0
19260,OFF,0,0,0.00,35.00,29.00,-3.12,100,100,0.00,0,0.00,27.45,11.37,0.25,0.00,0.00,0,0,0,0
19365,OFF,0,0,0.00,35.00,29.00,-3.12,100,100,0.00,0,0.00,27.45,11.37,0.25,0.00,0.00,0,0,0,0
19470,OFF,0,0,0.00,35.00,29.00,-3.12,100,100,0.00,0,0.00,27.45,11.37,0.25,0.00,0.00,0,0,0,0
19575,OFF,0,0,0.00,35.00,29.00,-3.12,100,100,0.00,0,0.00,27.45,11.37,0.25,0.00,0.00,0,0,0,0
19680,OFF,0,0,0.00,35.00,29.00,-3.12,100,100,0.00,0,0.00,27.45,11.37,0.25,0.00,0.00,0,0,0,0
19784,OFF,0,0,0.00,35.00,29.00,-3.12,100,100,0.00,0,0.00,27.45,11.37,0.25,0.00,0.00,0,0,0,0
19892,OFF,0,0,0.00,35.00,29.00,-3.12,100,100,0.00,0,0.00,27.45,11.37,0.25,0.00,0.00,0,0,0,0
19997,OFF,0,0,0.00,35.00,29.00,-3.12,100,100,0.00,0,0.00,27.45,11.37,0.25,0.00,0.00,0,0,0,0
20102,OFF,0,0,0.00,35.00,29.00,-3.12,100,100,0.00,0,0.00,27.45,11.37,0.25,0.00,0.00,0,0,0,0
20207,OFF,0,0,0.00,35.00,28.00,-3.12,100,100,0.00,0,0.00,27.45,11.37,0.25,0.00,0.00,0,0,0,0
20312,OFF,0,0,0.00,35.00,29.00,-3.12,100,100,0.00,0,0.00,27.45,11.37,0.25,0.00,0.00,0,0,0,0
20417,OFF,0,0,0.00,35.00,29.00,-3.12,100,100,0.00,0,0.00,27.45,11.37,0.25,0.00,0.00,0,0,0,0
20525,OFF,0,0,0.00,35.00,29.00,-3.12,100,100,0.00,0,0.00,27.45,11.37,0.25,0.00,0.00,0,0,0,0
20630,OFF,0,0,0.00,35.00,29.00,-3.12,100,100,0.00,0,0.00,27.45,11.37,0.25,0.00,0.00,0,0,0,0
20735,OFF,0,0,0.00,35.00,29.00,-3.12,100,100,0.00,0,0.00,27.45,11.37,0.25,0.00,0.00,0,0,0,0
20840,OFF,0,0,0.00,35.00,28.00,-3.12,100,100,0.00,0,0.00,27.45,11.37,0.25,0.00,0.00,0,0,0,0
20945,OFF,0,0,0.00,35.00,29.00,-3.12,100,100,0.00,0,0.00,27.45,11.37,0.25,0.00,0.00,0,0,0,0
21050,OFF,0,0,0.00,35.00,29.00,-3.12,100,100,0.00,0,0.00,27.45,11.37,0.25,0.00,0.00,0,0,0,0
21158,OFF,0,0,0.00,35.00,29.00,-3.12,100,100,0.00,0,0.00,27.45,11.37,0.25,0.00,0.00,0,0,0,0
21263,OFF,0,0,0.00,35.00,29.00,-3.12,100,100,0.00,0,0.00,27.45,11.37,0.25,0.00,0.00,0,0,0,0
21368,OFF,0,0,0.00,35.00,29.00,-3.12,100,100,0.00,0,0.00,27.45,11.37,0.25,0.00,0.00,0,0,0,0
21473,OFF,0,0,0.00,35.00,28.00,-3.12,100,100,0.00,0,0.00,27.45,11.37,0.25,0.00,0.00,0,0,0,0
21578,OFF,0,0,0.00,35.00,29.00,-3.12,100,100,0.00,0,0.00,27.45,11.37,0.25,0.00,0.00,0,0,0,0
21683,OFF,0,0,0.00,35.00,29.00,-3.12,100,100,0.00,0,0.00,27.45,11.37,0.25,0.00,0.00,0,0,0,0
21791,OFF,0,0,0.00,35.00,29.00,-3.12,100,100,0.00,0,0.00,27.45,11.37,0.25,0.00,0.00,0,0,0,0
21896,OFF,0,0,0.00,35.00,29.00,-3.12,100,100,0.00,0,0.00,27.45,11.37,0.25,0.00,0.00,0,0,0,0
22001,OFF,0,0,0.00,35.00,29.00,-3.12,100,100,0.00,0,0.00,27.45,11.37,0.25,0.00,0.00,0,0,0,0
22106,OFF,0,0,0.00,35.00,29.00,-3.12,100,100,0.00,0,0.00,27.45,11.37,0.25,0.00,0.00,0,0,0,0
22211,OFF,0,0,0.00,35.00,29.00,-3.12,100,100,0.00,0,0.00,27.45,11.37,0.25,0.00,0.00,0,0,0,0
22316,OFF,0,0,0.00,35.00,29.00,-3.12,100,100,0.00,0,0.00,27.45,11.37,0.25,0.00,0.00,0,0,0,0
22424,OFF,0,0,0.00,35.00,29.00,-3.12,100,100,0.00,0,0.00,27.45,11.37,0.25,0.00,0.00,0,0,0,0
22529,OFF,0,0,0.00,35.00,29.00,-3.12,100,100,0.00,0,0.00,27.45,11.37,0.25,0.00,0.00,0,0,0,0
22634,OFF,0,0,0.00,35.00,29.00,-3.12,100,100,0.00,0,0.00,27.45,11.37,0.25,0.00,0.00,0,0,0,0
22739,OFF,0,0,0.00,35.00,29.00,-3.12,100,100,0.00,0,0.00,27.45,11.37,0.25,0.00,0.00,0,0,0,0
22844,OFF,0,0,0.00,35.00,29.00,-3.12,100,100,0.00,0,0.00,27.45,11.37,0.25,0.00,0.00,0,0,0,0
22949,OFF,0,0,0.00,35.00,29.00,-3.12,100,100,0.00,0,0.00,27.45,11.37,0.25,0.00,0.00,0,0,0,0
23057,OFF,0,0,0.00,35.00,29.00,-3.12,100,100,0.00,0,0.00,27.45,11.37,0.25,0.00,0.00,0,0,0,0
23162,OFF,0,0,0.00,35.00,29.00,-3.12,100,100,0.00,0,0.00,27.45,11.37,0.25,0.00,0.00,0,0,0,0
23267,OFF,0,0,0.00,35.00,29.00,-3.12,100,100,0.00,0,0.00,27.45,11.37,0.25,0.00,0.00,0,0,0,0
23372,OFF,0,0,0.00,35.00,28.00,-3.12,100,100,0.00,0,0.00,27.45,11.37,0.25,0.00,0.00,0,0,0,0
23477,OFF,0,0,0.00,35.00,29.00,-3.12,100,100,0.00,0,0.00,27.45,11.37,0.25,0.00,0.00,0,0,0,0
23582,OFF,0,0,0.00,35.00,29.00,-3.12,100,100,0.00,0,0.00,27.45,11.37,0.25,0.00,0.00,0,0,0,0
23690,OFF,0,0,0.00,35.00,29.00,-3.12,100,100,0.00,0,0.00,27.45,11.37,0.25,0.00,0.00,0,0,0,0
23795,OFF,0,0,0.00,35.00,29.00,-3.12,100,100,0.00,0,0.00,27.45,11.37,0.25,0.00,0.00,0,0,0,0
23900,OFF,0,0,0.00,35.00,29.00,-3.12,100,100,0.00,0,0.00,27.45,11.37,0.25,0.00,0.00,0,0,0,0
24005,OFF,0,0,0.00,35.00,29.00,-3.12,100,100,0.00,0,0.00,27.45,11.37,0.25,0.00,0.00,0,0,0,0
24110,OFF,0,0,0.00,35.00,29.00,-3.12,100,100,0.00,0,0.00,27.45,11.37,0.25,0.00,0.00,0,0,0,0
24215,OFF,0,0,0.00,35.00,29.00,-3.12,100,100,0.00,0,0.00,27.45,11.37,0.25,0.00,0.00,0,0,0,0
24323,OFF,0,0,0.00,35.00,29.00,-3.12,100,100,0.00,0,0.00,27.45,11.37,0.25,0.00,0.00,0,0,0,0
24428,OFF,0,0,0.00,35.00,29.00,-3.12,100,100,0.00,0,0.00,27.45,11.37,0.25,0.00,0.00,0,0,0,0
24533,OFF,0,0,0.00,35.00,29.00,-3.12,100,100,0.00,0,0.00,27.45,11.37,0.25,0.00,0.00,0,0,0,0
24638,OFF,0,0,0.00,35.00,29.00,-3.12,100,100,0.00,0,0.00,27.45,11.37,0.25,0.00,0.00,0,0,0,0
24743,OFF,0,0,0.00,35.00,29.00,-3.12,100,100,0.00,0,0.00,27.45,11.37,0.25,0.00,0.00,0,0,0,0
24848,OFF,0,0,0.00,35.00,29.00,-3.12,100,100,0.00,0,0.00,27.45,11.37,0.25,0.00,0.00,0,0,0,0
24956,OFF,0,0,0.00,35.00,29.00,-3.12,100,100,0.00,0,0.00,27.45,11.37,0.25,0.00,0.00,0,0,0,0
25061,OFF,0,0,0.00,35.00,29.00,-3.12,100,100,0.00,0,0.00,27.45,11.37,0.25,0.00,0.00,0,0,0,0
25166,OFF,0,0,0.00,35.00,29.00,-3.12,100,100,0.00,0,0.00,27.45,11.37,0.25,0.00,0.00,0,0,0,0
25271,OFF,0,0,0.00,35.00,29.00,-3.12,100,100,0.00,0,0.00,27.45,11.37,0.25,0.00,0.00,0,0,0,0
25376,OFF,0,0,0.00,35.00,29.00,-3.12,100,100,0.00,0,0.00,27.45,11.37,0.25,0.00,0.00,0,0,0,0
25481,OFF,0,0,0.00,35.00,29.00,-3.12,100,100,0.00,0,0.00,27.45,11.37,0.25,0.00,0.00,0,0,0,0
25589,OFF,0,0,0.00,35.00,29.00,-3.12,100,100,0.00,0,0.00,27.45,11.37,0.25,0.00,0.00,0,0,0,0
25694,OFF,0,0,0.00,35.00,29.00,-3.12,100,100,0.00,0,0.00,27.45,11.37,0.25,0.00,0.00,0,0,0,0
25799,OFF,0,0,0.00,35.00,29.00,-3.12,100,100,0.00,0,0.00,27.45,11.37,0.25,0.00,0.00,0,0,0,0
25904,OFF,0,0,0.00,35.00,29.00,-3.12,100,100,0.00,0,0.00,27.45,11.37,0.25,0.00,0.00,0,0,0,0
26009,OFF,0,0,0.00,35.00,29.00,-3.12,100,100,0.00,0,0.00,27.45,11.37,0.25,0.00,0.00,0,0,0,0
26114,OFF,0,0,0.00,35.00,29.00,-3.12,100,100,0.00,0,0.00,27.45,11.37,0.25,0.00,0.00,0,0,0,0
26222,OFF,0,0,0.00,35.00,28.00,-3.12,100,100,0.00,0,0.00,27.45,11.37,0.25,0.00,0.00,0,0,0,0
26327,OFF,0,0,0.00,35.00,29.00,-3.12,100,100,0.00,0,0.00,27.45,11.37,0.25,0.00,0.00,0,0,0,0
26432,OFF,0,0,0.00,35.00,29.00,-3.12,100,100,0.00,0,0.00,27.45,11.37,0.25,0.00,0.00,0,0,0,0
26537,OFF,0,0,0.00,35.00,29.00,-3.12,100,100,0.00,0,0.00,27.45,11.37,0.25,0.00,0.00,0,0,0,0
26642,OFF,0,0,0.00,35.00,29.00,-3.12,100,100,0.00,0,0.00,27.45,11.37,0.25,0.00,0.00,0,0,0,0
26747,OFF,0,0,0.00,35.00,29.00,-3.12,100,100,0.00,0,0.00,27.45,11.37,0.25,0.00,0.00,0,0,0,0
26855,OFF,0,0,0.00,35.00,29.00,-3.12,100,100,0.00,0,0.00,27.45,11.37,0.25,0.00,0.00,0,0,0,0
26960,OFF,0,0,0.00,35.00,29.00,-3.12,100,100,0.00,0,0.00,27.45,11.37,0.25,0.00,0.00,0,0,0,0
27065,OFF,0,0,0.00,35.00,29.00,-3.12,100,100,0.00,0,0.00,27.45,11.37,0.25,0.00,0.00,0,0,0,0
27170,OFF,0,0,0.00,35.00,29.00,-3.12,100,100,0.00,0,0.00,27.45,11.37,0.25,0.00,0.00,0,0,0,0
27275,OFF,0,0,0.00,35.00,29.00,-3.12,100,100,0.00,0,0.00,27.45,11.37,0.25,0.00,0.00,0,0,0,0
27380,OFF,0,0,0.00,35.00,29.00,-3.12,100,100,0.00,0,0.00,27.45,11.37,0.25,0.00,0.00,0,0,0,0
27488,OFF,0,0,0.00,35.00,28.00,-3.12,100,100,0.00,0,0.00,27.45,11.37,0.25,0.00,0.00,0,0,0,0
27593,OFF,0,0,0.00,35.00,29.00,-3.12,100,100,0.00,0,0.00,27.45,11.37,0.25,0.00,0.00,0,0,0,0
27698,OFF,0,0,0.00,35.00,29.00,-3.12,100,100,0.00,0,0.00,27.45,11.37,0.25,0.00,0.00,0,0,0,0
27803,OFF,0,0,0.00,35.00,29.00,-3.12,100,100,0.00,0,0.00,27.45,11.37,0.25,0.00,0.00,0,0,0,0
27908,OFF,0,0,0.00,35.00,29.00,-3.12,100,100,0.00,0,0.00,27.45,11.37,0.25,0.00,0.00,0,0,0,0
28013,OFF,0,0,0.00,35.00,29.00,-3.12,100,100,0.00,0,0.00,27.45,11.37,0.25,0.00,0.00,0,0,0,0
28121,OFF,0,0,0.00,35.00,28.00,-3.12,100,100,0.00,0,0.00,27.45,11.37,0.25,0.00,0.00,0,0,0,0
28226,OFF,0,0,0.00,35.00,29.00,-3.12,100,100,0.00,0,0.00,27.45,11.37,0.25,0.00,0.00,0,0,0,0
28331,OFF,0,0,0.00,35.00,29.00,-3.12,100,100,0.00,0,0.00,27.45,11.37,0.25,0.00,0.00,0,0,0,0
28436,OFF,0,0,0.00,35.00,29.00,-3.12,100,100,0.00,0,0.00,27.45,11.37,0.25,0.00,0.00,0,0,0,0
28541,OFF,0,0,0.00,35.00,29.00,-3.12,100,100,0.00,0,0.00,27.45,11.37,0.25,0.00,0.00,0,0,0,0
28646,OFF,0,0,0.00,35.00,29.00,-3.12,100,100,0.00,0,0.00,27.45,11.37,0.25,0.00,0.00,0,0,0,0
28754,OFF,0,0,0.00,35.00,29.00,-3.12,100,100,0.00,0,0.00,27.45,11.37,0.25,0.00,0.00,0,0,0,0
28859,OFF,0,0,0.00,35.00,29.00,-3.12,100,100,0.00,0,0.00,27.45,11.37,0.25,0.00,0.00,0,0,0,0
28964,OFF,0,0,0.00,35.00,29.00,-3.12,100,100,0.00,0,0.00,27.45,11.37,0.25,0.00,0.00,0,0,0,0
29068,OFF,0,0,0.00,35.00,29.00,-3.12,100,100,0.00,0,0.00,27.45,11.37,0.25,0.00,0.00,0,0,0,0
29173,OFF,0,0,0.00,35.00,29.00,-3.12,100,100,0.00,0,0.00,27.45,11.37,0.25,0.00,0.00,0,0,0,0
29278,OFF,0,0,0.00,35.00,29.00,-3.12,100,100,0.00,0,0.00,27.45,11.37,0.25,0.00,0.00,0,0,0,0
29386,OFF,0,0,0.00,35.00,29.00,-3.12,100,100,0.00,0,0.00,27.45,11.37,0.25,0.00,0.00,0,0,0,0
29491,OFF,0,0,0.00,35.00,29.00,-3.12,100,100,0.00,0,0.00,27.45,11.37,0.25,0.00,0.00,0,0,0,0
29596,OFF,0,0,0.00,35.00,29.00,-3.12,100,100,0.00,0,0.00,27.45,11.37,0.25,0.00,0.00,0,0,0,0
29700,OFF,0,0,0.00,35.00,29.00,-3.12,100,100,0.00,0,0.00,27.45,11.37,0.25,0.00,0.00,0,0,0,0
29805,OFF,0,0,0.00,35.00,29.00,-3.12,100,100,0.00,0,0.00,27.45,11.37,0.25,0.00,0.00,0,0,0,0
29910,OFF,0,0,0.00,35.00,29.00,-3.12,100,100,0.00,0,0.00,27.45,11.37,0.25,0.00,0.00,0,0,0,0
30018,OFF,0,0,0.00,35.00,28.00,-3.12,100,100,0.00,0,0.00,27.45,11.37,0.25,0.00,0.00,0,0,0,0
30123,OFF,0,0,0.00,35.00,29.00,-3.12,100,100,0.00,0,0.00,27.45,11.37,0.25,0.00,0.00,0,0,0,0
30228,OFF,0,0,0.00,35.00,29.00,-3.12,100,100,0.00,0,0.00,27.45,11.37,0.25,0.00,0.00,0,0,0,0
30333,OFF,0,0,0.00,35.00,28.00,-3.12,100,100,0.00,0,0.00,27.45,11.37,0.25,0.00,0.00,0,0,0,0
30438,OFF,0,0,0.00,35.00,29.00,-3.12,100,100,0.00,0,0.00,27.45,11.37,0.25,0.00,0.00,0,0,0,0
30543,OFF,0,0,0.00,35.00,29.00,-3.12,100,100,0.00,0,0.00,27.45,11.37,0.25,0.00,0.00,0,0,0,0
30651,OFF,0,0,0.00,35.00,29.00,-3.12,100,100,0.00,0,0.00,27.45,11.37,0.25,0.00,0.00,0,0,0,0
30756,OFF,0,0,0.00,35.00,29.00,-3.12,100,100,0.00,0,0.00,27.45,11.37,0.25,0.00,0.00,0,0,0,0
30861,OFF,0,0,0.00,35.00,29.00,-3.12,100,100,0.00,0,0.00,27.45,11.37,0.25,0.00,0.00,0,0,0,0
30966,OFF,0,0,0.00,35.00,29.00,-3.12,100,100,0.00,0,0.00,27.45,11.37,0.25,0.00,0.00,0,0,0,0
31071,OFF,0,0,0.00,35.00,29.00,-3.12,100,100,0.00,0,0.00,27.45,11.37,0.25,0.00,0.00,0,0,0,0
31176,OFF,0,0,0.00,35.00,29.00,-3.12,100,100,0.00,0,0.00,27.45,11.37,0.25,0.00,0.00,0,0,0,0
31288,OFF,0,0,0.00,35.00,29.00,-3.12,100,100,0.00,0,0.00,27.45,11.37,0.25,0.00,0.00,0,0,0,0
31393,OFF,0,0,0.00,35.00,29.00,-3.12,100,100,0.00,0,0.00,27.45,11.37,0.25,0.00,0.00,0,0,0,0
31498,OFF,0,0,0.00,35.00,29.00,-3.12,100,100,0.00,0,0.00,27.45,11.37,0.25,0.00,0.00,0,0,0,0
31603,OFF,0,0,0.00,35.00,29.00,-3.12,100,100,0.00,0,0.00,27.45,11.37,0.25,0.00,0.00,0,0,0,0
31708,OFF,0,0,0.00,35.00,29.00,-3.12,100,100,0.00,0,0.00,27.45,11.37,0.25,0.00,0.00,0,0,0,0
31813,OFF,0,0,0.00,35.00,29.00,-3.12,100,100,0.00,0,0.00,27.45,11.37,0.25,0.00,0.00,0,0,0,0
31921,OFF,0,0,0.00,35.00,29.00,-3.12,100,100,0.00,0,0.00,27.45,11.37,0.25,0.00,0.00,0,0,0,0
32026,OFF,0,0,0.00,35.00,29.00,-3.12,100,100,0.00,0,0.00,27.45,11.37,0.25,0.00,0.00,0,0,0,0
32131,OFF,0,0,0.00,35.00,28.00,-3.12,100,100,0.00,0,0.00,27.45,11.37,0.25,0.00,0.00,0,0,0,0
32236,OFF,0,0,0.00,35.00,29.00,-3.12,100,100,0.00,0,0.00,27.45,11.37,0.25,0.00,0.00,0,0,0,0
32341,OFF,0,0,0.00,35.00,29.00,-3.12,100,100,0.00,0,0.00,27.45,11.37,0.25,0.00,0.00,0,0,0,0
32446,OFF,0,0,0.00,35.00,28.00,-3.12,100,100,0.00,0,0.00,27.45,11.37,0.25,0.00,0.00,0,0,0,0
32554,OFF,0,0,0.00,35.00,29.00,-3.12,100,100,0.00,0,0.00,27.45,11.37,0.25,0.00,0.00,0,0,0,0
32659,OFF,0,0,0.00,35.00,29.00,-3.12,100,100,0.00,0,0.00,27.45,11.37,0.25,0.00,0.00,0,0,0,0
32764,OFF,0,0,0.00,35.00,29.00,-3.12,100,100,0.00,0,0.00,27.45,11.37,0.25,0.00,0.00,0,0,0,0
32869,OFF,0,0,0.00,35.00,29.00,-3.12,100,100,0.00,0,0.00,27.45,11.37,0.25,0.00,0.00,0,0,0,0
32974,OFF,0,0,0.00,35.00,29.00,-3.12,100,100,0.00,0,0.00,27.45,11.37,0.25,0.00,0.00,0,0,0,0
33079,OFF,0,0,0.00,35.00,29.00,-3.12,100,100,0.00,0,0.00,27.45,11.37,0.25,0.00,0.00,0,0,0,0
33187,OFF,0,0,0.00,35.00,29.00,-3.12,100,100,0.00,0,0.00,27.45,11.37,0.25,0.00,0.00,0,0,0,0
33292,OFF,0,0,0.00,35.00,29.00,-3.12,100,100,0.00,0,0.00,27.45,11.37,0.25,0.00,0.00,0,0,0,0
33397,OFF,0,0,0.00,35.00,29.00,-3.12,100,100,0.00,0,0.00,27.45,11.37,0.25,0.00,0.00,0,0,0,0
33502,OFF,0,0,0.00,35.00,29.00,-3.12,100,100,0.00,0,0.00,27.45,11.37,0.25,0.00,0.00,0,0,0,0
33607,OFF,0,0,0.00,35.00,29.00,-3.12,100,100,0.00,0,0.00,27.45,11.37,0.25,0.00,0.00,0,0,0,0
33712,OFF,0,0,0.00,35.00,29.00,-3.12,100,100,0.00,0,0.00,27.45,11.37,0.25,0.00,0.00,0,0,0,0
33820,OFF,0,0,0.00,35.00,29.00,-3.12,100,100,0.00,0,0.00,27.45,11.37,0.25,0.00,0.00,0,0,0,0
33925,OFF,0,0,0.00,35.00,29.00,-3.12,100,100,0.00,0,0.00,27.45,11.37,0.25,0.00,0.00,0,0,0,0
34030,OFF,0,0,0.00,35.00,29.00,-3.12,100,100,0.00,0,0.00,27.45,11.37,0.25,0.00,0.00,0,0,0,0
34135,OFF,0,0,0.00,35.00,28.00,-3.12,100,100,0.00,0,0.00,27.45,11.37,0.25,0.00,0.00,0,0,0,0
34240,OFF,0,0,0.00,35.00,29.00,-3.12,100,100,0.00,0,0.00,27.45,11.37,0.25,0.00,0.00,0,0,0,0
34345,OFF,0,0,0.00,35.00,29.00,-3.12,100,100,0.00,0,0.00,27.45,11.37,0.25,0.00,0.00,0,0,0,0
34453,OFF,0,0,0.00,35.00,29.00,-3.12,100,100,0.00,0,0.00,27.45,11.37,0.25,0.00,0.00,0,0,0,0
34558,OFF,0,0,0.00,35.00,29.00,-3.12,100,100,0.00,0,0.00,27.45,11.37,0.25,0.00,0.00,0,0,0,0
34663,OFF,0,0,0.00,35.00,29.00,-3.12,100,100,0.00,0,0.00,27.45,11.37,0.25,0.00,0.00,0,0,0,0
34768,OFF,0,0,0.00,35.00,29.00,-3.12,100,100,0.00,0,0.00,27.45,11.37,0.25,0.00,0.00,0,0,0,0
34873,OFF,0,0,0.00,35.00,29.00,-3.12,100,100,0.00,0,0.00,27.45,11.37,0.25,0.00,0.00,0,0,0,0
34978,OFF,0,0,0.00,35.00,29.00,-3.12,100,100,0.00,0,0.00,27.45,11.37,0.25,0.00,0.00,0,0,0,0
35086,OFF,0,0,0.00,35.00,29.00,-3.12,100,100,0.00,0,0.00,27.45,11.37,0.25,0.00,0.00,0,0,0,0
35191,OFF,0,0,0.00,35.00,29.00,-3.12,100,100,0.00,0,0.00,27.45,11.37,0.25,0.00,0.00,0,0,0,0
35296,OFF,0,0,0.00,35.00,29.00,-3.12,100,100,0.00,0,0.00,27.45,11.37,0.25,0.00,0.00,0,0,0,0
35401,OFF,0,0,0.00,35.00,28.00,-3.12,100,100,0.00,0,0.00,27.45,11.37,0.25,0.00,0.00,0,0,0,0
35506,OFF,0,0,0.00,35.00,29.00,-3.12,100,100,0.00,0,0.00,27.45,11.37,0.25,0.00,0.00,0,0,0,0
35611,OFF,0,0,0.00,35.00,29.00,-3.12,100,100,0.00,0,0.00,27.45,11.37,0.25,0.00,0.00,0,0,0,0
35719,OFF,0,0,0.00,35.00,29.00,-3.12,100,100,0.00,0,0.00,27.45,11.37,0.25,0.00,0.00,0,0,0,0
35824,OFF,0,0,0.00,35.00,29.00,-3.12,100,100,0.00,0,0.00,27.45,11.37,0.25,0.00,0.00,0,0,0,0
35929,OFF,0,0,0.00,35.00,29.00,-3.12,100,100,0.00,0,0.00,27.45,11.37,0.25,0.00,0.00,0,0,0,0
36034,OFF,0,0,0.00,35.00,29.00,-3.12,100,100,0.00,0,0.00,27.45,11.37,0.25,0.00,0.00,0,0,0,0
36139,OFF,0,0,0.00,35.00,29.00,-3.12,100,100,0.00,0,0.00,27.45,11.37,0.25,0.00,0.00,0,0,0,0
36244,OFF,0,0,0.00,35.00,29.00,-3.12,100,100,0.00,0,0.00,27.45,11.37,0.25,0.00,0.00,0,0,0,0
36352,OFF,0,0,0.00,35.00,29.00,-3.12,100,100,0.00,0,0.00,27.45,11.37,0.25,0.00,0.00,0,0,0,0
36457,OFF,0,0,0.00,35.00,29.00,-3.12,100,100,0.00,0,0.00,27.45,11.37,0.25,0.00,0.00,0,0,0,0
36562,OFF,0,0,0.00,35.00,29.00,-3.12,100,100,0.00,0,0.00,27.45,11.37,0.25,0.00,0.00,0,0,0,0
36667,OFF,0,0,0.00,35.00,28.00,-3.12,100,100,0.00,0,0.00,27.45,11.37,0.25,0.00,0.00,0,0,0,0
36772,OFF,0,0,0.00,35.00,29.00,-3.12,100,100,0.00,0,0.00,27.45,11.37,0.25,0.00,0.00,0,0,0,0
36877,OFF,0,0,0.00,35.00,29.00,-3.12,100,100,0.00,0,0.00,27.45,11.37,0.25,0.00,0.00,0,0,0,0
36985,OFF,0,0,0.00,35.00,29.00,-3.12,100,100,0.00,0,0.00,27.45,11.37,0.25,0.00,0.00,0,0,0,0
37090,OFF,0,0,0.00,35.00,29.00,-3.12,100,100,0.00,0,0.00,27.45,11.37,0.25,0.00,0.00,0,0,0,0
37195,OFF,0,0,0.00,35.00,29.00,-3.12,100,100,0.00,0,0.00,27.45,11.37,0.25,0.00,0.00,0,0,0,0
37300,OFF,0,0,0.00,35.00,29.00,-3.12,100,100,0.00,0,0.00,27.45,11.37,0.25,0.00,0.00,0,0,0,0
37405,OFF,0,0,0.00,35.00,29.00,-3.12,100,100,0.00,0,0.00,27.45,11.37,0.25,0.00,0.00,0,0,0,0
37510,OFF,0,0,0.00,35.00,29.00,-3.12,100,100,0.00,0,0.00,27.45,11.37,0.25,0.00,0.00,0,0,0,0
37618,OFF,0,0,0.00,35.00,29.00,-3.12,100,100,0.00,0,0.00,27.45,11.37,0.25,0.00,0.00,0,0,0,0
37723,OFF,0,0,0.00,35.00,29.00,-3.12,100,100,0.00,0,0.00,27.45,11.37,0.25,0.00,0.00,0,0,0,0
37827,OFF,0,0,0.00,35.00,29.00,-3.12,100,100,0.00,0,0.00,27.45,11.37,0.25,0.00,0.00,0,0,0,0
37931,OFF,0,0,0.00,35.00,29.00,-3.12,100,100,0.00,0,0.00,27.45,11.37,0.25,0.00,0.00,0,0,0,0
38035,OFF,0,0,0.00,35.00,29.00,-3.12,100,100,0.00,0,0.00,27.45,11.37,0.25,0.00,0.00,0,0,0,0
38139,OFF,0,0,0.00,35.00,29.00,-3.12,100,100,0.00,0,0.00,27.45,11.37,0.25,0.00,0.00,0,0,0,0
38247,OFF,0,0,0.00,35.00,29.00,-3.12,100,100,0.00,0,0.00,27.45,11.37,0.25,0.00,0.00,0,0,0,0
38353,OFF,0,0,0.00,35.00,29.00,-3.12,100,100,0.00,0,0.00,27.45,11.37,0.25,0.00,0.00,0,0,0,0
38458,OFF,0,0,0.00,35.00,29.00,-3.12,100,100,0.00,0,0.00,27.45,11.37,0.25,0.00,0.00,0,0,0,0
38562,OFF,0,0,0.00,35.00,28.00,-3.12,100,100,0.00,0,0.00,27.45,11.37,0.25,0.00,0.00,0,0,0,0
38666,OFF,0,0,0.00,35.00,29.00,-3.12,100,100,0.00,0,0.00,27.45,11.37,0.25,0.00,0.00,0,0,0,0
38773,OFF,0,0,0.00,35.00,29.00,-3.12,100,100,0.00,0,0.00,27.45,11.37,0.25,0.00,0.00,0,0,0,0
38877,OFF,0,0,0.00,35.00,29.00,-3.12,100,100,0.00,0,0.00,27.45,11.37,0.25,0.00,0.00,0,0,0,0
38981,OFF,0,0,0.00,35.00,29.00,-3.12,100,100,0.00,0,0.00,27.45,11.37,0.25,0.00,0.00,0,0,0,0
39086,OFF,0,0,0.00,35.00,29.00,-3.12,100,100,0.00,0,0.00,27.45,11.37,0.25,0.00,0.00,0,0,0,0
39191,OFF,0,0,0.00,35.00,29.00,-3.12,100,100,0.00,0,0.00,27.45,11.37,0.25,0.00,0.00,0,0,0,0
39296,OFF,0,0,0.00,35.00,29.00,-3.12,100,100,0.00,0,0.00,27.45,11.37,0.25,0.00,0.00,0,0,0,0
39404,OFF,0,0,0.00,35.00,28.00,-3.12,100,100,0.00,0,0.00,27.45,11.37,0.25,0.00,0.00,0,0,0,0
39509,OFF,0,0,0.00,35.00,29.00,-3.12,100,100,0.00,0,0.00,27.45,11.37,0.25,0.00,0.00,0,0,0,0
39614,OFF,0,0,0.00,35.00,29.00,-3.12,100,100,0.00,0,0.00,27.45,11.37,0.25,0.00,0.00,0,0,0,0
39719,OFF,0,0,0.00,35.00,29.00,-3.12,100,100,0.00,0,0.00,27.45,11.37,0.25,0.00,0.00,0,0,0,0
39824,OFF,0,0,0.00,35.00,29.00,-3.12,100,100,0.00,0,0.00,27.45,11.37,0.25,0.00,0.00,0,0,0,0
39929,OFF,0,0,0.00,35.00,29.00,-3.12,100,100,0.00,0,0.00,27.45,11.37,0.25,0.00,0.00,0,0,0,0
40037,OFF,0,0,0.00,35.00,29.00,-3.12,100,100,0.00,0,0.00,27.45,11.37,0.25,0.00,0.00,0,0,0,0
40142,OFF,0,0,0.00,35.00,29.00,-3.12,100,100,0.00,0,0.00,27.45,11.37,0.25,0.00,0.00,0,0,0,0
40247,OFF,0,0,0.00,35.00,29.00,-3.12,100,100,0.00,0,0.00,27.45,11.37,0.25,0.00,0.00,0,0,0,0
40352,OFF,0,0,0.00,35.00,29.00,-3.12,100,100,0.00,0,0.00,27.45,11.37,0.25,0.00,0.00,0,0,0,0
40457,OFF,0,0,0.00,35.00,28.00,-3.12,100,100,0.00,0,0.00,27.45,11.37,0.25,0.00,0.00,0,0,0,0
40562,OFF,0,0,0.00,35.00,29.00,-3.12,100,100,0.00,0,0.00,27.45,11.37,0.25,0.00,0.00,0,0,0,0
40670,OFF,0,0,0.00,35.00,29.00,-3.12,100,100,0.00,0,0.00,27.45,11.37,0.25,0.00,0.00,0,0,0,0
40775,OFF,0,0,0.00,35.00,29.00,-3.12,100,100,0.00,0,0.00,27.45,11.37,0.25,0.00,0.00,0,0,0,0
40880,OFF,0,0,0.00,35.00,29.00,-3.12,100,100,0.00,0,0.00,27.45,11.37,0.25,0.00,0.00,0,0,0,0
40985,OFF,0,0,0.00,35.00,28.00,-3.12,100,100,0.00,0,0.00,27.45,11.37,0.25,0.00,0.00,0,0,0,0
41090,OFF,0,0,0.00,35.00,29.00,-3.12,100,100,0.00,0,0.00,27.45,11.37,0.25,0.00,0.00,0,0,0,0
41195,OFF,0,0,0.00,35.00,29.00,-3.12,100,100,0.00,0,0.00,27.45,11.37,0.25,0.00,0.00,0,0,0,0
41303,OFF,0,0,0.00,35.00,29.00,-3.12,100,100,0.00,0,0.00,27.45,11.37,0.25,0.00,0.00,0,0,0,0
41408,OFF,0,0,0.00,35.00,29.00,-3.12,100,100,0.00,0,0.00,27.45,11.37,0.25,0.00,0.00,0,0,0,0
41513,OFF,0,0,0.00,35.00,29.00,-3.12,100,100,0.00,0,0.00,27.45,11.37,0.25,0.00,0.00,0,0,0,0
41618,OFF,0,0,0.00,35.00,29.00,-3.12,100,100,0.00,0,0.00,27.45,11.37,0.25,0.00,0.00,0,0,0,0
41723,OFF,0,0,0.00,35.00,29.00,-3.12,100,100,0.00,0,0.00,27.45,11.37,0.25,0.00,0.00,0,0,0,0
41828,OFF,0,0,0.00,35.00,29.00,-3.12,100,100,0.00,0,0.00,27.45,11.37,0.25,0.00,0.00,0,0,0,0
41936,OFF,0,0,0.00,35.00,29.00,-3.12,100,100,0.00,0,0.00,27.45,11.37,0.25,0.00,0.00,0,0,0,0
42041,OFF,0,0,0.00,35.00,29.00,-3.12,100,100,0.00,0,0.00,27.45,11.37,0.25,0.00,0.00,0,0,0,0
42146,OFF,0,0,0.00,35.00,29.00,-3.12,100,100,0.00,0,0.00,27.45,11.37,0.25,0.00,0.00,0,0,0,0
42251,OFF,0,0,0.00,35.00,29.00,-3.12,100,100,0.00,0,0.00,27.45,11.37,0.25,0.00,0.00,0,0,0,0
42356,OFF,0,0,0.00,35.00,29.00,-3.12,100,100,0.00,0,0.00,27.45,11.37,0.25,0.00,0.00,0,0,0,0
42461,OFF,0,0,0.00,35.00,29.00,-3.12,100,100,0.00,0,0.00,27.45,11.37,0.25,0.00,0.00,0,0,0,0
42576,OFF,0,0,0.00,35.00,29.00,-3.12,100,100,0.00,0,0.00,27.45,11.37,0.25,0.00,0.00,0,0,0,0
42715,OFF,0,0,0.00,35.00,29.00,-3.12,100,100,0.00,0,0.00,27.45,11.37,0.25,0.00,0.00,0,0,0,0
42871,OFF,0,0,0.00,35.00,29.00,-3.12,100,100,0.00,0,0.00,27.45,11.37,0.25,0.00,0.00,0,0,0,0
43037,OFF,0,0,0.00,35.00,29.00,-3.12,100,100,0.00,0,0.00,27.45,11.37,0.25,0.00,0.00,0,0,0,0
43198,OFF,0,0,0.00,35.00,29.00,-3.12,100,100,0.00,0,0.00,27.45,11.37,0.25,0.00,0.00,0,0,0,0
43359,OFF,0,0,0.00,35.00,29.00,-3.12,100,100,0.00,0,0.00,27.45,11.37,0.25,0.00,0.00,0,0,0,0
43513,OFF,0,0,0.00,35.00,29.00,-3.12,100,100,0.00,0,0.00,27.45,11.37,0.25,0.00,0.00,0,0,0,0
43618,OFF,0,0,0.00,35.00,29.00,-3.12,100,100,0.00,0,0.00,27.45,11.37,0.25,0.00,0.00,0,0,0,0
43723,OFF,0,0,0.00,35.00,28.00,-3.12,100,100,0.00,0,0.00,27.45,11.37,0.25,0.00,0.00,0,0,0,0
43828,OFF,0,0,0.00,35.00,29.00,-3.12,100,100,0.00,0,0.00,27.45,11.37,0.25,0.00,0.00,0,0,0,0
43933,OFF,0,0,0.00,35.00,29.00,-3.12,100,100,0.00,0,0.00,27.45,11.37,0.25,0.00,0.00,0,0,0,0
44038,OFF,0,0,0.00,35.00,28.00,-3.12,100,100,0.00,0,0.00,27.45,11.37,0.25,0.00,0.00,0,0,0,0
44146,OFF,0,0,0.00,35.00,29.00,-3.12,100,100,0.00,0,0.00,27.45,11.37,0.25,0.00,0.00,0,0,0,0
44251,OFF,0,0,0.00,35.00,29.00,-3.12,100,100,0.00,0,0.00,27.45,11.37,0.25,0.00,0.00,0,0,0,0
44356,OFF,0,0,0.00,35.00,28.00,-3.12,100,100,0.00,0,0.00,27.45,11.37,0.25,0.00,0.00,0,0,0,0
44461,OFF,0,0,0.00,35.00,29.00,-3.12,100,100,0.00,0,0.00,27.45,11.37,0.25,0.00,0.00,0,0,0,0
44566,OFF,0,0,0.00,35.00,29.00,-3.12,100,100,0.00,0,0.00,27.45,11.37,0.25,0.00,0.00,0,0,0,0
44671,OFF,0,0,0.00,35.00,29.00,-3.12,100,100,0.00,0,0.00,27.45,11.37,0.25,0.00,0.00,0,0,0,0
44779,OFF,0,0,0.00,35.00,29.00,-3.12,100,100,0.00,0,0.00,27.45,11.37,0.25,0.00,0.00,0,0,0,0
44884,OFF,0,0,0.00,35.00,29.00,-3.12,100,100,0.00,0,0.00,27.45,11.37,0.25,0.00,0.00,0,0,0,0
44989,OFF,0,0,0.00,35.00,29.00,-3.12,100,100,0.00,0,0.00,27.45,11.37,0.25,0.00,0.00,0,0,0,0
45094,OFF,0,0,0.00,35.00,29.00,-3.12,100,100,0.00,0,0.00,27.45,11.37,0.25,0.00,0.00,0,0,0,0
45199,OFF,0,0,0.00,35.00,29.00,-3.12,100,100,0.00,0,0.00,27.45,11.37,0.25,0.00,0.00,0,0,0,0
45304,OFF,0,0,0.00,35.00,29.00,-3.12,100,100,0.00,0,0.00,27.45,11.37,0.25,0.00,0.00,0,0,0,0
45412,OFF,0,0,0.00,35.00,29.00,-3.12,100,100,0.00,0,0.00,27.45,11.37,0.25,0.00,0.00,0,0,0,0
45517,OFF,0,0,0.00,35.00,29.00,-3.12,100,100,0.00,0,0.00,27.45,11.37,0.25,0.00,0.00,0,0,0,0
45622,OFF,0,0,0.00,35.00,28.00,-3.12,100,100,0.00,0,0.00,27.45,11.37,0.25,0.00,0.00,0,0,0,0
45727,OFF,0,0,0.00,35.00,29.00,-3.12,100,100,0.00,0,0.00,27.45,11.37,0.25,0.00,0.00,0,0,0,0
45832,OFF,0,0,0.00,35.00,29.00,-3.12,100,100,0.00,0,0.00,27.45,11.37,0.25,0.00,0.00,0,0,0,0
45937,OFF,0,0,0.00,35.00,28.00,-3.12,100,100,0.00,0,0.00,27.45,11.37,0.25,0.00,0.00,0,0,0,0
46045,OFF,0,0,0.00,35.00,29.00,-3.12,100,100,0.00,0,0.00,27.45,11.37,0.25,0.00,0.00,0,0,0,0
46150,OFF,0,0,0.00,35.00,29.00,-3.12,100,100,0.00,0,0.00,27.45,11.37,0.25,0.00,0.00,0,0,0,0
46255,OFF,0,0,0.00,35.00,29.00,-3.12,100,100,0.00,0,0.00,27.45,11.37,0.25,0.00,0.00,0,0,0,0
46360,OFF,0,0,0.00,35.00,29.00,-3.12,100,100,0.00,0,0.00,27.45,11.37,0.25,0.00,0.00,0,0,0,0
46465,OFF,0,0,0.00,35.00,29.00,-3.12,100,100,0.00,0,0.00,27.45,11.37,0.25,0.00,0.00,0,0,0,0
46570,OFF,0,0,0.00,35.00,29.00,-3.12,100,100,0.00,0,0.00,27.45,11.37,0.25,0.00,0.00,0,0,0,0
46678,OFF,0,0,0.00,35.00,29.00,-3.12,100,100,0.00,0,0.00,27.45,11.37,0.25,0.00,0.00,0,0,0,0
46783,OFF,0,0,0.00,35.00,29.00,-3.12,100,100,0.00,0,0.00,27.45,11.37,0.25,0.00,0.00,0,0,0,0
46888,OFF,0,0,0.00,35.00,29.00,-3.12,100,100,0.00,0,0.00,27.45,11.37,0.25,0.00,0.00,0,0,0,0
46993,OFF,0,0,0.00,35.00,29.00,-3.12,100,100,0.00,0,0.00,27.45,11.37,0.25,0.00,0.00,0,0,0,0
47098,OFF,0,0,0.00,35.00,29.00,-3.12,100,100,0.00,0,0.00,27.45,11.37,0.25,0.00,0.00,0,0,0,0
47203,OFF,0,0,0.00,35.00,28.00,-3.12,100,100,0.00,0,0.00,27.45,11.37,0.25,0.00,0.00,0,0,0,0
47311,OFF,0,0,0.00,35.00,29.00,-3.12,100,100,0.00,0,0.00,27.45,11.37,0.25,0.00,0.00,0,0,0,0
47415,OFF,0,0,0.00,35.00,29.00,-3.12,100,100,0.00,0,0.00,27.45,11.37,0.25,0.00,0.00,0,0,0,0
47519,OFF,0,0,0.00,35.00,29.00,-3.12,100,100,0.00,0,0.00,27.45,11.37,0.25,0.00,0.00,0,0,0,0
47623,OFF,0,0,0.00,35.00,29.00,-3.12,100,100,0.00,0,0.00,27.45,11.37,0.25,0.00,0.00,0,0,0,0
47727,OFF,0,0,0.00,35.00,29.00,-3.12,100,100,0.00,0,0.00,27.45,11.37,0.25,0.00,0.00,0,0,0,0
47831,OFF,0,0,0.00,35.00,29.00,-3.12,100,100,0.00,0,0.00,27.45,11.37,0.25,0.00,0.00,0,0,0,0
47938,OFF,0,0,0.00,35.00,29.00,-3.12,100,100,0.00,0,0.00,27.45,11.37,0.25,0.00,0.00,0,0,0,0
48042,OFF,0,0,0.00,35.00,29.00,-3.12,100,100,0.00,0,0.00,27.45,11.37,0.25,0.00,0.00,0,0,0,0
48146,OFF,0,0,0.00,35.00,29.00,-3.12,100,100,0.00,0,0.00,27.45,11.37,0.25,0.00,0.00,0,0,0,0
48250,OFF,0,0,0.00,35.00,29.00,-3.12,100,100,0.00,0,0.00,27.45,11.37,0.25,0.00,0.00,0,0,0,0
48354,OFF,0,0,0.00,35.00,29.00,-3.12,100,100,0.00,0,0.00,27.45,11.37,0.25,0.00,0.00,0,0,0,0
48458,OFF,0,0,0.00,35.00,29.00,-3.12,100,100,0.00,0,0.00,27.45,11.37,0.25,0.00,0.00,0,0,0,0
48566,OFF,0,0,0.00,35.00,29.00,-3.12,100,100,0.00,0,0.00,27.45,11.37,0.25,0.00,0.00,0,0,0,0
48671,OFF,0,0,0.00,35.00,29.00,-3.12,100,100,0.00,0,0.00,27.45,11.37,0.25,0.00,0.00,0,0,0,0
48776,OFF,0,0,0.00,35.00,28.00,-3.12,100,100,0.00,0,0.00,27.45,11.37,0.25,0.00,0.00,0,0,0,0
48881,OFF,0,0,0.00,35.00,29.00,-3.12,100,100,0.00,0,0.00,27.45,11.37,0.25,0.00,0.00,0,0,0,0
48986,OFF,0,0,0.00,35.00,29.00,-3.12,100,100,0.00,0,0.00,27.45,11.37,0.25,0.00,0.00,0,0,0,0
49091,OFF,0,0,0.00,35.00,28.00,-3.12,100,100,0.00,0,0.00,27.45,11.37,0.25,0.00,0.00,0,0,0,0
49199,OFF,0,0,0.00,35.00,29.00,-3.12,100,100,0.00,0,0.00,27.45,11.37,0.25,0.00,0.00,0,0,0,0
49304,OFF,0,0,0.00,35.00,29.00,-3.12,100,100,0.00,0,0.00,27.45,11.37,0.25,0.00,0.00,0,0,0,0
49409,OFF,0,0,0.00,35.00,29.00,-3.12,100,100,0.00,0,0.00,27.45,11.37,0.25,0.00,0.00,0,0,0,0
49514,OFF,0,0,0.00,35.00,29.00,-3.12,100,100,0.00,0,0.00,27.45,11.37,0.25,0.00,0.00,0,0,0,0
49619,OFF,0,0,0.00,35.00,29.00,-3.12,100,100,0.00,0,0.00,27.45,11.37,0.25,0.00,0.00,0,0,0,0
49724,OFF,0,0,0.00,35.00,29.00,-3.12,100,100,0.00,0,0.00,27.45,11.37,0.25,0.00,0.00,0,0,0,0
49832,OFF,0,0,0.00,35.00,29.00,-3.12,100,100,0.00,0,0.00,27.45,11.37,0.25,0.00,0.00,0,0,0,0
49937,OFF,0,0,0.00,35.00,29.00,-3.12,100,100,0.00,0,0.00,27.45,11.37,0.25,0.00,0.00,0,0,0,0
50042,OFF,0,0,0.00,35.00,29.00,-3.12,100,100,0.00,0,0.00,27.45,11.37,0.25,0.00,0.00,0,0,0,0
50147,OFF,0,0,0.00,35.00,29.00,-3.12,100,100,0.00,0,0.00,27.45,11.37,0.25,0.00,0.00,0,0,0,0
50252,OFF,0,0,0.00,35.00,29.00,-3.12,100,100,0.00,0,0.00,27.45,11.37,0.25,0.00,0.00,0,0,0,0
50357,OFF,0,0,0.00,35.00,28.00,-3.12,100,100,0.00,0,0.00,27.45,11.37,0.25,0.00,0.00,0,0,0,0
50465,OFF,0,0,0.00,35.00,29.00,-3.12,100,100,0.00,0,0.00,27.45,11.37,0.25,0.00,0.00,0,0,0,0
50570,OFF,0,0,0.00,35.00,29.00,-3.12,100,100,0.00,0,0.00,27.45,11.37,0.25,0.00,0.00,0,0,0,0
50675,OFF,0,0,0.00,35.00,29.00,-3.12,100,100,0.00,0,0.00,27.45,11.37,0.25,0.00,0.00,0,0,0,0
50780,OFF,0,0,0.00,35.00,29.00,-3.12,100,100,0.00,0,0.00,27.45,11.37,0.25,0.00,0.00,0,0,0,0
50885,OFF,0,0,0.00,35.00,29.00,-3.12,100,100,0.00,0,0.00,27.45,11.37,0.25,0.00,0.00,0,0,0,0
50990,OFF,0,0,0.00,35.00,29.00,-3.12,100,100,0.00,0,0.00,27.45,11.37,0.25,0.00,0.00,0,0,0,0
51098,OFF,0,0,0.00,35.00,29.00,-3.12,100,100,0.00,0,0.00,27.45,11.37,0.25,0.00,0.00,0,0,0,0
51203,OFF,0,0,0.00,35.00,29.00,-3.12,100,100,0.00,0,0.00,27.45,11.37,0.25,0.00,0.00,0,0,0,0
51308,OFF,0,0,0.00,35.00,29.00,-3.12,100,100,0.00,0,0.00,27.45,11.37,0.25,0.00,0.00,0,0,0,0
51413,OFF,0,0,0.00,35.00,29.00,-3.12,100,100,0.00,0,0.00,27.45,11.37,0.25,0.00,0.00,0,0,0,0
51518,OFF,0,0,0.00,35.00,29.00,-3.12,100,100,0.00,0,0.00,27.45,11.37,0.25,0.00,0.00,0,0,0,0
51623,OFF,0,0,0.00,35.00,29.00,-3.12,100,100,0.00,0,0.00,27.45,11.37,0.25,0.00,0.00,0,0,0,0
51731,OFF,0,0,0.00,35.00,29.00,-3.12,100,100,0.00,0,0.00,27.45,11.37,0.25,0.00,0.00,0,0,0,0
51836,OFF,0,0,0.00,35.00,29.00,-3.12,100,100,0.00,0,0.00,27.45,11.37,0.25,0.00,0.00,0,0,0,0
51941,OFF,0,0,0.00,35.00,29.00,-3.12,100,100,0.00,0,0.00,27.45,11.37,0.25,0.00,0.00,0,0,0,0
52046,OFF,0,0,0.00,35.00,28.00,-3.12,100,100,0.00,0,0.00,27.45,11.37,0.25,0.00,0.00,0,0,0,0
52151,OFF,0,0,0.00,35.00,29.00,-3.12,100,100,0.00,0,0.00,27.45,11.37,0.25,0.00,0.00,0,0,0,0
52256,OFF,0,0,0.00,35.00,29.00,-3.12,100,100,0.00,0,0.00,27.45,11.37,0.25,0.00,0.00,0,0,0,0
52364,OFF,0,0,0.00,35.00,29.00,-3.12,100,100,0.00,0,0.00,27.45,11.37,0.25,0.00,0.00,0,0,0,0
52469,OFF,0,0,0.00,35.00,29.00,-3.12,100,100,0.00,0,0.00,27.45,11.37,0.25,0.00,0.00,0,0,0,0
52574,OFF,0,0,0.00,35.00,29.00,-3.12,100,100,0.00,0,0.00,27.45,11.37,0.25,0.00,0.00,0,0,0,0
52679,OFF,0,0,0.00,35.00,29.00,-3.12,100,100,0.00,0,0.00,27.45,11.37,0.25,0.00,0.00,0,0,0,0
52784,OFF,0,0,0.00,35.00,29.00,-3.12,100,100,0.00,0,0.00,27.45,11.37,0.25,0.00,0.00,0,0,0,0
52889,OFF,0,0,0.00,35.00,29.00,-3.12,100,100,0.00,0,0.00,27.45,11.37,0.25,0.00,0.00,0,0,0,0
52997,OFF,0,0,0.00,35.00,29.00,-3.12,100,100,0.00,0,0.00,27.45,11.37,0.25,0.00,0.00,0,0,0,0
53102,OFF,0,0,0.00,35.00,29.00,-3.12,100,100,0.00,0,0.00,27.45,11.37,0.25,0.00,0.00,0,0,0,0
53207,OFF,0,0,0.00,35.00,28.00,-3.12,100,100,0.00,0,0.00,27.45,11.37,0.25,0.00,0.00,0,0,0,0
53312,OFF,0,0,0.00,35.00,29.00,-3.12,100,100,0.00,0,0.00,27.45,11.37,0.25,0.00,0.00,0,0,0,0
53417,OFF,0,0,0.00,35.00,29.00,-3.12,100,100,0.00,0,0.00,27.45,11.37,0.25,0.00,0.00,0,0,0,0
53522,OFF,0,0,0.00,35.00,29.00,-3.12,100,100,0.00,0,0.00,27.45,11.37,0.25,0.00,0.00,0,0,0,0
53630,OFF,0,0,0.00,35.00,29.00,-3.12,100,100,0.00,0,0.00,27.45,11.37,0.25,0.00,0.00,0,0,0,0
53735,OFF,0,0,0.00,35.00,29.00,-3.12,100,100,0.00,0,0.00,27.45,11.37,0.25,0.00,0.00,0,0,0,0
53840,OFF,0,0,0.00,35.00,29.00,-3.12,100,100,0.00,0,0.00,27.45,11.37,0.25,0.00,0.00,0,0,0,0
53945,OFF,0,0,0.00,35.00,29.00,-3.12,100,100,0.00,0,0.00,27.45,11.37,0.25,0.00,0.00,0,0,0,0
54050,OFF,0,0,0.00,35.00,29.00,-3.12,100,100,0.00,0,0.00,27.45,11.37,0.25,0.00,0.00,0,0,0,0
54155,OFF,0,0,0.00,35.00,28.00,-3.12,100,100,0.00,0,0.00,27.45,11.37,0.25,0.00,0.00,0,0,0,0
54263,OFF,0,0,0.00,35.00,29.00,-3.12,100,100,0.00,0,0.00,27.45,11.37,0.25,0.00,0.00,0,0,0,0
54368,OFF,0,0,0.00,35.00,28.00,-3.12,100,100,0.00,0,0.00,27.45,11.37,0.25,0.00,0.00,0,0,0,0
54473,OFF,0,0,0.00,35.00,29.00,-3.12,100,100,0.00,0,0.00,27.45,11.37,0.25,0.00,0.00,0,0,0,0
54578,OFF,0,0,0.00,35.00,29.00,-3.12,100,100,0.00,0,0.00,27.45,11.37,0.25,0.00,0.00,0,0,0,0
54683,OFF,0,0,0.00,35.00,29.00,-3.12,100,100,0.00,0,0.00,27.45,11.37,0.25,0.00,0.00,0,0,0,0
54788,OFF,0,0,0.00,35.00,28.00,-3.12,100,100,0.00,0,0.00,27.45,11.37,0.25,0.00,0.00,0,0,0,0
54896,OFF,0,0,0.00,35.00,29.00,-3.12,100,100,0.00,0,0.00,27.45,11.37,0.25,0.00,0.00,0,0,0,0
55001,OFF,0,0,0.00,35.00,29.00,-3.12,100,100,0.00,0,0.00,27.45,11.37,0.25,0.00,0.00,0,0,0,0
55106,OFF,0,0,0.00,35.00,29.00,-3.12,100,100,0.00,0,0.00,27.45,11.37,0.25,0.00,0.00,0,0,0,0
55211,OFF,0,0,0.00,35.00,29.00,-3.12,100,100,0.00,0,0.00,27.45,11.37,0.25,0.00,0.00,0,0,0,0
55316,OFF,0,0,0.00,35.00,29.00,-3.12,100,100,0.00,0,0.00,27.45,11.37,0.25,0.00,0.00,0,0,0,0
55421,OFF,0,0,0.00,35.00,29.00,-3.12,100,100,0.00,0,0.00,27.45,11.37,0.25,0.00,0.00,0,0,0,0
55529,OFF,0,0,0.00,35.00,29.00,-3.12,100,100,0.00,0,0.00,27.45,11.37,0.25,0.00,0.00,0,0,0,0
55634,OFF,0,0,0.00,35.00,29.00,-3.12,100,100,0.00,0,0.00,27.45,11.37,0.25,0.00,0.00,0,0,0,0
55739,OFF,0,0,0.00,35.00,29.00,-3.12,100,100,0.00,0,0.00,27.45,11.37,0.25,0.00,0.00,0,0,0,0
55844,OFF,0,0,0.00,35.00,29.00,-3.12,100,100,0.00,0,0.00,27.45,11.37,0.25,0.00,0.00,0,0,0,0
55949,OFF,0,0,0.00,35.00,29.00,-3.12,100,100,0.00,0,0.00,27.45,11.37,0.25,0.00,0.00,0,0,0,0
56054,OFF,0,0,0.00,35.00,28.00,-3.12,100,100,0.00,0,0.00,27.45,11.37,0.25,0.00,0.00,0,0,0,0
56162,OFF,0,0,0.00,35.00,29.00,-3.12,100,100,0.00,0,0.00,27.45,11.37,0.25,0.00,0.00,0,0,0,0
56267,OFF,0,0,0.00,35.00,29.00,-3.12,100,100,0.00,0,0.00,27.45,11.37,0.25,0.00,0.00,0,0,0,0
56372,OFF,0,0,0.00,35.00,29.00,-3.12,100,100,0.00,0,0.00,27.45,11.37,0.25,0.00,0.00,0,0,0,0
56477,OFF,0,0,0.00,35.00,29.00,-3.12,100,100,0.00,0,0.00,27.45,11.37,0.25,0.00,0.00,0,0,0,0
56582,OFF,0,0,0.00,35.00,29.00,-3.12,100,100,0.00,0,0.00,27.45,11.37,0.25,0.00,0.00,0,0,0,0
56686,OFF,0,0,0.00,35.00,29.00,-3.12,100,100,0.00,0,0.00,27.45,11.37,0.25,0.00,0.00,0,0,0,0
56794,OFF,0,0,0.00,35.00,29.00,-3.12,100,100,0.00,0,0.00,27.45,11.37,0.25,0.00,0.00,0,0,0,0
56898,OFF,0,0,0.00,35.00,29.00,-3.12,100,100,0.00,0,0.00,27.45,11.37,0.25,0.00,0.00,0,0,0,0
57002,OFF,0,0,0.00,35.00,29.00,-3.12,100,100,0.00,0,0.00,27.45,11.37,0.25,0.00,0.00,0,0,0,0
57106,OFF,0,0,0.00,35.00,29.00,-3.12,100,100,0.00,0,0.00,27.45,11.37,0.25,0.00,0.00,0,0,0,0
57210,OFF,0,0,0.00,35.00,29.00,-3.12,100,100,0.00,0,0.00,27.45,11.37,0.25,0.00,0.00,0,0,0,0
57314,OFF,0,0,0.00,35.00,29.00,-3.12,100,100,0.00,0,0.00,27.45,11.37,0.25,0.00,0.00,0,0,0,0
57422,OFF,0,0,0.00,35.00,29.00,-3.12,100,100,0.00,0,0.00,27.45,11.37,0.25,0.00,0.00,0,0,0,0
57526,OFF,0,0,0.00,35.00,29.00,-3.12,100,100,0.00,0,0.00,27.45,11.37,0.25,0.00,0.00,0,0,0,0
57630,OFF,0,0,0.00,35.00,28.00,-3.12,100,100,0.00,0,0.00,27.45,11.37,0.25,0.00,0.00,0,0,0,0
57734,OFF,0,0,0.00,35.00,29.00,-3.12,100,100,0.00,0,0.00,27.45,11.37,0.25,0.00,0.00,0,0,0,0
57838,OFF,0,0,0.00,35.00,29.00,-3.12,100,100,0.00,0,0.00,27.45,11.37,0.25,0.00,0.00,0,0,0,0
57943,OFF,0,0,0.00,35.00,29.00,-3.12,100,100,0.00,0,0.00,27.45,11.37,0.25,0.00,0.00,0,0,0,0
58051,OFF,0,0,0.00,35.00,29.00,-3.12,100,100,0.00,0,0.00,27.45,11.37,0.25,0.00,0.00,0,0,0,0
58156,OFF,0,0,0.00,35.00,29.00,-3.12,100,100,0.00,0,0.00,27.45,11.37,0.25,0.00,0.00,0,0,0,0
58261,OFF,0,0,0.00,35.00,29.00,-3.12,100,100,0.00,0,0.00,27.45,11.37,0.25,0.00,0.00,0,0,0,0
58366,OFF,0,0,0.00,35.00,29.00,-3.12,100,100,0.00,0,0.00,27.45,11.37,0.25,0.00,0.00,0,0,0,0
58471,OFF,0,0,0.00,35.00,29.00,-3.12,100,100,0.00,0,0.00,27.45,11.37,0.25,0.00,0.00,0,0,0,0
58576,OFF,0,0,0.00,35.00,29.00,-3.12,100,100,0.00,0,0.00,27.45,11.37,0.25,0.00,0.00,0,0,0,0
58684,OFF,0,0,0.00,35.00,29.00,-3.12,100,100,0.00,0,0.00,27.45,11.37,0.25,0.00,0.00,0,0,0,0
58789,OFF,0,0,0.00,35.00,29.00,-3.12,100,100,0.00,0,0.00,27.45,11.37,0.25,0.00,0.00,0,0,0,0
58894,OFF,0,0,0.00,35.00,29.00,-3.12,100,100,0.00,0,0.00,27.45,11.37,0.25,0.00,0.00,0,0,0,0
58999,OFF,0,0,0.00,35.00,29.00,-3.12,100,100,0.00,0,0.00,27.45,11.37,0.25,0.00,0.00,0,0,0,0
59104,OFF,0,0,0.00,35.00,29.00,-3.12,100,100,0.00,0,0.00,27.45,11.37,0.25,0.00,0.00,0,0,0,0
59209,OFF,0,0,0.00,35.00,29.00,-3.12,100,100,0.00,0,0.00,27.45,11.37,0.25,0.00,0.00,0,0,0,0
59317,OFF,0,0,0.00,35.00,29.00,-3.12,100,100,0.00,0,0.00,27.45,11.37,0.25,0.00,0.00,0,0,0,0
59422,OFF,0,0,0.00,35.00,29.00,-3.12,100,100,0.00,0,0.00,27.45,11.37,0.25,0.00,0.00,0,0,0,0
59527,OFF,0,0,0.00,35.00,28.00,-3.12,100,100,0.00,0,0.00,27.45,11.37,0.25,0.00,0.00,0,0,0,0
59632,OFF,0,0,0.00,35.00,29.00,-3.12,100,100,0.00,0,0.00,27.45,11.37,0.25,0.00,0.00,0,0,0,0
59737,OFF,0,0,0.00,35.00,29.00,-3.12,100,100,0.00,0,0.00,27.45,11.37,0.25,0.00,0.00,0,0,0,0
59842,OFF,0,0,0.00,35.00,29.00,-3.12,100,100,0.00,0,0.00,27.45,11.37,0.25,0.00,0.00,0,0,0,0
59950,OFF,0,0,0.00,35.00,29.00,-3.12,100,100,0.00,0,0.00,27.45,11.37,0.25,0.00,0.00,0,0,0,0
60055,OFF,0,0,0.00,35.00,29.00,-3.12,100,100,0.00,0,0.00,27.45,11.37,0.25,0.00,0.00,0,0,0,0
60160,OFF,0,0,0.00,35.00,29.00,-3.12,100,100,0.00,0,0.00,27.45,11.37,0.25,0.00,0.00,0,0,0,0
60265,OFF,0,0,0.00,35.00,29.00,-3.12,100,100,0.00,0,0.00,27.45,11.37,0.25,0.00,0.00,0,0,0,0
60370,OFF,0,0,0.00,35.00,29.00,-3.12,100,100,0.00,0,0.00,27.45,11.37,0.25,0.00,0.00,0,0,0,0
60475,OFF,0,0,0.00,35.00,29.00,-3.12,100,100,0.00,0,0.00,27.45,11.37,0.25,0.00,0.00,0,0,0,0
60583,OFF,0,0,0.00,35.00,29.00,-3.12,100,100,0.00,0,0.00,27.45,11.37,0.25,0.00,0.00,0,0,0,0
60688,OFF,0,0,0.00,35.00,29.00,-3.12,100,100,0.00,0,0.00,27.45,11.37,0.25,0.00,0.00,0,0,0,0
60793,OFF,0,0,0.00,35.00,28.00,-3.12,100,100,0.00,0,0.00,27.45,11.37,0.25,0.00,0.00,0,0,0,0
60898,OFF,0,0,0.00,35.00,29.00,-3.12,100,100,0.00,0,0.00,27.45,11.37,0.25,0.00,0.00,0,0,0,0
61003,OFF,0,0,0.00,35.00,29.00,-3.12,100,100,0.00,0,0.00,27.45,11.37,0.25,0.00,0.00,0,0,0,0
61108,OFF,0,0,0.00,35.00,29.00,-3.12,100,100,0.00,0,0.00,27.45,11.37,0.25,0.00,0.00,0,0,0,0
61216,OFF,0,0,0.00,35.00,29.00,-3.12,100,100,0.00,0,0.00,27.45,11.37,0.25,0.00,0.00,0,0,0,0
61321,OFF,0,0,0.00,35.00,29.00,-3.12,100,100,0.00,0,0.00,27.45,11.37,0.25,0.00,0.00,0,0,0,0
61426,OFF,0,0,0.00,35.00,29.00,-3.12,100,100,0.00,0,0.00,27.45,11.37,0.25,0.00,0.00,0,0,0,0
61531,OFF,0,0,0.00,35.00,29.00,-3.12,100,100,0.00,0,0.00,27.45,11.37,0.25,0.00,0.00,0,0,0,0
61636,OFF,0,0,0.00,35.00,29.00,-3.12,100,100,0.00,0,0.00,27.45,11.37,0.25,0.00,0.00,0,0,0,0
61741,OFF,0,0,0.00,35.00,29.00,-3.12,100,100,0.00,0,0.00,27.45,11.37,0.25,0.00,0.00,0,0,0,0
61849,OFF,0,0,0.00,35.00,29.00,-3.12,100,100,0.00,0,0.00,27.45,11.37,0.25,0.00,0.00,0,0,0,0
61954,OFF,0,0,0.00,35.00,29.00,-3.12,100,100,0.00,0,0.00,27.45,11.37,0.25,0.00,0.00,0,0,0,0
62059,OFF,0,0,0.00,35.00,28.00,-3.12,100,100,0.00,0,0.00,27.45,11.37,0.25,0.00,0.00,0,0,0,0
62164,OFF,0,0,0.00,35.00,29.00,-3.12,100,100,0.00,0,0.00,27.45,11.37,0.25,0.00,0.00,0,0,0,0
62269,OFF,0,0,0.00,35.00,29.00,-3.12,100,100,0.00,0,0.00,27.45,11.37,0.25,0.00,0.00,0,0,0,0
62374,OFF,0,0,0.00,35.00,29.00,-3.12,100,100,0.00,0,0.00,27.45,11.37,0.25,0.00,0.00,0,0,0,0
62482,OFF,0,0,0.00,35.00,29.00,-3.12,100,100,0.00,0,0.00,27.45,11.37,0.25,0.00,0.00,0,0,0,0
62587,OFF,0,0,0.00,35.00,29.00,-3.12,100,100,0.00,0,0.00,27.45,11.37,0.25,0.00,0.00,0,0,0,0
62692,OFF,0,0,0.00,35.00,28.00,-3.12,100,100,0.00,0,0.00,27.45,11.37,0.25,0.00,0.00,0,0,0,0
62797,OFF,0,0,0.00,35.00,29.00,-3.12,100,100,0.00,0,0.00,27.45,11.37,0.25,0.00,0.00,0,0,0,0
62902,OFF,0,0,0.00,35.00,29.00,-3.12,100,100,0.00,0,0.00,27.45,11.37,0.25,0.00,0.00,0,0,0,0
63007,OFF,0,0,0.00,35.00,29.00,-3.12,100,100,0.00,0,0.00,27.45,11.37,0.25,0.00,0.00,0,0,0,0
63115,OFF,0,0,0.00,35.00,29.00,-3.12,100,100,0.00,0,0.00,27.45,11.37,0.25,0.00,0.00,0,0,0,0
63220,OFF,0,0,0.00,35.00,29.00,-3.12,100,100,0.00,0,0.00,27.45,11.37,0.25,0.00,0.00,0,0,0,0
63325,OFF,0,0,0.00,35.00,29.00,-3.12,100,100,0.00,0,0.00,27.45,11.37,0.25,0.00,0.00,0,0,0,0
63430,OFF,0,0,0.00,35.00,29.00,-3.12,100,100,0.00,0,0.00,27.45,11.37,0.25,0.00,0.00,0,0,0,0
63535,OFF,0,0,0.00,35.00,29.00,-3.12,100,100,0.00,0,0.00,27.45,11.37,0.25,0.00,0.00,0,0,0,0
63640,OFF,0,0,0.00,35.00,29.00,-3.12,100,100,0.00,0,0.00,27.45,11.37,0.25,0.00,0.00,0,0,0,0
63748,OFF,0,0,0.00,35.00,29.00,-3.12,100,100,0.00,0,0.00,27.45,11.37,0.25,0.00,0.00,0,0,0,0
63853,OFF,0,0,0.00,35.00,29.00,-3.12,100,100,0.00,0,0.00,27.45,11.37,0.25,0.00,0.00,0,0,0,0
63958,OFF,0,0,0.00,35.00,29.00,-3.12,100,100,0.00,0,0.00,27.45,11.37,0.25,0.00,0.00,0,0,0,0
64063,OFF,0,0,0.00,35.00,29.00,-3.12,100,100,0.00,0,0.00,27.45,11.37,0.25,0.00,0.00,0,0,0,0
64168,OFF,0,0,0.00,35.00,29.00,-3.12,100,100,0.00,0,0.00,27.45,11.37,0.25,0.00,0.00,0,0,0,0
64273,OFF,0,0,0.00,35.00,29.00,-3.12,100,100,0.00,0,0.00,27.45,11.37,0.25,0.00,0.00,0,0,0,0
64381,OFF,0,0,0.00,35.00,29.00,-3.12,100,100,0.00,0,0.00,27.45,11.37,0.25,0.00,0.00,0,0,0,0
64486,OFF,0,0,0.00,35.00,29.00,-3.12,100,100,0.00,0,0.00,27.45,11.37,0.25,0.00,0.00,0,0,0,0
64591,OFF,0,0,0.00,35.00,29.00,-3.12,100,100,0.00,0,0.00,27.45,11.37,0.25,0.00,0.00,0,0,0,0
64696,OFF,0,0,0.00,35.00,29.00,-3.12,100,100,0.00,0,0.00,27.45,11.37,0.25,0.00,0.00,0,0,0,0
64801,OFF,0,0,0.00,35.00,29.00,-3.12,100,100,0.00,0,0.00,27.45,11.37,0.25,0.00,0.00,0,0,0,0
64906,OFF,0,0,0.00,35.00,29.00,-3.12,100,100,0.00,0,0.00,27.45,11.37,0.25,0.00,0.00,0,0,0,0
65014,OFF,0,0,0.00,35.00,29.00,-3.12,100,100,0.00,0,0.00,27.45,11.37,0.25,0.00,0.00,0,0,0,0
65119,OFF,0,0,0.00,35.00,29.00,-3.12,100,100,0.00,0,0.00,27.45,11.37,0.25,0.00,0.00,0,0,0,0
65224,OFF,0,0,0.00,35.00,28.00,-3.12,100,100,0.00,0,0.00,27.45,11.37,0.25,0.00,0.00,0,0,0,0
65329,OFF,0,0,0.00,35.00,29.00,-3.12,100,100,0.00,0,0.00,27.45,11.37,0.25,0.00,0.00,0,0,0,0
65434,OFF,0,0,0.00,35.00,29.00,-3.12,100,100,0.00,0,0.00,27.45,11.37,0.25,0.00,0.00,0,0,0,0
65539,OFF,0,0,0.00,35.00,29.00,-3.12,100,100,0.00,0,0.00,27.45,11.37,0.25,0.00,0.00,0,0,0,0
65647,OFF,0,0,0.00,35.00,29.00,-3.12,100,100,0.00,0,0.00,27.45,11.37,0.25,0.00,0.00,0,0,0,0
65752,OFF,0,0,0.00,35.00,29.00,-3.12,100,100,0.00,0,0.00,27.45,11.37,0.25,0.00,0.00,0,0,0,0
65857,OFF,0,0,0.00,35.00,28.00,-3.12,100,100,0.00,0,0.00,27.45,11.37,0.25,0.00,0.00,0,0,0,0
65962,OFF,0,0,0.00,35.00,29.00,-3.12,100,100,0.00,0,0.00,27.45,11.37,0.25,0.00,0.00,0,0,0,0
66067,OFF,0,0,0.00,35.00,29.00,-3.12,100,100,0.00,0,0.00,27.45,11.37,0.25,0.00,0.00,0,0,0,0
66172,OFF,0,0,0.00,35.00,29.00,-3.12,100,100,0.00,0,0.00,27.45,11.37,0.25,0.00,0.00,0,0,0,0
66280,OFF,0,0,0.00,35.00,29.00,-3.12,100,100,0.00,0,0.00,27.45,11.37,0.25,0.00,0.00,0,0,0,0
66385,OFF,0,0,0.00,35.00,29.00,-3.12,100,100,0.00,0,0.00,27.45,11.37,0.25,0.00,0.00,0,0,0,0
66489,OFF,0,0,0.00,35.00,29.00,-3.12,100,100,0.00,0,0.00,27.45,11.37,0.25,0.00,0.00,0,0,0,0
66593,OFF,0,0,0.00,35.00,29.00,-3.12,100,100,0.00,0,0.00,27.45,11.37,0.25,0.00,0.00,0,0,0,0
66698,OFF,0,0,0.00,35.00,29.00,-3.12,100,100,0.00,0,0.00,27.45,11.37,0.25,0.00,0.00,0,0,0,0
66803,OFF,0,0,0.00,35.00,29.00,-3.12,100,100,0.00,0,0.00,27.45,11.37,0.25,0.00,0.00,0,0,0,0
66911,OFF,0,0,0.00,35.00,28.00,-3.12,100,100,0.00,0,0.00,27.45,11.37,0.25,0.00,0.00,0,0,0,0
67015,OFF,0,0,0.00,35.00,29.00,-3.12,100,100,0.00,0,0.00,27.45,11.37,0.25,0.00,0.00,0,0,0,0
67119,OFF,0,0,0.00,35.00,29.00,-3.12,100,100,0.00,0,0.00,27.45,11.37,0.25,0.00,0.00,0,0,0,0
67224,OFF,0,0,0.00,35.00,29.00,-3.12,100,100,0.00,0,0.00,27.45,11.37,0.25,0.00,0.00,0,0,0,0
67329,OFF,0,0,0.00,35.00,29.00,-3.12,100,100,0.00,0,0.00,27.45,11.37,0.25,0.00,0.00,0,0,0,0
67434,OFF,0,0,0.00,35.00,29.00,-3.12,100,100,0.00,0,0.00,27.45,11.37,0.25,0.00,0.00,0,0,0,0
67542,OFF,0,0,0.00,35.00,29.00,-3.12,100,100,0.00,0,0.00,27.45,11.37,0.25,0.00,0.00,0,0,0,0
67647,OFF,0,0,0.00,35.00,29.00,-3.12,100,100,0.00,0,0.00,27.45,11.37,0.25,0.00,0.00,0,0,0,0
67752,OFF,0,0,0.00,35.00,29.00,-3.12,100,100,0.00,0,0.00,27.45,11.37,0.25,0.00,0.00,0,0,0,0
67857,OFF,0,0,0.00,35.00,29.00,-3.12,100,100,0.00,0,0.00,27.45,11.37,0.25,0.00,0.00,0,0,0,0
67962,OFF,0,0,0.00,35.00,29.00,-3.12,100,100,0.00,0,0.00,27.45,11.37,0.25,0.00,0.00,0,0,0,0
68067,OFF,0,0,0.00,35.00,29.00,-3.12,100,100,0.00,0,0.00,27.45,11.37,0.25,0.00,0.00,0,0,0,0
68175,OFF,0,0,0.00,35.00,28.00,-3.12,100,100,0.00,0,0.00,27.45,11.37,0.25,0.00,0.00,0,0,0,0
68280,OFF,0,0,0.00,35.00,29.00,-3.12,100,100,0.00,0,0.00,27.45,11.37,0.25,0.00,0.00,0,0,0,0
68385,OFF,0,0,0.00,35.00,29.00,-3.12,100,100,0.00,0,0.00,27.45,11.37,0.25,0.00,0.00,0,0,0,0
68490,OFF,0,0,0.00,35.00,28.00,-3.12,100,100,0.00,0,0.00,27.45,11.37,0.25,0.00,0.00,0,0,0,0
68595,OFF,0,0,0.00,35.00,29.00,-3.12,100,100,0.00,0,0.00,27.45,11.37,0.25,0.00,0.00,0,0,0,0
68700,OFF,0,0,0.00,35.00,29.00,-3.12,100,100,0.00,0,0.00,27.45,11.37,0.25,0.00,0.00,0,0,0,0
68808,OFF,0,0,0.00,35.00,29.00,-3.12,100,100,0.00,0,0.00,27.45,11.37,0.25,0.00,0.00,0,0,0,0
68913,OFF,0,0,0.00,35.00,29.00,-3.12,100,100,0.00,0,0.00,27.45,11.37,0.25,0.00,0.00,0,0,0,0
69018,OFF,0,0,0.00,35.00,29.00,-3.12,100,100,0.00,0,0.00,27.45,11.37,0.25,0.00,0.00,0,0,0,0
69123,OFF,0,0,0.00,35.00,29.00,-3.12,100,100,0.00,0,0.00,27.45,11.37,0.25,0.00,0.00,0,0,0,0
69228,OFF,0,0,0.00,35.00,29.00,-3.12,100,100,0.00,0,0.00,27.45,11.37,0.25,0.00,0.00,0,0,0,0
69333,OFF,0,0,0.00,35.00,29.00,-3.12,100,100,0.00,0,0.00,27.45,11.37,0.25,0.00,0.00,0,0,0,0
69441,OFF,0,0,0.00,35.00,29.00,-3.12,100,100,0.00,0,0.00,27.45,11.37,0.25,0.00,0.00,0,0,0,0
69546,OFF,0,0,0.00,35.00,29.00,-3.12,100,100,0.00,0,0.00,27.45,11.37,0.25,0.00,0.00,0,0,0,0
69651,OFF,0,0,0.00,35.00,29.00,-3.12,100,100,0.00,0,0.00,27.45,11.37,0.25,0.00,0.00,0,0,0,0
69756,OFF,0,0,0.00,35.00,28.00,-3.12,100,100,0.00,0,0.00,27.45,11.37,0.25,0.00,0.00,0,0,0,0
69861,OFF,0,0,0.00,35.00,29.00,-3.12,100,100,0.00,0,0.00,27.45,11.37,0.25,0.00,0.00,0,0,0,0
69966,OFF,0,0,0.00,35.00,29.00,-3.12,100,100,0.00,0,0.00,27.45,11.37,0.25,0.00,0.00,0,0,0,0
70074,OFF,0,0,0.00,35.00,28.00,-3.12,100,100,0.00,0,0.00,27.45,11.37,0.25,0.00,0.00,0,0,0,0
70179,OFF,0,0,0.00,35.00,29.00,-3.12,100,100,0.00,0,0.00,27.45,11.37,0.25,0.00,0.00,0,0,0,0
70284,OFF,0,0,0.00,35.00,29.00,-3.12,100,100,0.00,0,0.00,27.45,11.37,0.25,0.00,0.00,0,0,0,0
70389,OFF,0,0,0.00,35.00,29.00,-3.12,100,100,0.00,0,0.00,27.45,11.37,0.25,0.00,0.00,0,0,0,0
70494,OFF,0,0,0.00,35.00,29.00,-3.12,100,100,0.00,0,0.00,27.45,11.37,0.25,0.00,0.00,0,0,0,0
70599,OFF,0,0,0.00,35.00,29.00,-3.12,100,100,0.00,0,0.00,27.45,11.37,0.25,0.00,0.00,0,0,0,0
70707,OFF,0,0,0.00,35.00,29.00,-3.12,100,100,0.00,0,0.00,27.45,11.37,0.25,0.00,0.00,0,0,0,0
70812,OFF,0,0,0.00,35.00,29.00,-3.12,100,100,0.00,0,0.00,27.45,11.37,0.25,0.00,0.00,0,0,0,0
70917,OFF,0,0,0.00,35.00,29.00,-3.12,100,100,0.00,0,0.00,27.45,11.37,0.25,0.00,0.00,0,0,0,0
71022,OFF,0,0,0.00,35.00,29.00,-3.12,100,100,0.00,0,0.00,27.45,11.37,0.25,0.00,0.00,0,0,0,0
71127,OFF,0,0,0.00,35.00,29.00,-3.12,100,100,0.00,0,0.00,27.45,11.37,0.25,0.00,0.00,0,0,0,0
71232,OFF,0,0,0.00,35.00,29.00,-3.12,100,100,0.00,0,0.00,27.45,11.37,0.25,0.00,0.00,0,0,0,0
71340,OFF,0,0,0.00,35.00,29.00,-3.12,100,100,0.00,0,0.00,27.45,11.37,0.25,0.00,0.00,0,0,0,0
71445,OFF,0,0,0.00,35.00,29.00,-3.12,100,100,0.00,0,0.00,27.45,11.37,0.25,0.00,0.00,0,0,0,0
71550,OFF,0,0,0.00,35.00,29.00,-3.12,100,100,0.00,0,0.00,27.45,11.37,0.25,0.00,0.00,0,0,0,0
71655,OFF,0,0,0.00,35.00,28.00,-3.12,100,100,0.00,0,0.00,27.45,11.37,0.25,0.00,0.00,0,0,0,0
71760,OFF,0,0,0.00,35.00,29.00,-3.12,100,100,0.00,0,0.00,27.45,11.37,0.25,0.00,0.00,0,0,0,0
71865,OFF,0,0,0.00,35.00,29.00,-3.12,100,100,0.00,0,0.00,27.45,11.37,0.25,0.00,0.00,0,0,0,0
71973,OFF,0,0,0.00,35.00,28.00,-3.12,100,100,0.00,0,0.00,27.45,11.37,0.25,0.00,0.00,0,0,0,0
72078,OFF,0,0,0.00,35.00,29.00,-3.12,100,100,0.00,0,0.00,27.45,11.37,0.25,0.00,0.00,0,0,0,0
72188,OFF,0,0,0.00,35.00,29.00,-3.12,100,100,0.00,0,0.00,27.45,11.37,0.25,0.00,0.00,0,0,0,0
72293,OFF,0,0,0.00,35.00,29.00,-3.12,100,100,0.00,0,0.00,27.45,11.37,0.25,0.00,0.00,0,0,0,0
72398,OFF,0,0,0.00,35.00,29.00,-3.12,100,100,0.00,0,0.00,27.45,11.37,0.25,0.00,0.00,0,0,0,0
72503,OFF,0,0,0.00,35.00,29.00,-3.12,100,100,0.00,0,0.00,27.45,11.37,0.25,0.00,0.00,0,0,0,0
72611,OFF,0,0,0.00,35.00,29.00,-3.12,100,100,0.00,0,0.00,27.45,11.37,0.25,0.00,0.00,0,0,0,0
72716,OFF,0,0,0.00,35.00,29.00,-3.12,100,100,0.00,0,0.00,27.45,11.37,0.25,0.00,0.00,0,0,0,0
72821,OFF,0,0,0.00,35.00,29.00,-3.12,100,100,0.00,0,0.00,27.45,11.37,0.25,0.00,0.00,0,0,0,0
72926,OFF,0,0,0.00,35.00,29.00,-3.12,100,100,0.00,0,0.00,27.45,11.37,0.25,0.00,0.00,0,0,0,0
73031,OFF,0,0,0.00,35.00,29.00,-3.12,100,100,0.00,0,0.00,27.45,11.37,0.25,0.00,0.00,0,0,0,0
73136,OFF,0,0,0.00,35.00,29.00,-3.12,100,100,0.00,0,0.00,27.45,11.37,0.25,0.00,0.00,0,0,0,0
73244,OFF,0,0,0.00,35.00,29.00,-3.12,100,100,0.00,0,0.00,27.45,11.37,0.25,0.00,0.00,0,0,0,0
73349,OFF,0,0,0.00,35.00,29.00,-3.12,100,100,0.00,0,0.00,27.45,11.37,0.25,0.00,0.00,0,0,0,0
73454,OFF,0,0,0.00,35.00,29.00,-3.12,100,100,0.00,0,0.00,27.45,11.37,0.25,0.00,0.00,0,0,0,0
73559,OFF,0,0,0.00,35.00,29.00,-3.12,100,100,0.00,0,0.00,27.45,11.37,0.25,0.00,0.00,0,0,0,0
73664,OFF,0,0,0.00,35.00,29.00,-3.12,100,100,0.00,0,0.00,27.45,11.37,0.25,0.00,0.00,0,0,0,0
73769,OFF,0,0,0.00,35.00,29.00,-3.12,100,100,0.00,0,0.00,27.45,11.37,0.25,0.00,0.00,0,0,0,0
73877,OFF,0,0,0.00,35.00,29.00,-3.12,100,100,0.00,0,0.00,27.45,11.37,0.25,0.00,0.00,0,0,0,0
73982,OFF,0,0,0.00,35.00,29.00,-3.12,100,100,0.00,0,0.00,27.45,11.37,0.25,0.00,0.00,0,0,0,0
74087,OFF,0,0,0.00,35.00,29.00,-3.12,100,100,0.00,0,0.00,27.45,11.37,0.25,0.00,0.00,0,0,0,0
74192,OFF,0,0,0.00,35.00,29.00,-3.12,100,100,0.00,0,0.00,27.45,11.37,0.25,0.00,0.00,0,0,0,0
74297,OFF,0,0,0.00,35.00,29.00,-3.12,100,100,0.00,0,0.00,27.45,11.37,0.25,0.00,0.00,0,0,0,0
74402,OFF,0,0,0.00,35.00,29.00,-3.12,100,100,0.00,0,0.00,27.45,11.37,0.25,0.00,0.00,0,0,0,0
74510,OFF,0,0,0.00,35.00,29.00,-3.12,100,100,0.00,0,0.00,27.45,11.37,0.25,0.00,0.00,0,0,0,0
74615,OFF,0,0,0.00,35.00,29.00,-3.12,100,100,0.00,0,0.00,27.45,11.37,0.25,0.00,0.00,0,0,0,0
74720,OFF,0,0,0.00,35.00,29.00,-3.12,100,100,0.00,0,0.00,27.45,11.37,0.25,0.00,0.00,0,0,0,0
74825,OFF,0,0,0.00,35.00,29.00,-3.12,100,100,0.00,0,0.00,27.45,11.37,0.25,0.00,0.00,0,0,0,0
74930,OFF,0,0,0.00,35.00,29.00,-3.12,100,100,0.00,0,0.00,27.45,11.37,0.25,0.00,0.00,0,0,0,0
75035,OFF,0,0,0.00,35.00,29.00,-3.12,100,100,0.00,0,0.00,27.45,11.37,0.25,0.00,0.00,0,0,0,0
75143,OFF,0,0,0.00,35.00,29.00,-3.12,100,100,0.00,0,0.00,27.45,11.37,0.25,0.00,0.00,0,0,0,0
75247,OFF,0,0,0.00,35.00,29.00,-3.12,100,100,0.00,0,0.00,27.45,11.37,0.25,0.00,0.00,0,0,0,0
75351,OFF,0,0,0.00,35.00,29.00,-3.12,100,100,0.00,0,0.00,27.45,11.37,0.25,0.00,0.00,0,0,0,0
75455,OFF,0,0,0.00,35.00,29.00,-3.12,100,100,0.00,0,0.00,27.45,11.37,0.25,0.00,0.00,0,0,0,0
75559,OFF,0,0,0.00,35.00,29.00,-3.12,100,100,0.00,0,0.00,27.45,11.37,0.25,0.00,0.00,0,0,0,0
75663,OFF,0,0,0.00,35.00,29.00,-3.12,100,100,0.00,0,0.00,27.45,11.37,0.25,0.00,0.00,0,0,0,0
75772,OFF,0,0,0.00,35.00,29.00,-3.12,100,100,0.00,0,0.00,27.45,11.37,0.25,0.00,0.00,0,0,0,0
75876,OFF,0,0,0.00,35.00,29.00,-3.12,100,100,0.00,0,0.00,27.45,11.37,0.25,0.00,0.00,0,0,0,0
75980,OFF,0,0,0.00,35.00,29.00,-3.12,100,100,0.00,0,0.00,27.45,11.37,0.25,0.00,0.00,0,0,0,0
