1116,OFF,0,0,0.00,-40.00,-40.00,-100.00,0,0,0.00,0,-64.00,0.00,0.00,0.00,-100.00,0.00,0,0,0,0
1227,OFF,0,0,0.00,-40.00,-40.00,-100.00,0,0,0.00,0,-64.00,0.00,0.00,0.00,-100.00,0.00,0,0,0,0
1331,OFF,0,0,0.00,-40.00,-40.00,-100.00,0,0,0.00,0,-64.00,0.00,0.00,0.00,-100.00,0.00,0,0,0,0
1435,OFF,0,0,0.00,-40.00,-40.00,-100.00,0,0,0.00,0,-64.00,0.00,0.00,0.00,-100.00,0.00,0,0,0,0
1539,OFF,0,0,0.00,-40.00,-40.00,-100.00,0,0,0.00,0,-64.00,0.00,0.00,0.00,-100.00,0.00,0,0,0,0
1643,OFF,0,0,0.00,-40.00,-40.00,-100.00,0,0,0.00,0,-64.00,0.00,0.00,0.00,-100.00,0.00,0,0,0,0
1747,OFF,0,0,0.00,-40.00,-40.00,-100.00,0,0,0.00,0,-64.00,0.00,0.00,0.00,-100.00,0.00,0,0,0,0
1855,OFF,0,0,0.00,-40.00,-40.00,-100.00,0,0,0.00,0,-64.00,0.00,0.00,0.00,-100.00,0.00,0,0,0,0
1960,OFF,0,0,0.00,-40.00,-40.00,-100.00,0,0,0.00,0,-64.00,0.00,0.00,0.00,-100.00,0.00,0,0,0,0
2065,OFF,0,0,0.00,-40.00,-40.00,-100.00,0,0,0.00,0,-64.00,0.00,0.00,0.00,-100.00,0.00,0,0,0,0
2170,OFF,0,0,0.00,-40.00,-40.00,-100.00,0,0,0.00,0,-64.00,0.00,0.00,0.00,-100.00,0.00,0,0,0,0
2275,OFF,0,0,0.00,-40.00,-40.00,-100.00,0,0,0.00,0,-64.00,0.00,0.00,0.00,-100.00,0.00,0,0,0,0
2380,OFF,0,0,0.00,-40.00,-40.00,-100.00,0,0,0.00,0,-64.00,0.00,0.00,0.00,-100.00,0.00,0,0,0,0
2488,OFF,0,0,0.00,-40.00,-40.00,-100.00,0,0,0.00,0,-64.00,0.00,0.00,0.00,-100.00,0.00,0,0,0,0
2593,OFF,0,0,0.00,-40.00,-40.00,-100.00,0,0,0.00,0,-64.00,0.00,0.00,0.00,-100.00,0.00,0,0,0,0
2698,OFF,0,0,0.00,-40.00,-40.00,-100.00,0,0,0.00,0,-64.00,0.00,0.00,0.00,-100.00,0.00,0,0,0,0
2803,OFF,0,0,0.00,-40.00,-40.00,-100.00,0,0,0.00,0,-64.00,0.00,0.00,0.00,-100.00,0.00,0,0,0,0
2908,OFF,0,0,0.00,-40.00,-40.00,-100.00,0,0,0.00,0,-64.00,0.00,0.00,0.00,-100.00,0.00,0,0,0,0
3013,OFF,0,0,0.00,-40.00,-40.00,-100.00,0,0,0.00,0,-64.00,0.00,0.00,0.00,-100.00,0.00,0,0,0,0
3121,OFF,0,0,0.00,-40.00,-40.00,-100.00,0,0,0.00,0,-64.00,0.00,0.00,0.00,-100.00,0.00,0,0,0,0
3226,OFF,0,0,0.00,-40.00,-40.00,-100.00,0,0,0.00,0,-64.00,0.00,0.00,0.00,-100.00,0.00,0,0,0,0
3331,OFF,0,0,0.00,-40.00,-40.00,-100.00,0,0,0.00,0,-64.00,0.00,0.00,0.00,-100.00,0.00,0,0,0,0
3436,OFF,0,0,0.00,-40.00,-40.00,-100.00,0,0,0.00,0,-64.00,0.00,0.00,0.00,-100.00,0.00,0,0,0,0
3541,OFF,0,0,0.00,-40.00,-40.00,-100.00,0,0,0.00,0,-64.00,0.00,0.00,0.00,-100.00,0.00,0,0,0,0
3646,OFF,0,0,0.00,-40.00,-40.00,-100.00,0,0,0.00,0,-64.00,0.00,0.00,0.00,-100.00,0.00,0,0,0,0
3754,OFF,0,0,0.00,-40.00,-40.00,-100.00,0,0,0.00,0,-64.00,0.00,0.00,0.00,-100.00,0.00,0,0,0,0
3859,OFF,0,0,0.00,-40.00,-40.00,-100.00,0,0,0.00,0,-64.00,0.00,0.00,0.00,-100.00,0.00,0,0,0,0
3964,OFF,0,0,0.00,-40.00,-40.00,-100.00,0,0,0.00,0,-64.00,0.00,0.00,0.00,-100.00,0.00,0,0,0,0
4069,OFF,0,0,0.00,-40.00,-40.00,-100.00,0,0,0.00,0,-64.00,0.00,0.00,0.00,-100.00,0.00,0,0,0,0
4174,OFF,0,0,0.00,-40.00,-40.00,-100.00,0,0,0.00,0,-64.00,0.00,0.00,0.00,-100.00,0.00,0,0,0,0
4279,OFF,0,0,0.00,-40.00,-40.00,-100.00,0,0,0.00,0,-64.00,0.00,0.00,0.00,-100.00,0.00,0,0,0,0
4387,OFF,0,0,0.00,-40.00,-40.00,-100.00,0,0,0.00,0,-64.00,0.00,0.00,0.00,-100.00,0.00,0,0,0,0
4492,OFF,0,0,0.00,-40.00,-40.00,-100.00,0,0,0.00,0,-64.00,0.00,0.00,0.00,-100.00,0.00,0,0,0,0
4597,OFF,0,0,0.00,-40.00,-40.00,-100.00,0,0,0.00,0,-64.00,0.00,0.00,0.00,-100.00,0.00,0,0,0,0
4702,OFF,0,0,0.00,-40.00,-40.00,-100.00,0,0,0.00,0,-64.00,0.00,0.00,0.00,-100.00,0.00,0,0,0,0
4807,OFF,0,0,0.00,-40.00,-40.00,-100.00,0,0,0.00,0,-64.00,0.00,0.00,0.00,-100.00,0.00,0,0,0,0
4912,OFF,0,0,0.00,-40.00,-40.00,-100.00,0,0,0.00,0,-64.00,0.00,0.00,0.00,-100.00,0.00,0,0,0,0
5020,OFF,0,0,0.00,-40.00,-40.00,-100.00,0,0,0.00,0,-64.00,0.00,0.00,0.00,-100.00,0.00,0,0,0,0
5125,OFF,0,0,0.00,-40.00,-40.00,-100.00,0,0,0.00,0,-64.00,0.00,0.00,0.00,-100.00,0.00,0,0,0,0
5230,OFF,0,0,0.00,-40.00,-40.00,-100.00,0,0,0.00,0,-64.00,0.00,0.00,0.00,-100.00,0.00,0,0,0,0
5335,OFF,0,0,0.00,-40.00,-40.00,-100.00,0,0,0.00,0,-64.00,0.00,0.00,0.00,-100.00,0.00,0,0,0,0
5440,OFF,0,0,0.00,-40.00,-40.00,-100.00,0,0,0.00,0,-64.00,0.00,0.00,0.00,-100.00,0.00,0,0,0,0
5545,OFF,0,0,0.00,-40.00,-40.00,-100.00,0,0,0.00,0,-64.00,0.00,0.00,0.00,-100.00,0.00,0,0,0,0
5653,OFF,0,0,0.00,-40.00,-40.00,-100.00,0,0,0.00,0,-64.00,0.00,0.00,0.00,-100.00,0.00,0,0,0,0
5758,OFF,0,0,0.00,-40.00,-40.00,-100.00,0,0,0.00,0,-64.00,0.00,0.00,0.00,-100.00,0.00,0,0,0,0
5863,OFF,0,0,0.00,-40.00,-40.00,-100.00,0,0,0.00,0,-64.00,0.00,0.00,0.00,-100.00,0.00,0,0,0,0
5968,OFF,0,0,0.00,-40.00,-40.00,-100.00,0,0,0.00,0,-64.00,0.00,0.00,0.00,-100.00,0.00,0,0,0,0
6073,OFF,0,0,0.00,-40.00,-40.00,-100.00,0,0,0.00,0,-64.00,0.00,0.00,0.00,-100.00,0.00,0,0,0,0
6178,OFF,0,0,0.00,-40.00,-40.00,-100.00,0,0,0.00,0,-64.00,0.00,0.00,0.00,-100.00,0.00,0,0,0,0
6286,OFF,0,0,0.00,-40.00,-40.00,-100.00,0,0,0.00,0,-64.00,0.00,0.00,0.00,-100.00,0.00,0,0,0,0
6391,OFF,0,0,0.00,-40.00,-40.00,-100.00,0,0,0.00,0,-64.00,0.00,0.00,0.00,-100.00,0.00,0,0,0,0
6496,OFF,0,0,0.00,-40.00,-40.00,-100.00,0,0,0.00,0,-64.00,0.00,0.00,0.00,-100.00,0.00,0,0,0,0
6601,OFF,0,0,0.00,-40.00,-40.00,-100.00,0,0,0.00,0,-64.00,0.00,0.00,0.00,-100.00,0.00,0,0,0,0
6706,OFF,0,0,0.00,-40.00,-40.00,-100.00,0,0,0.00,0,-64.00,0.00,0.00,0.00,-100.00,0.00,0,0,0,0
6811,OFF,0,0,0.00,-40.00,-40.00,-100.00,0,0,0.00,0,-64.00,0.00,0.00,0.00,-100.00,0.00,0,0,0,0
6919,OFF,0,0,0.00,-40.00,-40.00,-100.00,0,0,0.00,0,-64.00,0.00,0.00,0.00,-100.00,0.00,0,0,0,0
7024,OFF,0,0,0.00,-40.00,-40.00,-100.00,0,0,0.00,0,-64.00,0.00,0.00,0.00,-100.00,0.00,0,0,0,0
7129,OFF,0,0,0.00,-40.00,-40.00,-100.00,0,0,0.00,0,-64.00,0.00,0.00,0.00,-100.00,0.00,0,0,0,0
7234,OFF,0,0,0.00,-40.00,-40.00,-100.00,0,0,0.00,0,-64.00,0.00,0.00,0.00,-100.00,0.00,0,0,0,0
7339,OFF,0,0,0.00,-40.00,-40.00,-100.00,0,0,0.00,0,-64.00,0.00,0.00,0.00,-100.00,0.00,0,0,0,0
7444,OFF,0,0,0.00,-40.00,-40.00,-100.00,0,0,0.00,0,-64.00,0.00,0.00,0.00,-100.00,0.00,0,0,0,0
7552,OFF,0,0,0.00,-40.00,-40.00,-100.00,0,0,0.00,0,-64.00,0.00,0.00,0.00,-100.00,0.00,0,0,0,0
7657,OFF,0,0,0.00,-40.00,-40.00,-100.00,0,0,0.00,0,-64.00,0.00,0.00,0.00,-100.00,0.00,0,0,0,0
7762,OFF,0,0,0.00,-40.00,-40.00,-100.00,0,0,0.00,0,-64.00,0.00,0.00,0.00,-100.00,0.00,0,0,0,0
7867,OFF,0,0,0.00,-40.00,-40.00,-100.00,0,0,0.00,0,-64.00,0.00,0.00,0.00,-100.00,0.00,0,0,0,0
7972,OFF,0,0,0.00,-40.00,-40.00,-100.00,0,0,0.00,0,-64.00,0.00,0.00,0.00,-100.00,0.00,0,0,0,0
8077,OFF,0,0,0.00,-40.00,-40.00,-100.00,0,0,0.00,0,-64.00,0.00,0.00,0.00,-100.00,0.00,0,0,0,0
8185,OFF,0,0,0.00,-40.00,-40.00,-100.00,0,0,0.00,0,-64.00,0.00,0.00,0.00,-100.00,0.00,0,0,0,0
8290,OFF,0,0,0.00,-40.00,-40.00,-100.00,0,0,0.00,0,-64.00,0.00,0.00,0.00,-100.00,0.00,0,0,0,0
8395,OFF,0,0,0.00,-40.00,-40.00,-100.00,0,0,0.00,0,-64.00,0.00,0.00,0.00,-100.00,0.00,0,0,0,0
8500,OFF,0,0,0.00,-40.00,-40.00,-100.00,0,0,0.00,0,-64.00,0.00,0.00,0.00,-100.00,0.00,0,0,0,0
8605,OFF,0,0,0.00,-40.00,-40.00,-100.00,0,0,0.00,0,-64.00,0.00,0.00,0.00,-100.00,0.00,0,0,0,0
8710,OFF,0,0,0.00,-40.00,-40.00,-100.00,0,0,0.00,0,-64.00,0.00,0.00,0.00,-100.00,0.00,0,0,0,0
8818,OFF,0,0,0.00,-40.00,-40.00,-100.00,0,0,0.00,0,-64.00,0.00,0.00,0.00,-100.00,0.00,0,0,0,0
8923,OFF,0,0,0.00,-40.00,-40.00,-100.00,0,0,0.00,0,-64.00,0.00,0.00,0.00,-100.00,0.00,0,0,0,0
9028,OFF,0,0,0.00,-40.00,-40.00,-100.00,0,0,0.00,0,-64.00,0.00,0.00,0.00,-100.00,0.00,0,0,0,0
9133,OFF,0,0,0.00,-40.00,-40.00,-100.00,0,0,0.00,0,-64.00,0.00,0.00,0.00,-100.00,0.00,0,0,0,0
9238,OFF,0,0,0.00,-40.00,-40.00,-100.00,0,0,0.00,0,-64.00,0.00,0.00,0.00,-100.00,0.00,0,0,0,0
9343,OFF,0,0,0.00,-40.00,-40.00,-100.00,0,0,0.00,0,-64.00,0.00,0.00,0.00,-100.00,0.00,0,0,0,0
9451,OFF,0,0,0.00,-40.00,-40.00,-100.00,0,0,0.00,0,-64.00,0.00,0.00,0.00,-100.00,0.00,0,0,0,0
9556,OFF,0,0,0.00,-40.00,-40.00,-100.00,0,0,0.00,0,-64.00,0.00,0.00,0.00,-100.00,0.00,0,0,0,0
9661,OFF,0,0,0.00,-40.00,-40.00,-100.00,0,0,0.00,0,-64.00,0.00,0.00,0.00,-100.00,0.00,0,0,0,0
9766,OFF,0,0,0.00,-40.00,-40.00,-100.00,0,0,0.00,0,-64.00,0.00,0.00,0.00,-100.00,0.00,0,0,0,0
9870,OFF,0,0,0.00,-40.00,-40.00,-100.00,0,0,0.00,0,-64.00,0.00,0.00,0.00,-100.00,0.00,0,0,0,0
9974,OFF,0,0,0.00,-40.00,-40.00,-100.00,0,0,0.00,0,-64.00,0.00,0.00,0.00,-100.00,0.00,0,0,0,0
10082,OFF,0,0,0.00,-40.00,-40.00,-100.00,0,0,0.00,0,-64.00,0.00,0.00,0.00,-100.00,0.00,0,0,0,0
10187,OFF,0,0,0.00,-40.00,-40.00,-100.00,0,0,0.00,0,-64.00,0.00,0.00,0.00,-100.00,0.00,0,0,0,0
10291,OFF,0,0,0.00,-40.00,-40.00,-100.00,0,0,0.00,0,-64.00,0.00,0.00,0.00,-100.00,0.00,0,0,0,0
10395,OFF,0,0,0.00,-40.00,-40.00,-100.00,0,0,0.00,0,-64.00,0.00,0.00,0.00,-100.00,0.00,0,0,0,0
10499,OFF,0,0,0.00,-40.00,-40.00,-100.00,0,0,0.00,0,-64.00,0.00,0.00,0.00,-100.00,0.00,0,0,0,0
10604,OFF,0,0,0.00,-40.00,-40.00,-100.00,0,0,0.00,0,-64.00,0.00,0.00,0.00,-100.00,0.00,0,0,0,0
10712,OFF,0,0,0.00,-40.00,-40.00,-100.00,0,0,0.00,0,-64.00,0.00,0.00,0.00,-100.00,0.00,0,0,0,0
10817,OFF,0,0,0.00,-40.00,-40.00,-100.00,0,0,0.00,0,-64.00,0.00,0.00,0.00,-100.00,0.00,0,0,0,0
10922,OFF,0,0,0.00,-40.00,-40.00,-100.00,0,0,0.00,0,-64.00,0.00,0.00,0.00,-100.00,0.00,0,0,0,0
11027,OFF,0,0,0.00,-40.00,-40.00,-100.00,0,0,0.00,0,-64.00,0.00,0.00,0.00,-100.00,0.00,0,0,0,0
11132,OFF,0,0,0.00,-40.00,-40.00,-100.00,0,0,0.00,0,-64.00,0.00,0.00,0.00,-100.00,0.00,0,0,0,0
11237,OFF,0,0,0.00,-40.00,-40.00,-100.00,0,0,0.00,0,-64.00,0.00,0.00,0.00,-100.00,0.00,0,0,0,0
11345,OFF,0,0,0.00,-40.00,-40.00,-100.00,0,0,0.00,0,-64.00,0.00,0.00,0.00,-100.00,0.00,0,0,0,0
11450,OFF,0,0,0.00,-40.00,-40.00,-100.00,0,0,0.00,0,-64.00,0.00,0.00,0.00,-100.00,0.00,0,0,0,0
11555,OFF,0,0,0.00,-40.00,-40.00,-100.00,0,0,0.00,0,-64.00,0.00,0.00,0.00,-100.00,0.00,0,0,0,0
11660,OFF,0,0,0.00,-40.00,-40.00,-100.00,0,0,0.00,0,-64.00,0.00,0.00,0.00,-100.00,0.00,0,0,0,0
11765,OFF,0,0,0.00,-40.00,-40.00,-100.00,0,0,0.00,0,-64.00,0.00,0.00,0.00,-100.00,0.00,0,0,0,0
11870,OFF,0,0,0.00,-40.00,-40.00,-100.00,0,0,0.00,0,-64.00,0.00,0.00,0.00,-100.00,0.00,0,0,0,0
11978,OFF,0,0,0.00,-40.00,-40.00,-100.00,0,0,0.00,0,-64.00,0.00,0.00,0.00,-100.00,0.00,0,0,0,0
12083,OFF,0,0,0.00,-40.00,-40.00,-100.00,0,0,0.00,0,-64.00,0.00,0.00,0.00,-100.00,0.00,0,0,0,0
12188,OFF,0,0,0.00,-40.00,-40.00,-100.00,0,0,0.00,0,-64.00,0.00,0.00,0.00,-100.00,0.00,0,0,0,0
12293,OFF,0,0,0.00,-40.00,-40.00,-100.00,0,0,0.00,0,-64.00,0.00,0.00,0.00,-100.00,0.00,0,0,0,0
12398,OFF,0,0,0.00,-40.00,-40.00,-100.00,0,0,0.00,0,-64.00,0.00,0.00,0.00,-100.00,0.00,0,0,0,0
12503,OFF,0,0,0.00,-40.00,-40.00,-100.00,0,0,0.00,0,-64.00,0.00,0.00,0.00,-100.00,0.00,0,0,0,0
12611,OFF,0,0,0.00,-40.00,-40.00,-100.00,0,0,0.00,0,-64.00,0.00,0.00,0.00,-100.00,0.00,0,0,0,0
12716,OFF,0,0,0.00,-40.00,-40.00,-100.00,0,0,0.00,0,-64.00,0.00,0.00,0.00,-100.00,0.00,0,0,0,0
12821,OFF,0,0,0.00,-40.00,-40.00,-100.00,0,0,0.00,0,-64.00,0.00,0.00,0.00,-100.00,0.00,0,0,0,0
12926,OFF,0,0,0.00,-40.00,-40.00,-100.00,0,0,0.00,0,-64.00,0.00,0.00,0.00,-100.00,0.00,0,0,0,0
13031,OFF,0,0,0.00,-40.00,-40.00,-100.00,0,0,0.00,0,-64.00,0.00,0.00,0.00,-100.00,0.00,0,0,0,0
13136,OFF,0,0,0.00,-40.00,-40.00,-100.00,0,0,0.00,0,-64.00,0.00,0.00,0.00,-100.00,0.00,0,0,0,0
13244,OFF,0,0,0.00,-40.00,-40.00,-100.00,0,0,0.00,0,-64.00,0.00,0.00,0.00,-100.00,0.00,0,0,0,0
13349,OFF,0,0,0.00,-40.00,-40.00,-100.00,0,0,0.00,0,-64.00,0.00,0.00,0.00,-100.00,0.00,0,0,0,0
13454,OFF,0,0,0.00,-40.00,-40.00,-100.00,0,0,0.00,0,-64.00,0.00,0.00,0.00,-100.00,0.00,0,0,0,0
13559,OFF,0,0,0.00,-40.00,-40.00,-100.00,0,0,0.00,0,-64.00,0.00,0.00,0.00,-100.00,0.00,0,0,0,0
13664,OFF,0,0,0.00,-40.00,-40.00,-100.00,0,0,0.00,0,-64.00,0.00,0.00,0.00,-100.00,0.00,0,0,0,0
13769,OFF,0,0,0.00,-40.00,-40.00,-100.00,0,0,0.00,0,-64.00,0.00,0.00,0.00,-100.00,0.00,0,0,0,0
13877,OFF,0,0,0.00,-40.00,-40.00,-100.00,0,0,0.00,0,-64.00,0.00,0.00,0.00,-100.00,0.00,0,0,0,0
13982,OFF,0,0,0.00,-40.00,-40.00,-100.00,0,0,0.00,0,-64.00,0.00,0.00,0.00,-100.00,0.00,0,0,0,0
14087,OFF,0,0,0.00,-40.00,-40.00,-100.00,0,0,0.00,0,-64.00,0.00,0.00,0.00,-100.00,0.00,0,0,0,0
14192,OFF,0,0,0.00,-40.00,-40.00,-100.00,0,0,0.00,0,-64.00,0.00,0.00,0.00,-100.00,0.00,0,0,0,0
14297,OFF,0,0,0.00,-40.00,-40.00,-100.00,0,0,0.00,0,-64.00,0.00,0.00,0.00,-100.00,0.00,0,0,0,0
14402,OFF,0,0,0.00,-40.00,-40.00,-100.00,0,0,0.00,0,-64.00,0.00,0.00,0.00,-100.00,0.00,0,0,0,0
14510,OFF,0,0,0.00,-40.00,-40.00,-100.00,0,0,0.00,0,-64.00,0.00,0.00,0.00,-100.00,0.00,0,0,0,0
14615,OFF,0,0,0.00,-40.00,-40.00,-100.00,0,0,0.00,0,-64.00,0.00,0.00,0.00,-100.00,0.00,0,0,0,0
14720,OFF,0,0,0.00,-40.00,-40.00,-100.00,0,0,0.00,0,-64.00,0.00,0.00,0.00,-100.00,0.00,0,0,0,0
14825,OFF,0,0,0.00,-40.00,-40.00,-100.00,0,0,0.00,0,-64.00,0.00,0.00,0.00,-100.00,0.00,0,0,0,0
14930,OFF,0,0,0.00,-40.00,-40.00,-100.00,0,0,0.00,0,-64.00,0.00,0.00,0.00,-100.00,0.00,0,0,0,0
15035,OFF,0,0,0.00,-40.00,-40.00,-100.00,0,0,0.00,0,-64.00,0.00,0.00,0.00,-100.00,0.00,0,0,0,0
15143,OFF,0,0,0.00,-40.00,-40.00,-100.00,0,0,0.00,0,-64.00,0.00,0.00,0.00,-100.00,0.00,0,0,0,0
15248,OFF,0,0,0.00,-40.00,-40.00,-100.00,0,0,0.00,0,-64.00,0.00,0.00,0.00,-100.00,0.00,0,0,0,0
15353,OFF,0,0,0.00,-40.00,-40.00,-100.00,0,0,0.00,0,-64.00,0.00,0.00,0.00,-100.00,0.00,0,0,0,0
15458,OFF,0,0,0.00,-40.00,-40.00,-100.00,0,0,0.00,0,-64.00,0.00,0.00,0.00,-100.00,0.00,0,0,0,0
15563,OFF,0,0,0.00,-40.00,-40.00,-100.00,0,0,0.00,0,-64.00,0.00,0.00,0.00,-100.00,0.00,0,0,0,0
15668,OFF,0,0,0.00,-40.00,-40.00,-100.00,0,0,0.00,0,-64.00,0.00,0.00,0.00,-100.00,0.00,0,0,0,0
15776,OFF,0,0,0.00,-40.00,-40.00,-100.00,0,0,0.00,0,-64.00,0.00,0.00,0.00,-100.00,0.00,0,0,0,0
15881,OFF,0,0,0.00,-40.00,-40.00,-100.00,0,0,0.00,0,-64.00,0.00,0.00,0.00,-100.00,0.00,0,0,0,0
15986,OFF,0,0,0.00,-40.00,-40.00,-100.00,0,0,0.00,0,-64.00,0.00,0.00,0.00,-100.00,0.00,0,0,0,0
16091,OFF,0,0,0.00,-40.00,-40.00,-100.00,0,0,0.00,0,-64.00,0.00,0.00,0.00,-100.00,0.00,0,0,0,0
16196,OFF,0,0,0.00,-40.00,-40.00,-100.00,0,0,0.00,0,-64.00,0.00,0.00,0.00,-100.00,0.00,0,0,0,0
16301,OFF,0,0,0.00,-40.00,-40.00,-100.00,0,0,0.00,0,-64.00,0.00,0.00,0.00,-100.00,0.00,0,0,0,0
16409,OFF,0,0,0.00,-40.00,-40.00,-100.00,0,0,0.00,0,-64.00,0.00,0.00,0.00,-100.00,0.00,0,0,0,0
16514,OFF,0,0,0.00,-40.00,-40.00,-100.00,0,0,0.00,0,-64.00,0.00,0.00,0.00,-100.00,0.00,0,0,0,0
16619,OFF,0,0,0.00,-40.00,-40.00,-100.00,0,0,0.00,0,-64.00,0.00,0.00,0.00,-100.00,0.00,0,0,0,0
16724,OFF,0,0,0.00,-40.00,-40.00,-100.00,0,0,0.00,0,-64.00,0.00,0.00,0.00,-100.00,0.00,0,0,0,0
16829,OFF,0,0,0.00,-40.00,-40.00,-100.00,0,0,0.00,0,-64.00,0.00,0.00,0.00,-100.00,0.00,0,0,0,0
16934,OFF,0,0,0.00,-40.00,-40.00,-100.00,0,0,0.00,0,-64.00,0.00,0.00,0.00,-100.00,0.00,0,0,0,0
17042,OFF,0,0,0.00,-40.00,-40.00,-100.00,0,0,0.00,0,-64.00,0.00,0.00,0.00,-100.00,0.00,0,0,0,0
17147,OFF,0,0,0.00,-40.00,-40.00,-100.00,0,0,0.00,0,-64.00,0.00,0.00,0.00,-100.00,0.00,0,0,0,0
17252,OFF,0,0,0.00,-40.00,-40.00,-100.00,0,0,0.00,0,-64.00,0.00,0.00,0.00,-100.00,0.00,0,0,0,0
17357,OFF,0,0,0.00,-40.00,-40.00,-100.00,0,0,0.00,0,-64.00,0.00,0.00,0.00,-100.00,0.00,0,0,0,0
17462,OFF,0,0,0.00,-40.00,-40.00,-100.00,0,0,0.00,0,-64.00,0.00,0.00,0.00,-100.00,0.00,0,0,0,0
17567,OFF,0,0,0.00,-40.00,-40.00,-100.00,0,0,0.00,0,-64.00,0.00,0.00,0.00,-100.00,0.00,0,0,0,0
17675,OFF,0,0,0.00,-40.00,-40.00,-100.00,0,0,0.00,0,-64.00,0.00,0.00,0.00,-100.00,0.00,0,0,0,0
17780,OFF,0,0,0.00,-40.00,-40.00,-100.00,0,0,0.00,0,-64.00,0.00,0.00,0.00,-100.00,0.00,0,0,0,0
17885,OFF,0,0,0.00,-40.00,-40.00,-100.00,0,0,0.00,0,-64.00,0.00,0.00,0.00,-100.00,0.00,0,0,0,0
17990,OFF,0,0,0.00,-40.00,-40.00,-100.00,0,0,0.00,0,-64.00,0.00,0.00,0.00,-100.00,0.00,0,0,0,0
18095,OFF,0,0,0.00,-40.00,-40.00,-100.00,0,0,0.00,0,-64.00,0.00,0.00,0.00,-100.00,0.00,0,0,0,0
18200,OFF,0,0,0.00,-40.00,-40.00,-100.00,0,0,0.00,0,-64.00,0.00,0.00,0.00,-100.00,0.00,0,0,0,0
18308,OFF,0,0,0.00,-40.00,-40.00,-100.00,0,0,0.00,0,-64.00,0.00,0.00,0.00,-100.00,0.00,0,0,0,0
18413,OFF,0,0,0.00,-40.00,-40.00,-100.00,0,0,0.00,0,-64.00,0.00,0.00,0.00,-100.00,0.00,0,0,0,0
18518,OFF,0,0,0.00,-40.00,-40.00,-100.00,0,0,0.00,0,-64.00,0.00,0.00,0.00,-100.00,0.00,0,0,0,0
18623,OFF,0,0,0.00,-40.00,-40.00,-100.00,0,0,0.00,0,-64.00,0.00,0.00,0.00,-100.00,0.00,0,0,0,0
18727,OFF,0,0,0.00,-40.00,-40.00,-100.00,0,0,0.00,0,-64.00,0.00,0.00,0.00,-100.00,0.00,0,0,0,0
18831,OFF,0,0,0.00,-40.00,-40.00,-100.00,0,0,0.00,0,-64.00,0.00,0.00,0.00,-100.00,0.00,0,0,0,0
18939,OFF,0,0,0.00,-40.00,-40.00,-100.00,0,0,0.00,0,-64.00,0.00,0.00,0.00,-100.00,0.00,0,0,0,0
19044,OFF,0,0,0.00,-40.00,-40.00,-100.00,0,0,0.00,0,-64.00,0.00,0.00,0.00,-100.00,0.00,0,0,0,0
19148,OFF,0,0,0.00,-40.00,-40.00,-100.00,0,0,0.00,0,-64.00,0.00,0.00,0.00,-100.00,0.00,0,0,0,0
19252,OFF,0,0,0.00,-40.00,-40.00,-100.00,0,0,0.00,0,-64.00,0.00,0.00,0.00,-100.00,0.00,0,0,0,0
19356,OFF,0,0,0.00,-40.00,-40.00,-100.00,0,0,0.00,0,-64.00,0.00,0.00,0.00,-100.00,0.00,0,0,0,0
19461,OFF,0,0,0.00,-40.00,-40.00,-100.00,0,0,0.00,0,-64.00,0.00,0.00,0.00,-100.00,0.00,0,0,0,0
19569,OFF,0,0,0.00,-40.00,-40.00,-100.00,0,0,0.00,0,-64.00,0.00,0.00,0.00,-100.00,0.00,0,0,0,0
19674,OFF,0,0,0.00,-40.00,-40.00,-100.00,0,0,0.00,0,-64.00,0.00,0.00,0.00,-100.00,0.00,0,0,0,0
19779,OFF,0,0,0.00,-40.00,-40.00,-100.00,0,0,0.00,0,-64.00,0.00,0.00,0.00,-100.00,0.00,0,0,0,0
19884,OFF,0,0,0.00,-40.00,-40.00,-100.00,0,0,0.00,0,-64.00,0.00,0.00,0.00,-100.00,0.00,0,0,0,0
19989,OFF,0,0,0.00,-40.00,-40.00,-100.00,0,0,0.00,0,-64.00,0.00,0.00,0.00,-100.00,0.00,0,0,0,0
20094,OFF,0,0,0.00,-40.00,-40.00,-100.00,0,0,0.00,0,-64.00,0.00,0.00,0.00,-100.00,0.00,0,0,0,0
20202,OFF,0,0,0.00,-40.00,-40.00,-100.00,0,0,0.00,0,-64.00,0.00,0.00,0.00,-100.00,0.00,0,0,0,0
20307,OFF,0,0,0.00,-40.00,-40.00,-100.00,0,0,0.00,0,-64.00,0.00,0.00,0.00,-100.00,0.00,0,0,0,0
20412,OFF,0,0,0.00,-40.00,-40.00,-100.00,0,0,0.00,0,-64.00,0.00,0.00,0.00,-100.00,0.00,0,0,0,0
20517,OFF,0,0,0.00,33.00,29.00,-3.12,100,101,0.00,0,0.00,27.45,0.00,0.25,0.00,0.00,0,0,0,0
20622,OFF,0,0,0.00,33.00,29.00,-3.12,99,101,0.00,0,0.00,27.06,10.98,0.25,0.00,10.94,185,0,0,0
20727,OFF,0,0,0.00,33.00,29.00,-3.12,99,101,0.00,0,0.00,27.06,10.98,0.25,0.00,10.94,185,0,0,0
20835,OFF,0,0,0.00,33.00,29.00,-3.12,99,101,0.00,0,0.00,27.06,10.98,0.25,0.00,10.94,185,0,0,0
20940,OFF,0,0,0.00,33.00,29.00,-3.12,99,101,0.00,0,0.00,27.06,10.98,0.25,0.00,10.94,185,0,0,0
21045,OFF,0,0,0.00,33.00,29.00,-3.12,99,101,0.00,0,0.00,27.06,10.98,0.25,0.00,10.94,185,0,0,0
21150,OFF,0,0,0.00,33.00,29.00,-3.12,100,101,0.00,0,0.00,27.06,10.98,0.25,0.00,10.94,185,0,0,0
21255,OFF,0,0,0.00,33.00,29.00,-3.12,100,99,0.00,0,0.00,27.06,10.98,0.25,0.00,10.94,185,0,0,0
21360,OFF,0,0,0.00,33.00,29.00,-3.12,99,99,0.00,0,0.00,27.06,10.98,0.25,0.00,10.94,185,0,0,0
21468,OFF,0,0,0.00,33.00,29.00,-3.12,99,99,0.00,0,0.00,27.06,10.98,0.25,0.00,10.94,185,0,0,0
21573,OFF,0,0,0.00,33.00,29.00,-3.12,99,99,0.00,0,0.00,27.06,10.98,0.25,0.00,10.94,185,0,0,0
21678,OFF,0,0,0.00,33.00,29.00,-3.12,100,99,0.00,0,0.00,27.06,10.98,0.25,0.00,10.94,185,0,0,0
21783,OFF,0,0,0.00,33.00,29.00,-3.12,99,100,0.00,0,0.00,27.06,10.98,0.25,0.00,10.94,185,0,0,0
21888,OFF,0,0,0.00,33.00,29.00,-3.12,99,99,0.00,0,0.00,27.06,10.98,0.25,0.00,10.94,185,0,0,0
21993,OFF,0,0,0.00,33.00,29.00,-3.12,100,99,0.00,0,0.00,27.06,10.98,0.25,0.00,10.94,185,0,0,0
22101,OFF,0,0,0.00,33.00,29.00,-3.12,99,99,0.00,0,0.00,27.06,10.98,0.25,0.00,10.94,185,0,0,0
22206,OFF,0,0,0.00,33.00,29.00,-3.12,100,100,0.00,3,0.00,27.06,11.37,0.25,0.00,4.53,179,0,0,0
22311,OFF,0,0,0.00,33.00,29.00,-3.12,100,100,0.00,3,0.00,27.45,11.37,0.25,0.00,0.55,34,0,0,0
22416,OFF,0,0,0.00,33.00,29.00,-3.12,100,100,0.00,3,0.00,27.45,11.37,0.25,0.00,0.55,34,0,0,0
22521,OFF,0,0,0.00,33.00,29.00,-3.12,100,100,0.00,3,0.00,27.45,11.37,0.25,0.00,0.55,34,0,0,0
22626,OFF,0,0,0.00,33.00,29.00,-3.12,100,100,0.00,3,0.00,27.45,11.37,0.25,0.00,0.55,34,0,0,0
22734,OFF,0,0,0.00,33.00,29.00,-3.12,100,100,0.00,3,0.00,27.45,11.37,0.25,0.00,0.55,34,0,0,0
22839,OFF,0,0,0.00,33.00,29.00,-3.12,100,100,0.00,3,0.00,27.45,11.37,0.25,0.00,0.55,34,0,0,0
22944,OFF,0,0,0.00,33.00,29.00,-3.12,100,100,0.00,3,0.00,27.45,11.37,0.25,0.00,0.55,34,0,0,0
23049,OFF,0,0,0.00,33.00,29.00,-3.12,100,100,0.00,3,0.00,27.45,11.37,0.25,0.00,0.55,34,0,0,0
23154,OFF,0,0,0.00,33.00,29.00,-3.12,100,100,0.00,3,0.00,27.45,11.37,0.25,0.00,0.55,34,0,0,0
23259,OFF,0,0,0.00,33.00,29.00,-3.12,100,100,0.00,3,0.00,27.45,11.37,0.25,0.00,0.55,34,0,0,0
23367,OFF,0,0,0.00,33.00,29.00,-3.12,100,100,0.00,3,0.00,27.45,11.37,0.25,0.00,0.55,34,0,0,0
23472,OFF,0,0,0.00,33.00,29.00,-3.12,100,100,0.00,3,0.00,27.45,11.37,0.25,0.00,0.55,34,0,0,0
23577,OFF,0,0,0.00,33.00,29.00,-3.12,100,100,0.00,3,0.00,27.45,11.37,0.25,0.00,0.55,34,0,0,0
23682,OFF,0,0,0.00,33.00,29.00,-3.12,100,100,0.00,3,0.00,27.45,11.37,0.25,0.00,0.55,34,0,0,0
23787,OFF,0,0,0.00,33.00,29.00,-3.12,100,100,0.00,3,0.00,27.45,11.37,0.25,0.00,0.55,34,0,0,0
23892,OFF,0,0,0.00,33.00,29.00,-3.12,100,100,0.00,3,0.00,27.45,11.37,0.25,0.00,0.55,34,0,0,0
24000,OFF,0,0,0.00,33.00,29.00,-3.12,100,100,0.00,3,0.00,27.45,11.37,0.25,0.00,0.55,34,0,0,0
24105,OFF,0,0,0.00,33.00,29.00,-3.12,100,100,0.00,3,0.00,27.45,11.37,0.25,0.00,0.55,34,0,0,0
24210,OFF,0,0,0.00,33.00,29.00,-3.12,100,100,0.00,3,0.00,27.45,11.37,0.25,0.00,0.55,34,0,0,0
24315,OFF,0,0,0.00,33.00,29.00,-3.12,100,100,0.00,3,0.00,27.45,11.37,0.25,0.00,0.55,34,0,0,0
24420,OFF,0,0,0.00,33.00,29.00,-3.12,100,100,0.00,3,0.00,27.45,11.37,0.25,0.00,0.55,34,0,0,0
24525,OFF,0,0,0.00,33.00,29.00,-3.12,100,100,0.00,3,0.00,27.45,11.37,0.25,0.00,0.55,34,0,0,0
24633,OFF,0,0,0.00,33.00,29.00,-3.12,100,100,0.00,3,0.00,27.45,11.37,0.25,0.00,0.55,34,0,0,0
24738,OFF,0,0,0.00,33.00,29.00,-3.12,100,100,0.00,3,0.00,27.45,11.37,0.25,0.00,0.55,34,0,0,0
24843,OFF,0,0,0.00,33.00,29.00,-3.12,100,100,0.00,3,0.00,27.45,11.37,0.25,0.00,0.55,34,0,0,0
24948,OFF,0,0,0.00,33.00,29.00,-3.12,100,100,0.00,3,0.00,27.45,11.37,0.25,0.00,0.55,34,0,0,0
25053,OFF,0,0,0.00,33.00,29.00,-3.12,100,100,0.00,3,0.00,27.45,11.37,0.25,0.00,0.55,34,0,0,0
25158,OFF,0,0,0.00,33.00,29.00,-3.12,100,100,0.00,3,0.00,27.45,11.37,0.25,0.00,0.55,34,0,0,0
25266,OFF,0,0,0.00,33.00,29.00,-3.12,100,100,0.00,3,0.00,27.45,11.37,0.25,0.00,0.55,34,0,0,0
25371,OFF,0,0,0.00,33.00,29.00,-3.12,100,100,0.00,3,0.00,27.45,11.37,0.25,0.00,0.55,34,0,0,0
25476,OFF,0,0,0.00,33.00,29.00,-3.12,100,100,0.00,3,0.00,27.45,11.37,0.25,0.00,0.55,34,0,0,0
25581,OFF,0,0,0.00,33.00,29.00,-3.12,100,100,0.00,3,0.00,27.45,11.37,0.25,0.00,0.55,34,0,0,0
25686,OFF,0,0,0.00,33.00,29.00,-3.12,100,100,0.00,3,0.00,27.45,11.37,0.25,0.00,0.55,34,0,0,0
25791,OFF,0,0,0.00,33.00,29.00,-3.12,100,100,0.00,3,0.00,27.45,11.37,0.25,0.00,0.55,34,0,0,0
25899,OFF,0,0,0.00,33.00,29.00,-3.12,100,100,0.00,3,0.00,27.45,11.37,0.25,0.00,0.55,34,0,0,0
26004,OFF,0,0,0.00,33.00,29.00,-3.12,100,100,0.00,3,0.00,27.45,11.37,0.25,0.00,0.55,34,0,0,0
26109,OFF,0,0,0.00,33.00,29.00,-3.12,100,100,0.00,3,0.00,27.45,11.37,0.25,0.00,0.55,34,0,0,0
26214,OFF,0,0,0.00,33.00,29.00,-3.12,100,100,0.00,3,0.00,27.45,11.37,0.25,0.00,0.55,34,0,0,0
26319,OFF,0,0,0.00,33.00,29.00,-3.12,100,100,0.00,3,0.00,27.45,11.37,0.25,0.00,0.55,34,0,0,0
26424,OFF,0,0,0.00,33.00,29.00,-3.12,100,100,0.00,3,0.00,27.45,11.37,0.25,0.00,0.55,34,0,0,0
26532,OFF,0,0,0.00,33.00,29.00,-3.12,100,100,0.00,3,0.00,27.45,11.37,0.25,0.00,0.55,34,0,0,0
26637,OFF,0,0,0.00,33.00,29.00,-3.12,100,100,0.00,3,0.00,27.45,11.37,0.25,0.00,0.55,34,0,0,0
26742,OFF,0,0,0.00,33.00,29.00,-3.12,100,100,0.00,3,0.00,27.45,11.37,0.25,0.00,0.55,34,0,0,0
26847,OFF,0,0,0.00,33.00,29.00,-3.12,100,100,0.00,3,0.00,27.45,11.37,0.25,0.00,0.55,34,0,0,0
26952,OFF,0,0,0.00,33.00,29.00,-3.12,100,100,0.00,3,0.00,27.45,11.37,0.25,0.00,0.55,34,0,0,0
27057,OFF,0,0,0.00,33.00,29.00,-3.12,100,100,0.00,3,0.00,27.45,11.37,0.25,0.00,0.55,34,0,0,0
27165,OFF,0,0,0.00,33.00,29.00,-3.12,100,100,0.00,3,0.00,27.45,11.37,0.25,0.00,0.55,34,0,0,0
27270,OFF,0,0,0.00,33.00,29.00,-3.12,100,100,0.00,3,0.00,27.45,11.37,0.25,0.00,0.55,34,0,0,0
27375,OFF,0,0,0.00,33.00,29.00,-3.12,100,100,0.00,3,0.00,27.45,11.37,0.25,0.00,0.55,34,0,0,0
27480,OFF,0,0,0.00,33.00,29.00,-3.12,100,100,0.00,3,0.00,27.45,11.37,0.25,0.00,0.55,34,0,0,0
27585,OFF,0,0,0.00,33.00,29.00,-3.12,100,100,0.00,3,0.00,27.45,11.37,0.25,0.00,0.55,34,0,0,0
27690,OFF,0,0,0.00,33.00,29.00,-3.12,100,100,0.00,3,0.00,27.45,11.37,0.25,0.00,0.55,34,0,0,0
27798,OFF,0,0,0.00,33.00,29.00,-3.12,100,100,0.00,3,0.00,27.45,11.37,0.25,0.00,0.55,34,0,0,0
27903,OFF,0,0,0.00,33.00,29.00,-3.12,100,100,0.00,3,0.00,27.45,11.37,0.25,0.00,0.55,34,0,0,0
28008,OFF,0,0,0.00,33.00,29.00,-3.12,100,100,0.00,3,0.00,27.45,11.37,0.25,0.00,0.55,34,0,0,0
28113,OFF,0,0,0.00,33.00,29.00,-3.12,100,100,0.00,3,0.00,27.45,11.37,0.25,0.00,0.55,34,0,0,0
28218,OFF,0,0,0.00,33.00,29.00,-3.12,100,100,0.00,3,0.00,27.45,11.37,0.25,0.00,0.55,34,0,0,0
28323,OFF,0,0,0.00,33.00,29.00,-3.12,100,100,0.00,3,0.00,27.45,11.37,0.25,0.00,0.55,34,0,0,0
28430,OFF,0,0,0.00,33.00,29.00,-3.12,100,100,0.00,3,0.00,27.45,11.37,0.25,0.00,0.55,34,0,0,0
28535,OFF,0,0,0.00,33.00,29.00,-3.12,100,100,0.00,3,0.00,27.45,11.37,0.25,0.00,0.55,34,0,0,0
28640,OFF,0,0,0.00,33.00,29.00,-3.12,100,100,0.00,3,0.00,27.45,11.37,0.25,0.00,0.55,34,0,0,0
28745,OFF,0,0,0.00,33.00,29.00,-3.12,100,100,0.00,3,0.00,27.45,11.37,0.25,0.00,0.55,34,0,0,0
28850,OFF,0,0,0.00,33.00,29.00,-3.12,100,100,0.00,3,0.00,27.45,11.37,0.25,0.00,0.55,34,0,0,0
28955,OFF,0,0,0.00,33.00,29.00,-3.12,100,100,0.00,3,0.00,27.45,11.37,0.25,0.00,0.55,34,0,0,0
29063,OFF,0,0,0.00,33.00,29.00,-3.12,100,100,0.00,3,0.00,27.45,11.37,0.25,0.00,0.55,34,0,0,0
29168,OFF,0,0,0.00,33.00,29.00,-3.12,100,100,0.00,3,0.00,27.45,11.37,0.25,0.00,0.55,34,0,0,0
29273,OFF,0,0,0.00,33.00,29.00,-3.12,100,100,0.00,3,0.00,27.45,11.37,0.25,0.00,0.55,34,0,0,0
29378,OFF,0,0,0.00,33.00,29.00,-3.12,100,100,0.00,3,0.00,27.45,11.37,0.25,0.00,0.55,34,0,0,0
29483,OFF,0,0,0.00,33.00,29.00,-3.12,100,100,0.00,3,0.00,27.45,11.37,0.25,0.00,0.55,34,0,0,0
29588,OFF,0,0,0.00,33.00,29.00,-3.12,100,100,0.00,3,0.00,27.45,11.37,0.25,0.00,0.55,34,0,0,0
29696,OFF,0,0,0.00,33.00,29.00,-3.12,100,100,0.00,3,0.00,27.45,11.37,0.25,0.00,0.55,34,0,0,0
29801,OFF,0,0,0.00,33.00,29.00,-3.12,100,100,0.00,3,0.00,27.45,11.37,0.25,0.00,0.55,34,0,0,0
29906,OFF,0,0,0.00,33.00,29.00,-3.12,100,100,0.00,3,0.00,27.45,11.37,0.25,0.00,0.55,34,0,0,0
30011,OFF,0,0,0.00,33.00,29.00,-3.12,100,100,0.00,3,0.00,27.45,11.37,0.25,0.00,0.55,34,0,0,0
30116,OFF,0,0,0.00,33.00,29.00,-3.12,100,100,0.00,3,0.00,27.45,11.37,0.25,0.00,0.55,34,0,0,0
30221,OFF,0,0,0.00,33.00,29.00,-3.12,100,100,0.00,3,0.00,27.45,11.37,0.25,0.00,0.55,34,0,0,0
30329,OFF,0,0,0.00,33.00,29.00,-3.12,100,100,0.00,3,0.00,27.45,11.37,0.25,0.00,0.55,34,0,0,0
30434,OFF,0,0,0.00,33.00,29.00,-3.12,100,100,0.00,3,0.00,27.45,11.37,0.25,0.00,0.55,34,0,0,0
30539,OFF,0,0,0.00,33.00,29.00,-3.12,100,100,0.00,3,0.00,27.45,11.37,0.25,0.00,0.55,34,0,0,0
30644,OFF,0,0,0.00,33.00,29.00,-3.12,100,100,0.00,3,0.00,27.45,11.37,0.25,0.00,0.55,34,0,0,0
30749,OFF,0,0,0.00,33.00,29.00,-3.12,100,100,0.00,3,0.00,27.45,11.37,0.25,0.00,0.55,34,0,0,0
30854,OFF,0,0,0.00,33.00,29.00,-3.12,100,100,0.00,3,0.00,27.45,11.37,0.25,0.00,0.55,34,0,0,0
30962,OFF,0,0,0.00,33.00,29.00,-3.12,100,100,0.00,3,0.00,27.45,11.37,0.25,0.00,0.55,34,0,0,0
31067,OFF,0,0,0.00,33.00,29.00,-3.12,100,100,0.00,3,0.00,27.45,11.37,0.25,0.00,0.55,34,0,0,0
31172,OFF,0,0,0.00,33.00,29.00,-3.12,100,100,0.00,3,0.00,27.45,11.37,0.25,0.00,0.55,34,0,0,0
31277,OFF,0,0,0.00,33.00,29.00,-3.12,100,100,0.00,3,0.00,27.45,11.37,0.25,0.00,0.55,34,0,0,0
31382,OFF,0,0,0.00,33.00,29.00,-3.12,100,101,0.00,0,0.00,27.45,11.37,0.25,0.00,0.00,0,0,0,0
31487,OFF,0,0,0.00,33.00,29.00,-3.12,99,101,0.00,0,0.00,27.06,10.98,0.25,0.00,10.70,207,0,0,0
31595,OFF,0,0,0.00,33.00,29.00,-3.12,99,101,0.00,0,0.00,27.06,10.98,0.25,0.00,10.94,185,0,0,0
31700,OFF,0,0,0.00,33.00,29.00,-3.12,100,101,0.00,0,0.00,27.06,10.98,0.25,0.00,10.94,185,0,0,0
31805,OFF,0,0,0.00,33.00,29.00,-3.12,100,101,0.00,0,0.00,27.06,10.98,0.25,0.00,10.94,185,0,0,0
31910,OFF,0,0,0.00,33.00,29.00,-3.12,99,101,0.00,0,0.00,27.06,10.98,0.25,0.00,10.94,185,0,0,0
32015,OFF,0,0,0.00,33.00,29.00,-3.12,100,101,0.00,0,0.00,27.06,10.98,0.25,0.00,10.94,185,0,0,0
32120,OFF,0,0,0.00,33.00,29.00,-3.12,99,100,0.00,0,0.00,27.06,10.98,0.25,0.00,10.94,185,0,0,0
32228,OFF,0,0,0.00,33.00,29.00,-3.12,100,100,0.00,0,0.00,27.06,10.98,0.25,0.00,10.94,185,0,0,0
32333,OFF,0,0,0.00,33.00,29.00,-3.12,100,100,0.00,0,0.00,27.06,10.98,0.25,0.00,10.94,185,0,0,0
32438,OFF,0,0,0.00,33.00,29.00,-3.12,100,100,0.00,0,0.00,27.06,10.98,0.25,0.00,10.94,185,0,0,0
32543,OFF,0,0,0.00,33.00,29.00,-3.12,100,100,0.00,0,0.00,27.06,10.98,0.25,0.00,10.94,185,0,0,0
32648,OFF,0,0,0.00,33.00,29.00,-3.12,99,100,0.00,0,0.00,27.06,10.98,0.25,0.00,10.94,185,0,0,0
32753,OFF,0,0,0.00,33.00,29.00,-3.12,100,100,0.00,0,0.00,27.06,10.98,0.25,0.00,10.94,185,0,0,0
32861,OFF,0,0,0.00,33.00,29.00,-3.12,100,100,0.00,0,0.00,27.06,10.98,0.25,0.00,10.94,185,0,0,0
32966,OFF,0,0,0.00,33.00,29.00,-3.12,99,100,0.00,0,0.00,27.06,10.98,0.25,0.00,10.94,185,0,0,0
33071,OFF,0,0,0.00,33.00,29.00,-3.12,99,100,0.00,0,0.00,27.06,10.98,0.25,0.00,10.94,185,0,0,0
33176,OFF,0,0,0.00,33.00,29.00,-3.12,100,99,0.00,0,0.00,27.06,10.98,0.25,0.00,10.86,107,0,0,0
33281,OFF,0,0,0.00,33.00,29.00,-3.12,99,99,0.00,0,0.00,27.06,10.98,0.25,0.00,10.94,185,0,0,0
33386,OFF,0,0,0.00,33.00,29.00,-3.12,99,100,0.00,0,0.00,27.06,10.98,0.25,0.00,10.94,185,0,0,0
33494,OFF,0,0,0.00,33.00,29.00,-3.12,100,99,0.00,0,0.00,27.06,10.98,0.25,0.00,10.86,107,0,0,0
33599,OFF,0,0,0.00,33.00,29.00,-3.12,99,99,0.00,0,0.00,27.06,10.98,0.25,0.00,10.86,107,0,0,0
33704,OFF,0,0,0.00,33.00,29.00,-3.12,99,100,0.00,0,0.00,27.06,10.98,0.25,0.00,10.94,185,0,0,0
33809,OFF,0,0,0.00,33.00,29.00,-3.12,99,100,0.00,0,0.00,27.06,10.98,0.25,0.00,10.86,107,0,0,0
33914,OFF,0,0,0.00,33.00,29.00,-3.12,100,99,0.00,0,0.00,27.06,10.98,0.25,0.00,10.86,107,0,0,0
34019,OFF,0,0,0.00,34.00,29.00,-3.12,99,99,0.00,0,0.00,27.06,10.98,0.25,0.00,10.94,185,0,0,0
34127,OFF,0,0,0.00,33.00,29.00,-3.12,100,100,0.00,0,0.00,27.06,10.98,0.25,0.00,10.86,107,0,0,0
34232,OFF,0,0,0.00,33.00,29.00,-3.12,99,99,0.00,0,0.00,27.06,10.98,0.25,0.00,10.86,107,0,0,0
34337,OFF,0,0,0.00,34.00,29.00,-3.12,100,99,0.00,0,0.00,27.06,10.98,0.25,0.00,10.86,107,0,0,0
34442,OFF,0,0,0.00,34.00,29.00,-3.12,100,100,0.00,0,0.00,27.06,11.37,0.25,0.00,4.38,23,0,0,0
34547,OFF,0,0,0.00,33.00,29.00,-3.12,100,100,0.00,0,0.00,27.45,11.37,0.25,0.00,0.47,212,0,0,0
34652,OFF,0,0,0.00,33.00,29.00,-3.12,100,100,0.00,0,0.00,27.45,11.37,0.25,0.00,0.00,0,0,0,0
34760,OFF,0,0,0.00,33.00,29.00,-3.12,100,100,0.00,0,0.00,27.45,11.37,0.25,0.00,0.00,0,0,0,0
34865,OFF,0,0,0.00,33.00,29.00,-3.12,100,100,0.00,0,0.00,27.45,11.37,0.25,0.00,0.00,0,0,0,0
34970,OFF,0,0,0.00,33.00,29.00,-3.12,100,100,0.00,0,0.00,27.45,11.37,0.25,0.00,0.00,0,0,0,0
35075,OFF,0,0,0.00,33.00,28.00,-3.12,100,100,0.00,0,0.00,27.45,11.37,0.25,0.00,0.00,0,0,0,0
35180,OFF,0,0,0.00,33.00,29.00,-3.12,100,100,0.00,0,0.00,27.45,11.37,0.25,0.00,0.00,0,0,0,0
35285,OFF,0,0,0.00,33.00,29.00,-3.12,100,100,0.00,0,0.00,27.45,11.37,0.25,0.00,0.00,0,0,0,0
35393,OFF,0,0,0.00,33.00,29.00,-3.12,100,100,0.00,0,0.00,27.45,11.37,0.25,0.00,0.00,0,0,0,0
35498,OFF,0,0,0.00,33.00,29.00,-3.12,100,100,0.00,0,0.00,27.45,11.37,0.25,0.00,0.00,0,0,0,0
35603,OFF,0,0,0.00,33.00,29.00,-3.12,100,100,0.00,0,0.00,27.45,11.37,0.25,0.00,0.00,0,0,0,0
35708,OFF,0,0,0.00,33.00,29.00,-3.12,100,100,0.00,0,0.00,27.45,11.37,0.25,0.00,0.00,0,0,0,0
35813,OFF,0,0,0.00,33.00,29.00,-3.12,100,100,0.00,0,0.00,27.45,11.37,0.25,0.00,0.00,0,0,0,0
35918,OFF,0,0,0.00,33.00,29.00,-3.12,100,100,0.00,0,0.00,27.45,11.37,0.25,0.00,0.00,0,0,0,0
36026,OFF,0,0,0.00,33.00,29.00,-3.12,100,100,0.00,0,0.00,27.45,11.37,0.25,0.00,0.00,0,0,0,0
36131,OFF,0,0,0.00,33.00,29.00,-3.12,100,100,0.00,0,0.00,27.45,11.37,0.25,0.00,0.00,0,0,0,0
36236,OFF,0,0,0.00,33.00,29.00,-3.12,100,100,0.00,0,0.00,27.45,11.37,0.25,0.00,0.00,0,0,0,0
36341,OFF,0,0,0.00,33.00,29.00,-3.12,100,100,0.00,0,0.00,27.45,11.37,0.25,0.00,0.00,0,0,0,0
36446,OFF,0,0,0.00,33.00,29.00,-3.12,100,100,0.00,0,0.00,27.45,11.37,0.25,0.00,0.00,0,0,0,0
36551,OFF,0,0,0.00,33.00,29.00,-3.12,100,100,0.00,0,0.00,27.45,11.37,0.25,0.00,0.00,0,0,0,0
36659,OFF,0,0,0.00,33.00,29.00,-3.12,100,100,0.00,0,0.00,27.45,11.37,0.25,0.00,0.00,0,0,0,0
36764,OFF,0,0,0.00,33.00,29.00,-3.12,100,100,0.00,0,0.00,27.45,11.37,0.25,0.00,0.00,0,0,0,0
36869,OFF,0,0,0.00,33.00,29.00,-3.12,100,100,0.00,0,0.00,27.45,11.37,0.25,0.00,0.00,0,0,0,0
36974,OFF,0,0,0.00,33.00,29.00,-3.12,100,100,0.00,0,0.00,27.45,11.37,0.25,0.00,0.00,0,0,0,0
37079,OFF,0,0,0.00,33.00,29.00,-3.12,100,100,0.00,0,0.00,27.45,11.37,0.25,0.00,0.00,0,0,0,0
37184,OFF,0,0,0.00,33.00,29.00,-3.12,100,100,0.00,0,0.00,27.45,11.37,0.25,0.00,0.00,0,0,0,0
37292,OFF,0,0,0.00,33.00,29.00,-3.12,100,100,0.00,0,0.00,27.45,11.37,0.25,0.00,0.00,0,0,0,0
37397,OFF,0,0,0.00,33.00,29.00,-3.12,100,100,0.00,0,0.00,27.45,11.37,0.25,0.00,0.00,0,0,0,0
37502,OFF,0,0,0.00,33.00,29.00,-3.12,100,100,0.00,0,0.00,27.45,11.37,0.25,0.00,0.00,0,0,0,0
37613,OFF,0,0,0.00,33.00,29.00,-3.12,100,100,0.00,0,0.00,27.45,11.37,0.25,0.00,0.00,0,0,0,0
37717,OFF,0,0,0.00,33.00,29.00,-3.12,100,100,0.00,0,0.00,27.45,11.37,0.25,0.00,0.00,0,0,0,0
37825,OFF,0,0,0.00,33.00,29.00,-3.12,100,100,0.00,0,0.00,27.45,11.37,0.25,0.00,0.00,0,0,0,0
37929,OFF,0,0,0.00,33.00,29.00,-3.12,100,100,0.00,0,0.00,27.45,11.37,0.25,0.00,0.00,0,0,0,0
38033,OFF,0,0,0.00,33.00,29.00,-3.12,100,100,0.00,0,0.00,27.45,11.37,0.25,0.00,0.00,0,0,0,0
38138,OFF,0,0,0.00,33.00,29.00,-3.12,100,100,0.00,0,0.00,27.45,11.37,0.25,0.00,0.00,0,0,0,0
38243,OFF,0,0,0.00,33.00,29.00,-3.12,100,100,0.00,0,0.00,27.45,11.37,0.25,0.00,0.00,0,0,0,0
38348,OFF,0,0,0.00,33.00,29.00,-3.12,100,100,0.00,0,0.00,27.45,11.37,0.25,0.00,0.00,0,0,0,0
38456,OFF,0,0,0.00,33.00,29.00,-3.12,100,100,0.00,0,0.00,27.45,11.37,0.25,0.00,0.00,0,0,0,0
38561,OFF,0,0,0.00,33.00,29.00,-3.12,100,100,0.00,0,0.00,27.45,11.37,0.25,0.00,0.00,0,0,0,0
38666,OFF,0,0,0.00,33.00,29.00,-3.12,100,100,0.00,0,0.00,27.45,11.37,0.25,0.00,0.00,0,0,0,0
38771,OFF,0,0,0.00,33.00,29.00,-3.12,100,100,0.00,0,0.00,27.45,11.37,0.25,0.00,0.00,0,0,0,0
38876,OFF,0,0,0.00,33.00,29.00,-3.12,100,100,0.00,0,0.00,27.45,11.37,0.25,0.00,0.00,0,0,0,0
38981,OFF,0,0,0.00,33.00,29.00,-3.12,100,100,0.00,0,0.00,27.45,11.37,0.25,0.00,0.00,0,0,0,0
39089,OFF,0,0,0.00,33.00,29.00,-3.12,100,100,0.00,0,0.00,27.45,11.37,0.25,0.00,0.00,0,0,0,0
39194,OFF,0,0,0.00,33.00,29.00,-3.12,100,100,0.00,0,0.00,27.45,11.37,0.25,0.00,0.00,0,0,0,0
39299,OFF,0,0,0.00,33.00,29.00,-3.12,100,100,0.00,0,0.00,27.45,11.37,0.25,0.00,0.00,0,0,0,0
39404,OFF,0,0,0.00,33.00,28.00,-3.12,100,100,0.00,0,0.00,27.45,11.37,0.25,0.00,0.00,0,0,0,0
39509,OFF,0,0,0.00,33.00,29.00,-3.12,100,100,0.00,0,0.00,27.45,11.37,0.25,0.00,0.00,0,0,0,0
39614,OFF,0,0,0.00,33.00,29.00,-3.12,100,100,0.00,0,0.00,27.45,11.37,0.25,0.00,0.00,0,0,0,0
39722,OFF,0,0,0.00,33.00,29.00,-3.12,100,100,0.00,0,0.00,27.45,11.37,0.25,0.00,0.00,0,0,0,0
39827,OFF,0,0,0.00,33.00,29.00,-3.12,100,100,0.00,0,0.00,27.45,11.37,0.25,0.00,0.00,0,0,0,0
39932,OFF,0,0,0.00,33.00,29.00,-3.12,100,100,0.00,0,0.00,27.45,11.37,0.25,0.00,0.00,0,0,0,0
40037,OFF,0,0,0.00,33.00,28.00,-3.12,100,100,0.00,0,0.00,27.45,11.37,0.25,0.00,0.00,0,0,0,0
40142,OFF,0,0,0.00,33.00,29.00,-3.12,100,100,0.00,0,0.00,27.45,11.37,0.25,0.00,0.00,0,0,0,0
40247,OFF,0,0,0.00,33.00,29.00,-3.12,100,100,0.00,0,0.00,27.45,11.37,0.25,0.00,0.00,0,0,0,0
40355,OFF,0,0,0.00,33.00,29.00,-3.12,100,100,0.00,0,0.00,27.45,11.37,0.25,0.00,0.00,0,0,0,0
40460,OFF,0,0,0.00,33.00,29.00,-3.12,100,100,0.00,0,0.00,27.45,11.37,0.25,0.00,0.00,0,0,0,0
40565,OFF,0,0,0.00,33.00,29.00,-3.12,100,100,0.00,0,0.00,27.45,11.37,0.25,0.00,0.00,0,0,0,0
40670,OFF,0,0,0.00,33.00,29.00,-3.12,100,100,0.00,0,0.00,27.45,11.37,0.25,0.00,0.00,0,0,0,0
40775,OFF,0,0,0.00,33.00,29.00,-3.12,100,100,0.00,0,0.00,27.45,11.37,0.25,0.00,0.00,0,0,0,0
40880,OFF,0,0,0.00,33.00,29.00,-3.12,100,100,0.00,0,0.00,27.45,11.37,0.25,0.00,0.00,0,0,0,0
40988,OFF,0,0,0.00,33.00,29.00,-3.12,100,100,0.00,0,0.00,27.45,11.37,0.25,0.00,0.00,0,0,0,0
41093,OFF,0,0,0.00,33.00,29.00,-3.12,100,100,0.00,0,0.00,27.45,11.37,0.25,0.00,0.00,0,0,0,0
41198,OFF,0,0,0.00,33.00,29.00,-3.12,100,100,0.00,0,0.00,27.45,11.37,0.25,0.00,0.00,0,0,0,0
41303,OFF,0,0,0.00,33.00,29.00,-3.12,100,100,0.00,0,0.00,27.45,11.37,0.25,0.00,0.00,0,0,0,0
41408,OFF,0,0,0.00,33.00,29.00,-3.12,100,100,0.00,0,0.00,27.45,11.37,0.25,0.00,0.00,0,0,0,0
41513,OFF,0,0,0.00,33.00,29.00,-3.12,100,100,0.00,0,0.00,27.45,11.37,0.25,0.00,0.00,0,0,0,0
41621,OFF,0,0,0.00,33.00,29.00,-3.12,100,100,0.00,0,0.00,27.45,11.37,0.25,0.00,0.00,0,0,0,0
41726,OFF,0,0,0.00,33.00,29.00,-3.12,100,100,0.00,0,0.00,27.45,11.37,0.25,0.00,0.00,0,0,0,0
41831,OFF,0,0,0.00,33.00,29.00,-3.12,100,100,0.00,0,0.00,27.45,11.37,0.25,0.00,0.00,0,0,0,0
41936,OFF,0,0,0.00,33.00,29.00,-3.12,100,100,0.00,0,0.00,27.45,11.37,0.25,0.00,0.00,0,0,0,0
42041,OFF,0,0,0.00,33.00,29.00,-3.12,100,100,0.00,0,0.00,27.45,11.37,0.25,0.00,0.00,0,0,0,0
42146,OFF,0,0,0.00,33.00,29.00,-3.12,100,100,0.00,0,0.00,27.45,11.37,0.25,0.00,0.00,0,0,0,0
42254,OFF,0,0,0.00,33.00,28.00,-3.12,100,100,0.00,0,0.00,27.45,11.37,0.25,0.00,0.00,0,0,0,0
42359,OFF,0,0,0.00,33.00,29.00,-3.12,100,100,0.00,0,0.00,27.45,11.37,0.25,0.00,0.00,0,0,0,0
42464,OFF,0,0,0.00,33.00,29.00,-3.12,100,100,0.00,0,0.00,27.45,11.37,0.25,0.00,0.00,0,0,0,0
42569,OFF,0,0,0.00,33.00,29.00,-3.12,100,100,0.00,0,0.00,27.45,11.37,0.25,0.00,0.00,0,0,0,0
42674,OFF,0,0,0.00,33.00,29.00,-3.12,100,100,0.00,0,0.00,27.45,11.37,0.25,0.00,0.00,0,0,0,0
42779,OFF,0,0,0.00,33.00,29.00,-3.12,100,100,0.00,0,0.00,27.45,11.37,0.25,0.00,0.00,0,0,0,0
42887,OFF,0,0,0.00,33.00,29.00,-3.12,100,100,0.00,0,0.00,27.45,11.37,0.25,0.00,0.00,0,0,0,0
42992,OFF,0,0,0.00,33.00,29.00,-3.12,100,100,0.00,0,0.00,27.45,11.37,0.25,0.00,0.00,0,0,0,0
43097,OFF,0,0,0.00,33.00,29.00,-3.12,100,100,0.00,0,0.00,27.45,11.37,0.25,0.00,0.00,0,0,0,0
43202,OFF,0,0,0.00,33.00,29.00,-3.12,100,100,0.00,0,0.00,27.45,11.37,0.25,0.00,0.00,0,0,0,0
43307,OFF,0,0,0.00,33.00,29.00,-3.12,100,100,0.00,0,0.00,27.45,11.37,0.25,0.00,0.00,0,0,0,0
43412,OFF,0,0,0.00,33.00,29.00,-3.12,100,100,0.00,0,0.00,27.45,11.37,0.25,0.00,0.00,0,0,0,0
43520,OFF,0,0,0.00,33.00,29.00,-3.12,100,100,0.00,0,0.00,27.45,11.37,0.25,0.00,0.00,0,0,0,0
43625,OFF,0,0,0.00,33.00,29.00,-3.12,100,100,0.00,0,0.00,27.45,11.37,0.25,0.00,0.00,0,0,0,0
43730,OFF,0,0,0.00,33.00,29.00,-3.12,100,100,0.00,0,0.00,27.45,11.37,0.25,0.00,0.00,0,0,0,0
43835,OFF,0,0,0.00,33.00,29.00,-3.12,100,100,0.00,0,0.00,27.45,11.37,0.25,0.00,0.00,0,0,0,0
43940,OFF,0,0,0.00,33.00,29.00,-3.12,100,100,0.00,0,0.00,27.45,11.37,0.25,0.00,0.00,0,0,0,0
44045,OFF,0,0,0.00,33.00,29.00,-3.12,100,100,0.00,0,0.00,27.45,11.37,0.25,0.00,0.00,0,0,0,0
44153,OFF,0,0,0.00,33.00,29.00,-3.12,100,100,0.00,0,0.00,27.45,11.37,0.25,0.00,0.00,0,0,0,0
44258,OFF,0,0,0.00,33.00,29.00,-3.12,100,100,0.00,0,0.00,27.45,11.37,0.25,0.00,0.00,0,0,0,0
44363,OFF,0,0,0.00,33.00,29.00,-3.12,100,100,0.00,0,0.00,27.45,11.37,0.25,0.00,0.00,0,0,0,0
44468,OFF,0,0,0.00,33.00,29.00,-3.12,100,100,0.00,0,0.00,27.45,11.37,0.25,0.00,0.00,0,0,0,0
44573,OFF,0,0,0.00,33.00,29.00,-3.12,100,100,0.00,0,0.00,27.45,11.37,0.25,0.00,0.00,0,0,0,0
44678,OFF,0,0,0.00,33.00,29.00,-3.12,100,100,0.00,0,0.00,27.45,11.37,0.25,0.00,0.00,0,0,0,0
44786,OFF,0,0,0.00,33.00,29.00,-3.12,100,100,0.00,0,0.00,27.45,11.37,0.25,0.00,0.00,0,0,0,0
44891,OFF,0,0,0.00,33.00,29.00,-3.12,100,100,0.00,0,0.00,27.45,11.37,0.25,0.00,0.00,0,0,0,0
44996,OFF,0,0,0.00,33.00,29.00,-3.12,100,100,0.00,0,0.00,27.45,11.37,0.25,0.00,0.00,0,0,0,0
45101,OFF,0,0,0.00,33.00,29.00,-3.12,100,100,0.00,0,0.00,27.45,11.37,0.25,0.00,0.00,0,0,0,0
45206,OFF,0,0,0.00,33.00,29.00,-3.12,100,100,0.00,0,0.00,27.45,11.37,0.25,0.00,0.00,0,0,0,0
45311,OFF,0,0,0.00,33.00,29.00,-3.12,100,100,0.00,0,0.00,27.45,11.37,0.25,0.00,0.00,0,0,0,0
45419,OFF,0,0,0.00,33.00,29.00,-3.12,100,100,0.00,0,0.00,27.45,11.37,0.25,0.00,0.00,0,0,0,0
45524,OFF,0,0,0.00,33.00,29.00,-3.12,100,100,0.00,0,0.00,27.45,11.37,0.25,0.00,0.00,0,0,0,0
45629,OFF,0,0,0.00,33.00,29.00,-3.12,100,101,0.00,0,0.00,27.45,11.37,0.25,0.00,0.00,0,0,0,0
45734,OFF,0,0,0.00,33.00,29.00,-3.12,100,101,0.00,0,0.00,27.45,11.37,0.25,0.00,12.11,77,0,0,0
45839,OFF,0,0,0.00,33.00,29.00,-3.12,100,101,0.00,0,0.00,27.45,11.37,0.25,0.00,12.11,77,0,0,0
45944,OFF,0,0,0.00,33.00,29.00,-3.12,100,101,0.00,0,0.00,27.45,11.37,0.25,0.00,12.11,77,0,0,0
46052,OFF,0,0,0.00,33.00,29.00,-3.12,100,101,0.00,0,0.00,27.45,11.37,0.25,0.00,12.11,77,0,0,0
46157,OFF,0,0,0.00,33.00,29.00,-3.12,100,101,0.00,0,0.00,27.45,11.37,0.25,0.00,12.11,77,0,0,0
46262,OFF,0,0,0.00,33.00,29.00,-3.12,100,100,0.00,0,0.00,27.45,11.37,0.25,0.00,12.11,77,0,0,0
46367,OFF,0,0,0.00,33.00,29.00,-3.12,100,100,0.00,0,0.00,27.45,11.37,0.25,0.00,12.11,77,0,0,0
46472,OFF,0,0,0.00,33.00,29.00,-3.12,100,100,0.00,0,0.00,27.45,11.37,0.25,0.00,12.11,77,0,0,0
46577,OFF,0,0,0.00,33.00,28.00,-3.12,100,100,0.00,0,0.00,27.45,11.37,0.25,0.00,12.11,77,0,0,0
46685,OFF,0,0,0.00,33.00,29.00,-3.12,100,100,0.00,0,0.00,27.45,11.37,0.25,0.00,12.11,77,0,0,0
46790,OFF,0,0,0.00,33.00,29.00,-3.12,100,100,0.00,0,0.00,27.45,11.37,0.25,0.00,12.19,155,0,0,0
46894,OFF,0,0,0.00,33.00,29.00,-3.12,100,100,0.00,0,0.00,27.45,11.37,0.25,0.00,12.11,77,0,0,0
46998,OFF,0,0,0.00,33.00,29.00,-3.12,100,100,0.00,0,0.00,27.45,11.37,0.25,0.00,12.11,77,0,0,0
47102,OFF,0,0,0.00,33.00,29.00,-3.12,100,100,0.00,0,0.00,27.45,11.37,0.25,0.00,12.11,77,0,0,0
47206,OFF,0,0,0.00,33.00,29.00,-3.12,100,100,0.00,0,0.00,27.45,11.37,0.25,0.00,12.11,77,0,0,0
47314,OFF,0,0,0.00,33.00,29.00,-3.12,100,100,0.00,0,0.00,27.45,11.37,0.25,0.00,12.11,77,0,0,0
47419,OFF,0,0,0.00,33.00,29.00,-3.12,100,100,0.00,0,0.00,27.45,11.37,0.25,0.00,12.11,77,0,0,0
47524,OFF,0,0,0.00,33.00,29.00,-3.12,100,100,0.00,0,0.00,27.45,11.37,0.25,0.00,12.11,77,0,0,0
47629,OFF,0,0,0.00,33.00,29.00,-3.12,100,100,0.00,0,0.00,27.45,11.37,0.25,0.00,12.11,77,0,0,0
47734,OFF,0,0,0.00,33.00,29.00,-3.12,100,100,0.00,0,0.00,27.45,11.37,0.25,0.00,12.11,77,0,0,0
47839,OFF,0,0,0.00,33.00,29.00,-3.12,100,100,0.00,0,0.00,27.45,11.37,0.25,0.00,12.11,77,0,0,0
47947,OFF,0,0,0.00,33.00,29.00,-3.12,100,100,0.00,0,0.00,27.45,11.37,0.25,0.00,12.11,77,0,0,0
48052,OFF,0,0,0.00,33.00,29.00,-3.12,100,100,0.00,0,0.00,27.45,11.37,0.25,0.00,12.11,77,0,0,0
48157,OFF,0,0,0.00,33.00,29.00,-3.12,100,100,0.00,0,0.00,27.45,11.37,0.25,0.00,12.11,77,0,0,0
48262,OFF,0,0,0.00,33.00,29.00,-3.12,100,100,0.00,0,0.00,27.45,11.37,0.25,0.00,12.11,77,0,0,0
48367,OFF,0,0,0.00,33.00,29.00,-3.12,100,100,0.00,0,0.00,27.45,11.37,0.25,0.00,12.11,77,0,0,0
48472,OFF,0,0,0.00,33.00,29.00,-3.12,100,100,0.00,0,0.00,27.45,11.37,0.25,0.00,12.11,77,0,0,0
48588,OFF,0,0,0.00,33.00,29.00,-3.12,100,100,0.00,0,0.00,27.45,11.37,0.25,0.00,12.11,77,0,0,0
48702,OFF,0,0,0.00,33.00,29.00,-3.12,100,100,0.00,0,0.00,27.45,11.37,0.25,0.00,0.00,0,0,0,0
48807,OFF,0,0,0.00,33.00,29.00,-3.12,100,100,0.00,0,0.00,27.45,11.37,0.25,0.00,0.00,0,0,0,0
48912,OFF,0,0,0.00,33.00,29.00,-3.12,100,100,0.00,0,0.00,27.45,11.37,0.25,0.00,0.00,0,0,0,0
49017,OFF,0,0,0.00,33.00,29.00,-3.12,100,100,0.00,0,0.00,27.45,11.37,0.25,0.00,0.00,0,0,0,0
49122,OFF,0,0,0.00,33.00,29.00,-3.12,100,100,0.00,0,0.00,27.45,11.37,0.25,0.00,0.00,0,0,0,0
49230,OFF,0,0,0.00,33.00,29.00,-3.12,100,100,0.00,0,0.00,27.45,11.37,0.25,0.00,0.00,0,0,0,0
49335,OFF,0,0,0.00,33.00,29.00,-3.12,100,100,0.00,0,0.00,27.45,11.37,0.25,0.00,0.00,0,0,0,0
49440,OFF,0,0,0.00,33.00,29.00,-3.12,100,100,0.00,0,0.00,27.45,11.37,0.25,0.00,0.00,0,0,0,0
49545,OFF,0,0,0.00,33.00,29.00,-3.12,100,100,0.00,0,0.00,27.45,11.37,0.25,0.00,0.00,0,0,0,0
49650,OFF,0,0,0.00,33.00,29.00,-3.12,100,100,0.00,0,0.00,27.45,11.37,0.25,0.00,0.00,0,0,0,0
49755,OFF,0,0,0.00,33.00,29.00,-3.12,100,100,0.00,0,0.00,27.45,11.37,0.25,0.00,0.00,0,0,0,0
49863,OFF,0,0,0.00,33.00,29.00,-3.12,100,100,0.00,0,0.00,27.45,11.37,0.25,0.00,0.00,0,0,0,0
49968,OFF,0,0,0.00,33.00,29.00,-3.12,100,100,0.00,0,0.00,27.45,11.37,0.25,0.00,0.00,0,0,0,0
50073,OFF,0,0,0.00,33.00,29.00,-3.12,100,100,0.00,0,0.00,27.45,11.37,0.25,0.00,0.00,0,0,0,0
50178,OFF,0,0,0.00,33.00,29.00,-3.12,100,100,0.00,0,0.00,27.45,11.37,0.25,0.00,0.00,0,0,0,0
50283,OFF,0,0,0.00,33.00,29.00,-3.12,100,100,0.00,0,0.00,27.45,11.37,0.25,0.00,0.00,0,0,0,0
50388,OFF,0,0,0.00,33.00,29.00,-3.12,100,100,0.00,0,0.00,27.45,11.37,0.25,0.00,0.00,0,0,0,0
50496,OFF,0,0,0.00,33.00,28.00,-3.12,100,100,0.00,0,0.00,27.45,11.37,0.25,0.00,0.00,0,0,0,0
50601,OFF,0,0,0.00,33.00,29.00,-3.12,100,100,0.00,0,0.00,27.45,11.37,0.25,0.00,0.00,0,0,0,0
50706,OFF,0,0,0.00,33.00,29.00,-3.12,100,100,0.00,0,0.00,27.45,11.37,0.25,0.00,0.00,0,0,0,0
50811,OFF,0,0,0.00,33.00,29.00,-3.12,100,100,0.00,0,0.00,27.45,11.37,0.25,0.00,0.00,0,0,0,0
50916,OFF,0,0,0.00,33.00,29.00,-3.12,100,100,0.00,0,0.00,27.45,11.37,0.25,0.00,0.00,0,0,0,0
51021,OFF,0,0,0.00,33.00,29.00,-3.12,100,100,0.00,0,0.00,27.45,11.37,0.25,0.00,0.00,0,0,0,0
51129,OFF,0,0,0.00,33.00,29.00,-3.12,100,100,0.00,0,0.00,27.45,11.37,0.25,0.00,0.00,0,0,0,0
51234,OFF,0,0,0.00,33.00,29.00,-3.12,100,100,0.00,0,0.00,27.45,11.37,0.25,0.00,0.00,0,0,0,0
51339,OFF,0,0,0.00,33.00,29.00,-3.12,100,100,0.00,0,0.00,27.45,11.37,0.25,0.00,0.00,0,0,0,0
51444,OFF,0,0,0.00,33.00,29.00,-3.12,100,100,0.00,0,0.00,27.45,11.37,0.25,0.00,0.00,0,0,0,0
51549,OFF,0,0,0.00,33.00,29.00,-3.12,100,100,0.00,0,0.00,27.45,11.37,0.25,0.00,0.00,0,0,0,0
51654,OFF,0,0,0.00,33.00,29.00,-3.12,100,100,0.00,0,0.00,27.45,11.37,0.25,0.00,0.00,0,0,0,0
51762,OFF,0,0,0.00,33.00,29.00,-3.12,100,100,0.00,0,0.00,27.45,11.37,0.25,0.00,0.00,0,0,0,0
51867,OFF,0,0,0.00,33.00,29.00,-3.12,100,100,0.00,0,0.00,27.45,11.37,0.25,0.00,0.00,0,0,0,0
51972,OFF,0,0,0.00,33.00,29.00,-3.12,100,100,0.00,0,0.00,27.45,11.37,0.25,0.00,0.00,0,0,0,0
52077,OFF,0,0,0.00,33.00,29.00,-3.12,100,100,0.00,0,0.00,27.45,11.37,0.25,0.00,0.00,0,0,0,0
52182,OFF,0,0,0.00,33.00,29.00,-3.12,100,100,0.00,0,0.00,27.45,11.37,0.25,0.00,0.00,0,0,0,0
52287,OFF,0,0,0.00,33.00,29.00,-3.12,100,100,0.00,0,0.00,27.45,11.37,0.25,0.00,0.00,0,0,0,0
52395,OFF,0,0,0.00,33.00,29.00,-3.12,100,100,0.00,0,0.00,27.45,11.37,0.25,0.00,0.00,0,0,0,0
52500,OFF,0,0,0.00,33.00,29.00,-3.12,100,100,0.00,0,0.00,27.45,11.37,0.25,0.00,0.00,0,0,0,0
52605,OFF,0,0,0.00,33.00,29.00,-3.12,100,100,0.00,0,0.00,27.45,11.37,0.25,0.00,0.00,0,0,0,0
52710,OFF,0,0,0.00,33.00,28.00,-3.12,100,100,0.00,0,0.00,27.45,11.37,0.25,0.00,0.00,0,0,0,0
52815,OFF,0,0,0.00,33.00,29.00,-3.12,100,100,0.00,0,0.00,27.45,11.37,0.25,0.00,0.00,0,0,0,0
52920,OFF,0,0,0.00,33.00,29.00,-3.12,100,100,0.00,0,0.00,27.45,11.37,0.25,0.00,0.00,0,0,0,0
53028,OFF,0,0,0.00,33.00,29.00,-3.12,100,100,0.00,0,0.00,27.45,11.37,0.25,0.00,0.00,0,0,0,0
53133,OFF,0,0,0.00,33.00,29.00,-3.12,100,100,0.00,0,0.00,27.45,11.37,0.25,0.00,0.00,0,0,0,0
53238,OFF,0,0,0.00,33.00,29.00,-3.12,100,100,0.00,0,0.00,27.45,11.37,0.25,0.00,0.00,0,0,0,0
53343,OFF,0,0,0.00,33.00,29.00,-3.12,100,100,0.00,0,0.00,27.45,11.37,0.25,0.00,0.00,0,0,0,0
53448,OFF,0,0,0.00,33.00,29.00,-3.12,100,100,0.00,0,0.00,27.45,11.37,0.25,0.00,0.00,0,0,0,0
53553,OFF,0,0,0.00,33.00,29.00,-3.12,100,100,0.00,0,0.00,27.45,11.37,0.25,0.00,0.00,0,0,0,0
53661,OFF,0,0,0.00,33.00,29.00,-3.12,100,100,0.00,0,0.00,27.45,11.37,0.25,0.00,0.00,0,0,0,0
53766,OFF,0,0,0.00,33.00,29.00,-3.12,100,100,0.00,0,0.00,27.45,11.37,0.25,0.00,0.00,0,0,0,0
53871,OFF,0,0,0.00,33.00,29.00,-3.12,100,100,0.00,0,0.00,27.45,11.37,0.25,0.00,0.00,0,0,0,0
53976,OFF,0,0,0.00,33.00,29.00,-3.12,100,100,0.00,0,0.00,27.45,11.37,0.25,0.00,0.00,0,0,0,0
54081,OFF,0,0,0.00,33.00,29.00,-3.12,100,100,0.00,0,0.00,27.45,11.37,0.25,0.00,0.00,0,0,0,0
54186,OFF,0,0,0.00,33.00,29.00,-3.12,100,100,0.00,0,0.00,27.45,11.37,0.25,0.00,0.00,0,0,0,0
54294,OFF,0,0,0.00,33.00,29.00,-3.12,100,100,0.00,0,0.00,27.45,11.37,0.25,0.00,0.00,0,0,0,0
54399,OFF,0,0,0.00,33.00,29.00,-3.12,100,100,0.00,0,0.00,27.45,11.37,0.25,0.00,0.00,0,0,0,0
54504,OFF,0,0,0.00,33.00,29.00,-3.12,100,100,0.00,0,0.00,27.45,11.37,0.25,0.00,0.00,0,0,0,0
54609,OFF,0,0,0.00,33.00,29.00,-3.12,100,100,0.00,0,0.00,27.45,11.37,0.25,0.00,0.00,0,0,0,0
54714,OFF,0,0,0.00,33.00,29.00,-3.12,100,100,0.00,0,0.00,27.45,11.37,0.25,0.00,0.00,0,0,0,0
54819,OFF,0,0,0.00,33.00,29.00,-3.12,100,100,0.00,0,0.00,27.45,11.37,0.25,0.00,0.00,0,0,0,0
54927,OFF,0,0,0.00,33.00,29.00,-3.12,100,100,0.00,0,0.00,27.45,11.37,0.25,0.00,0.00,0,0,0,0
55032,OFF,0,0,0.00,33.00,29.00,-3.12,100,100,0.00,0,0.00,27.45,11.37,0.25,0.00,0.00,0,0,0,0
55137,OFF,0,0,0.00,33.00,29.00,-3.12,100,100,0.00,0,0.00,27.45,11.37,0.25,0.00,0.00,0,0,0,0
55242,OFF,0,0,0.00,33.00,29.00,-3.12,100,100,0.00,0,0.00,27.45,11.37,0.25,0.00,0.00,0,0,0,0
55347,OFF,0,0,0.00,33.00,29.00,-3.12,100,100,0.00,0,0.00,27.45,11.37,0.25,0.00,0.00,0,0,0,0
55452,OFF,0,0,0.00,33.00,29.00,-3.12,100,100,0.00,0,0.00,27.45,11.37,0.25,0.00,0.00,0,0,0,0
55560,OFF,0,0,0.00,33.00,29.00,-3.12,100,100,0.00,0,0.00,27.45,11.37,0.25,0.00,0.00,0,0,0,0
55664,OFF,0,0,0.00,33.00,29.00,-3.12,100,100,0.00,0,0.00,27.45,11.37,0.25,0.00,0.00,0,0,0,0
55768,OFF,0,0,0.00,33.00,29.00,-3.12,100,100,0.00,0,0.00,27.45,11.37,0.25,0.00,0.00,0,0,0,0
55872,OFF,0,0,0.00,33.00,29.00,-3.12,100,100,0.00,0,0.00,27.45,11.37,0.25,0.00,0.00,0,0,0,0
55976,OFF,0,0,0.00,33.00,29.00,-3.12,100,100,0.00,0,0.00,27.45,11.37,0.25,0.00,0.00,0,0,0,0
56080,OFF,0,0,0.00,33.00,29.00,-3.12,100,100,0.00,0,0.00,27.45,11.37,0.25,0.00,0.00,0,0,0,0
56188,OFF,0,0,0.00,33.00,29.00,-3.12,100,100,0.00,0,0.00,27.45,11.37,0.25,0.00,0.00,0,0,0,0
56292,OFF,0,0,0.00,33.00,29.00,-3.12,100,100,0.00,0,0.00,27.45,11.37,0.25,0.00,0.00,0,0,0,0
56396,OFF,0,0,0.00,33.00,29.00,-3.12,100,100,0.00,0,0.00,27.45,11.37,0.25,0.00,0.00,0,0,0,0
56500,OFF,0,0,0.00,33.00,29.00,-3.12,100,100,0.00,0,0.00,27.45,11.37,0.25,0.00,0.00,0,0,0,0
56604,OFF,0,0,0.00,33.00,29.00,-3.12,100,100,0.00,0,0.00,27.45,11.37,0.25,0.00,0.00,0,0,0,0
56708,OFF,0,0,0.00,33.00,29.00,-3.12,100,100,0.00,0,0.00,27.45,11.37,0.25,0.00,0.00,0,0,0,0
56816,OFF,0,0,0.00,33.00,29.00,-3.12,100,100,0.00,0,0.00,27.45,11.37,0.25,0.00,0.00,0,0,0,0
56921,OFF,0,0,0.00,33.00,29.00,-3.12,100,100,0.00,0,0.00,27.45,11.37,0.25,0.00,0.00,0,0,0,0
57026,OFF,0,0,0.00,33.00,29.00,-3.12,100,100,0.00,0,0.00,27.45,11.37,0.25,0.00,0.00,0,0,0,0
57131,OFF,0,0,0.00,33.00,28.00,-3.12,100,100,0.00,0,0.00,27.45,11.37,0.25,0.00,0.00,0,0,0,0
57236,OFF,0,0,0.00,33.00,29.00,-3.12,100,100,0.00,0,0.00,27.45,11.37,0.25,0.00,0.00,0,0,0,0
57341,OFF,0,0,0.00,33.00,29.00,-3.12,100,100,0.00,0,0.00,27.45,11.37,0.25,0.00,0.00,0,0,0,0
57449,OFF,0,0,0.00,33.00,29.00,-3.12,100,100,0.00,0,0.00,27.45,11.37,0.25,0.00,0.00,0,0,0,0
57554,OFF,0,0,0.00,33.00,29.00,-3.12,100,100,0.00,0,0.00,27.45,11.37,0.25,0.00,0.00,0,0,0,0
57659,OFF,0,0,0.00,33.00,29.00,-3.12,100,100,0.00,0,0.00,27.45,11.37,0.25,0.00,0.00,0,0,0,0
57764,OFF,0,0,0.00,33.00,29.00,-3.12,100,100,0.00,0,0.00,27.45,11.37,0.25,0.00,0.00,0,0,0,0
57869,OFF,0,0,0.00,33.00,29.00,-3.12,100,100,0.00,0,0.00,27.45,11.37,0.25,0.00,0.00,0,0,0,0
57974,OFF,0,0,0.00,33.00,29.00,-3.12,100,100,0.00,0,0.00,27.45,11.37,0.25,0.00,0.00,0,0,0,0
58082,OFF,0,0,0.00,33.00,29.00,-3.12,100,100,0.00,0,0.00,27.45,11.37,0.25,0.00,0.00,0,0,0,0
58187,OFF,0,0,0.00,33.00,29.00,-3.12,100,100,0.00,0,0.00,27.45,11.37,0.25,0.00,0.00,0,0,0,0
58292,OFF,0,0,0.00,33.00,29.00,-3.12,100,100,0.00,0,0.00,27.45,11.37,0.25,0.00,0.00,0,0,0,0
58397,OFF,0,0,0.00,33.00,29.00,-3.12,100,100,0.00,0,0.00,27.45,11.37,0.25,0.00,0.00,0,0,0,0
58502,OFF,0,0,0.00,33.00,29.00,-3.12,100,100,0.00,0,0.00,27.45,11.37,0.25,0.00,0.00,0,0,0,0
58607,OFF,0,0,0.00,33.00,29.00,-3.12,100,100,0.00,0,0.00,27.45,11.37,0.25,0.00,0.00,0,0,0,0
58715,OFF,0,0,0.00,33.00,29.00,-3.12,100,100,0.00,0,0.00,27.45,11.37,0.25,0.00,0.00,0,0,0,0
58820,OFF,0,0,0.00,33.00,29.00,-3.12,100,100,0.00,0,0.00,27.45,11.37,0.25,0.00,0.00,0,0,0,0
58925,OFF,0,0,0.00,33.00,29.00,-3.12,100,100,0.00,0,0.00,27.45,11.37,0.25,0.00,0.00,0,0,0,0
59030,OFF,0,0,0.00,33.00,29.00,-3.12,100,100,0.00,0,0.00,27.45,11.37,0.25,0.00,0.00,0,0,0,0
59135,OFF,0,0,0.00,33.00,29.00,-3.12,100,100,0.00,0,0.00,27.45,11.37,0.25,0.00,0.00,0,0,0,0
59240,OFF,0,0,0.00,33.00,29.00,-3.12,100,100,0.00,0,0.00,27.45,11.37,0.25,0.00,0.00,0,0,0,0
59348,OFF,0,0,0.00,33.00,28.00,-3.12,100,100,0.00,0,0.00,27.45,11.37,0.25,0.00,0.00,0,0,0,0
59453,OFF,0,0,0.00,33.00,29.00,-3.12,100,100,0.00,0,0.00,27.45,11.37,0.25,0.00,0.00,0,0,0,0
59558,OFF,0,0,0.00,33.00,29.00,-3.12,100,100,0.00,0,0.00,27.45,11.37,0.25,0.00,0.00,0,0,0,0
59663,OFF,0,0,0.00,33.00,29.00,-3.12,100,100,0.00,0,0.00,27.45,11.37,0.25,0.00,0.00,0,0,0,0
59768,OFF,0,0,0.00,33.00,29.00,-3.12,100,100,0.00,0,0.00,27.45,11.37,0.25,0.00,0.00,0,0,0,0
59873,OFF,0,0,0.00,33.00,29.00,-3.12,100,100,0.00,0,0.00,27.45,11.37,0.25,0.00,0.00,0,0,0,0
59981,OFF,0,0,0.00,33.00,29.00,-3.12,100,100,0.00,0,0.00,27.45,11.37,0.25,0.00,0.00,0,0,0,0
60086,OFF,0,0,0.00,33.00,29.00,-3.12,100,100,0.00,0,0.00,27.45,11.37,0.25,0.00,0.00,0,0,0,0
60191,OFF,0,0,0.00,33.00,29.00,-3.12,100,100,0.00,0,0.00,27.45,11.37,0.25,0.00,0.00,0,0,0,0
60296,OFF,0,0,0.00,33.00,28.00,-3.12,100,100,0.00,0,0.00,27.45,11.37,0.25,0.00,0.00,0,0,0,0
60401,OFF,0,0,0.00,33.00,29.00,-3.12,100,100,0.00,0,0.00,27.45,11.37,0.25,0.00,0.00,0,0,0,0
60506,OFF,0,0,0.00,33.00,29.00,-3.12,100,100,0.00,0,0.00,27.45,11.37,0.25,0.00,0.00,0,0,0,0
60614,OFF,0,0,0.00,33.00,29.00,-3.12,100,100,0.00,0,0.00,27.45,11.37,0.25,0.00,0.00,0,0,0,0
60719,OFF,0,0,0.00,33.00,29.00,-3.12,100,100,0.00,0,0.00,27.45,11.37,0.25,0.00,0.00,0,0,0,0
60824,OFF,0,0,0.00,33.00,29.00,-3.12,100,100,0.00,0,0.00,27.45,11.37,0.25,0.00,0.00,0,0,0,0
60929,OFF,0,0,0.00,33.00,28.00,-3.12,100,100,0.00,0,0.00,27.45,11.37,0.25,0.00,0.00,0,0,0,0
61034,OFF,0,0,0.00,33.00,29.00,-3.12,100,100,0.00,0,0.00,27.45,11.37,0.25,0.00,0.00,0,0,0,0
61139,OFF,0,0,0.00,33.00,29.00,-3.12,100,100,0.00,0,0.00,27.45,11.37,0.25,0.00,0.00,0,0,0,0
61247,OFF,0,0,0.00,33.00,29.00,-3.12,100,100,0.00,0,0.00,27.45,11.37,0.25,0.00,0.00,0,0,0,0
61352,OFF,0,0,0.00,33.00,29.00,-3.12,100,100,0.00,0,0.00,27.45,11.37,0.25,0.00,0.00,0,0,0,0
61457,OFF,0,0,0.00,33.00,29.00,-3.12,100,100,0.00,0,0.00,27.45,11.37,0.25,0.00,0.00,0,0,0,0
61562,OFF,0,0,0.00,33.00,28.00,-3.12,100,100,0.00,0,0.00,27.45,11.37,0.25,0.00,0.00,0,0,0,0
61667,OFF,0,0,0.00,33.00,29.00,-3.12,100,100,0.00,0,0.00,27.45,11.37,0.25,0.00,0.00,0,0,0,0
61772,OFF,0,0,0.00,33.00,29.00,-3.12,100,100,0.00,0,0.00,27.45,11.37,0.25,0.00,0.00,0,0,0,0
61880,OFF,0,0,0.00,33.00,29.00,-3.12,100,100,0.00,0,0.00,27.45,11.37,0.25,0.00,0.00,0,0,0,0
61985,OFF,0,0,0.00,33.00,29.00,-3.12,100,100,0.00,0,0.00,27.45,11.37,0.25,0.00,0.00,0,0,0,0
62090,OFF,0,0,0.00,33.00,29.00,-3.12,100,100,0.00,0,0.00,27.45,11.37,0.25,0.00,0.00,0,0,0,0
62195,OFF,0,0,0.00,33.00,29.00,-3.12,100,100,0.00,0,0.00,27.45,11.37,0.25,0.00,0.00,0,0,0,0
62300,OFF,0,0,0.00,33.00,29.00,-3.12,100,100,0.00,0,0.00,27.45,11.37,0.25,0.00,0.00,0,0,0,0
62405,OFF,0,0,0.00,33.00,29.00,-3.12,100,100,0.00,0,0.00,27.45,11.37,0.25,0.00,0.00,0,0,0,0
62513,OFF,0,0,0.00,33.00,29.00,-3.12,100,100,0.00,0,0.00,27.45,11.37,0.25,0.00,0.00,0,0,0,0
62618,OFF,0,0,0.00,33.00,29.00,-3.12,100,100,0.00,0,0.00,27.45,11.37,0.25,0.00,0.00,0,0,0,0
62723,OFF,0,0,0.00,33.00,29.00,-3.12,100,100,0.00,0,0.00,27.45,11.37,0.25,0.00,0.00,0,0,0,0
62828,OFF,0,0,0.00,33.00,29.00,-3.12,100,100,0.00,0,0.00,27.45,11.37,0.25,0.00,0.00,0,0,0,0
62933,OFF,0,0,0.00,33.00,29.00,-3.12,100,100,0.00,0,0.00,27.45,11.37,0.25,0.00,0.00,0,0,0,0
63038,OFF,0,0,0.00,33.00,29.00,-3.12,100,100,0.00,0,0.00,27.45,11.37,0.25,0.00,0.00,0,0,0,0
63146,OFF,0,0,0.00,33.00,29.00,-3.12,100,100,0.00,0,0.00,27.45,11.37,0.25,0.00,0.00,0,0,0,0
63251,OFF,0,0,0.00,33.00,29.00,-3.12,100,100,0.00,0,0.00,27.45,11.37,0.25,0.00,0.00,0,0,0,0
63356,OFF,0,0,0.00,33.00,29.00,-3.12,100,100,0.00,0,0.00,27.45,11.37,0.25,0.00,0.00,0,0,0,0
63461,OFF,0,0,0.00,33.00,29.00,-3.12,100,100,0.00,0,0.00,27.45,11.37,0.25,0.00,0.00,0,0,0,0
63566,OFF,0,0,0.00,33.00,29.00,-3.12,100,100,0.00,0,0.00,27.45,11.37,0.25,0.00,0.00,0,0,0,0
63671,OFF,0,0,0.00,33.00,29.00,-3.12,100,100,0.00,0,0.00,27.45,11.37,0.25,0.00,0.00,0,0,0,0
63779,OFF,0,0,0.00,33.00,28.00,-3.12,100,100,0.00,0,0.00,27.45,11.37,0.25,0.00,0.00,0,0,0,0
63884,OFF,0,0,0.00,33.00,29.00,-3.12,100,100,0.00,0,0.00,27.45,11.37,0.25,0.00,0.00,0,0,0,0
63989,OFF,0,0,0.00,33.00,29.00,-3.12,100,100,0.00,0,0.00,27.45,11.37,0.25,0.00,0.00,0,0,0,0
64094,OFF,0,0,0.00,33.00,29.00,-3.12,100,100,0.00,0,0.00,27.45,11.37,0.25,0.00,0.00,0,0,0,0
64199,OFF,0,0,0.00,33.00,29.00,-3.12,100,100,0.00,0,0.00,27.45,11.37,0.25,0.00,0.00,0,0,0,0
64304,OFF,0,0,0.00,33.00,29.00,-3.12,100,100,0.00,0,0.00,27.45,11.37,0.25,0.00,0.00,0,0,0,0
64412,OFF,0,0,0.00,33.00,29.00,-3.12,100,100,0.00,0,0.00,27.45,11.37,0.25,0.00,0.00,0,0,0,0
64517,OFF,0,0,0.00,33.00,29.00,-3.12,100,100,0.00,0,0.00,27.45,11.37,0.25,0.00,0.00,0,0,0,0
64622,OFF,0,0,0.00,33.00,29.00,-3.12,100,100,0.00,0,0.00,27.45,11.37,0.25,0.00,0.00,0,0,0,0
64727,OFF,0,0,0.00,33.00,29.00,-3.12,100,100,0.00,0,0.00,27.45,11.37,0.25,0.00,0.00,0,0,0,0
64832,OFF,0,0,0.00,33.00,29.00,-3.12,100,100,0.00,0,0.00,27.45,11.37,0.25,0.00,0.00,0,0,0,0
64937,OFF,0,0,0.00,33.00,29.00,-3.12,100,100,0.00,0,0.00,27.45,11.37,0.25,0.00,0.00,0,0,0,0
65045,OFF,0,0,0.00,33.00,29.00,-3.12,100,100,0.00,0,0.00,27.45,11.37,0.25,0.00,0.00,0,0,0,0
65150,OFF,0,0,0.00,33.00,29.00,-3.12,100,100,0.00,0,0.00,27.45,11.37,0.25,0.00,0.00,0,0,0,0
65255,OFF,0,0,0.00,33.00,29.00,-3.12,100,100,0.00,0,0.00,27.45,11.37,0.25,0.00,0.00,0,0,0,0
65360,OFF,0,0,0.00,33.00,29.00,-3.12,100,100,0.00,0,0.00,27.45,11.37,0.25,0.00,0.00,0,0,0,0
65464,OFF,0,0,0.00,33.00,29.00,-3.12,100,100,0.00,0,0.00,27.45,11.37,0.25,0.00,0.00,0,0,0,0
65569,OFF,0,0,0.00,33.00,29.00,-3.12,100,100,0.00,0,0.00,27.45,11.37,0.25,0.00,0.00,0,0,0,0
65677,OFF,0,0,0.00,33.00,29.00,-3.12,100,100,0.00,0,0.00,27.45,11.37,0.25,0.00,0.00,0,0,0,0
65781,OFF,0,0,0.00,33.00,29.00,-3.12,100,100,0.00,0,0.00,27.45,11.37,0.25,0.00,0.00,0,0,0,0
65886,OFF,0,0,0.00,33.00,29.00,-3.12,100,100,0.00,0,0.00,27.45,11.37,0.25,0.00,0.00,0,0,0,0
65991,OFF,0,0,0.00,33.00,29.00,-3.12,100,100,0.00,0,0.00,27.45,11.37,0.25,0.00,0.00,0,0,0,0
66096,OFF,0,0,0.00,33.00,29.00,-3.12,100,100,0.00,0,0.00,27.45,11.37,0.25,0.00,0.00,0,0,0,0
66201,OFF,0,0,0.00,33.00,29.00,-3.12,100,100,0.00,0,0.00,27.45,11.37,0.25,0.00,0.00,0,0,0,0
66309,OFF,0,0,0.00,33.00,29.00,-3.12,100,100,0.00,0,0.00,27.45,11.37,0.25,0.00,0.00,0,0,0,0
66414,OFF,0,0,0.00,33.00,29.00,-3.12,100,100,0.00,0,0.00,27.45,11.37,0.25,0.00,0.00,0,0,0,0
66519,OFF,0,0,0.00,33.00,29.00,-3.12,100,100,0.00,0,0.00,27.45,11.37,0.25,0.00,0.00,0,0,0,0
66624,OFF,0,0,0.00,33.00,29.00,-3.12,100,100,0.00,0,0.00,27.45,11.37,0.25,0.00,0.00,0,0,0,0
66729,OFF,0,0,0.00,33.00,29.00,-3.12,100,100,0.00,0,0.00,27.45,11.37,0.25,0.00,0.00,0,0,0,0
66834,OFF,0,0,0.00,33.00,29.00,-3.12,100,100,0.00,0,0.00,27.45,11.37,0.25,0.00,0.00,0,0,0,0
