1107,OFF,0,0,0.00,-40.00,-40.00,-100.00,0,0,0.00,0,-64.00,0.00,0.00,0.00,-100.00,0.00,0,0,0,0
1215,OFF,0,0,0.00,-40.00,-40.00,-100.00,0,0,0.00,0,-64.00,0.00,0.00,0.00,-100.00,0.00,0,0,0,0
1320,OFF,0,0,0.00,-40.00,-40.00,-100.00,0,0,0.00,0,-64.00,0.00,0.00,0.00,-100.00,0.00,0,0,0,0
1425,OFF,0,0,0.00,-40.00,-40.00,-100.00,0,0,0.00,0,-64.00,0.00,0.00,0.00,-100.00,0.00,0,0,0,0
1530,OFF,0,0,0.00,-40.00,-40.00,-100.00,0,0,0.00,0,-64.00,0.00,0.00,0.00,-100.00,0.00,0,0,0,0
1638,OFF,0,0,0.00,-40.00,-40.00,-100.00,0,0,0.00,0,-64.00,0.00,0.00,0.00,-100.00,0.00,0,0,0,0
1743,OFF,0,0,0.00,-40.00,-40.00,-100.00,0,0,0.00,0,-64.00,0.00,0.00,0.00,-100.00,0.00,0,0,0,0
1848,OFF,0,0,0.00,-40.00,-40.00,-100.00,0,0,0.00,0,-64.00,0.00,0.00,0.00,-100.00,0.00,0,0,0,0
1953,OFF,0,0,0.00,-40.00,-40.00,-100.00,0,0,0.00,0,-64.00,0.00,0.00,0.00,-100.00,0.00,0,0,0,0
2058,OFF,0,0,0.00,-40.00,-40.00,-100.00,0,0,0.00,0,-64.00,0.00,0.00,0.00,-100.00,0.00,0,0,0,0
2163,OFF,0,0,0.00,-40.00,-40.00,-100.00,0,0,0.00,0,-64.00,0.00,0.00,0.00,-100.00,0.00,0,0,0,0
2271,OFF,0,0,0.00,-40.00,-40.00,-100.00,0,0,0.00,0,-64.00,0.00,0.00,0.00,-100.00,0.00,0,0,0,0
2376,OFF,0,0,0.00,-40.00,-40.00,-100.00,0,0,0.00,0,-64.00,0.00,0.00,0.00,-100.00,0.00,0,0,0,0
2481,OFF,0,0,0.00,-40.00,-40.00,-100.00,0,0,0.00,0,-64.00,0.00,0.00,0.00,-100.00,0.00,0,0,0,0
2586,OFF,0,0,0.00,-40.00,-40.00,-100.00,0,0,0.00,0,-64.00,0.00,0.00,0.00,-100.00,0.00,0,0,0,0
2691,OFF,0,0,0.00,-40.00,-40.00,-100.00,0,0,0.00,0,-64.00,0.00,0.00,0.00,-100.00,0.00,0,0,0,0
2796,OFF,0,0,0.00,-40.00,-40.00,-100.00,0,0,0.00,0,-64.00,0.00,0.00,0.00,-100.00,0.00,0,0,0,0
2904,OFF,0,0,0.00,-40.00,-40.00,-100.00,0,0,0.00,0,-64.00,0.00,0.00,0.00,-100.00,0.00,0,0,0,0
3009,OFF,0,0,0.00,-40.00,-40.00,-100.00,0,0,0.00,0,-64.00,0.00,0.00,0.00,-100.00,0.00,0,0,0,0
3114,OFF,0,0,0.00,-40.00,-40.00,-100.00,0,0,0.00,0,-64.00,0.00,0.00,0.00,-100.00,0.00,0,0,0,0
3219,OFF,0,0,0.00,-40.00,-40.00,-100.00,0,0,0.00,0,-64.00,0.00,0.00,0.00,-100.00,0.00,0,0,0,0
3324,OFF,0,0,0.00,-40.00,-40.00,-100.00,0,0,0.00,0,-64.00,0.00,0.00,0.00,-100.00,0.00,0,0,0,0
3429,OFF,0,0,0.00,-40.00,-40.00,-100.00,0,0,0.00,0,-64.00,0.00,0.00,0.00,-100.00,0.00,0,0,0,0
3537,OFF,0,0,0.00,-40.00,-40.00,-100.00,0,0,0.00,0,-64.00,0.00,0.00,0.00,-100.00,0.00,0,0,0,0
3642,OFF,0,0,0.00,-40.00,-40.00,-100.00,0,0,0.00,0,-64.00,0.00,0.00,0.00,-100.00,0.00,0,0,0,0
3747,OFF,0,0,0.00,-40.00,-40.00,-100.00,0,0,0.00,0,-64.00,0.00,0.00,0.00,-100.00,0.00,0,0,0,0
3852,OFF,0,0,0.00,-40.00,-40.00,-100.00,0,0,0.00,0,-64.00,0.00,0.00,0.00,-100.00,0.00,0,0,0,0
3957,OFF,0,0,0.00,-40.00,-40.00,-100.00,0,0,0.00,0,-64.00,0.00,0.00,0.00,-100.00,0.00,0,0,0,0
4062,OFF,0,0,0.00,-40.00,-40.00,-100.00,0,0,0.00,0,-64.00,0.00,0.00,0.00,-100.00,0.00,0,0,0,0
4170,OFF,0,0,0.00,-40.00,-40.00,-100.00,0,0,0.00,0,-64.00,0.00,0.00,0.00,-100.00,0.00,0,0,0,0
4275,OFF,0,0,0.00,-40.00,-40.00,-100.00,0,0,0.00,0,-64.00,0.00,0.00,0.00,-100.00,0.00,0,0,0,0
4380,OFF,0,0,0.00,-40.00,-40.00,-100.00,0,0,0.00,0,-64.00,0.00,0.00,0.00,-100.00,0.00,0,0,0,0
4485,OFF,0,0,0.00,-40.00,-40.00,-100.00,0,0,0.00,0,-64.00,0.00,0.00,0.00,-100.00,0.00,0,0,0,0
4590,OFF,0,0,0.00,-40.00,-40.00,-100.00,0,0,0.00,0,-64.00,0.00,0.00,0.00,-100.00,0.00,0,0,0,0
4695,OFF,0,0,0.00,-40.00,-40.00,-100.00,0,0,0.00,0,-64.00,0.00,0.00,0.00,-100.00,0.00,0,0,0,0
4803,OFF,0,0,0.00,-40.00,-40.00,-100.00,0,0,0.00,0,-64.00,0.00,0.00,0.00,-100.00,0.00,0,0,0,0
4908,OFF,0,0,0.00,-40.00,-40.00,-100.00,0,0,0.00,0,-64.00,0.00,0.00,0.00,-100.00,0.00,0,0,0,0
5013,OFF,0,0,0.00,-40.00,-40.00,-100.00,0,0,0.00,0,-64.00,0.00,0.00,0.00,-100.00,0.00,0,0,0,0
5118,OFF,0,0,0.00,-40.00,-40.00,-100.00,0,0,0.00,0,-64.00,0.00,0.00,0.00,-100.00,0.00,0,0,0,0
5223,OFF,0,0,0.00,-40.00,-40.00,-100.00,0,0,0.00,0,-64.00,0.00,0.00,0.00,-100.00,0.00,0,0,0,0
5328,OFF,0,0,0.00,-40.00,-40.00,-100.00,0,0,0.00,0,-64.00,0.00,0.00,0.00,-100.00,0.00,0,0,0,0
5436,OFF,0,0,0.00,-40.00,-40.00,-100.00,0,0,0.00,0,-64.00,0.00,0.00,0.00,-100.00,0.00,0,0,0,0
5541,OFF,0,0,0.00,-40.00,-40.00,-100.00,0,0,0.00,0,-64.00,0.00,0.00,0.00,-100.00,0.00,0,0,0,0
5646,OFF,0,0,0.00,-40.00,-40.00,-100.00,0,0,0.00,0,-64.00,0.00,0.00,0.00,-100.00,0.00,0,0,0,0
5751,OFF,0,0,0.00,-40.00,-40.00,-100.00,0,0,0.00,0,-64.00,0.00,0.00,0.00,-100.00,0.00,0,0,0,0
5856,OFF,0,0,0.00,-40.00,-40.00,-100.00,0,0,0.00,0,-64.00,0.00,0.00,0.00,-100.00,0.00,0,0,0,0
5961,OFF,0,0,0.00,-40.00,-40.00,-100.00,0,0,0.00,0,-64.00,0.00,0.00,0.00,-100.00,0.00,0,0,0,0
6069,OFF,0,0,0.00,-40.00,-40.00,-100.00,0,0,0.00,0,-64.00,0.00,0.00,0.00,-100.00,0.00,0,0,0,0
6174,OFF,0,0,0.00,-40.00,-40.00,-100.00,0,0,0.00,0,-64.00,0.00,0.00,0.00,-100.00,0.00,0,0,0,0
6279,OFF,0,0,0.00,-40.00,-40.00,-100.00,0,0,0.00,0,-64.00,0.00,0.00,0.00,-100.00,0.00,0,0,0,0
6384,OFF,0,0,0.00,-40.00,-40.00,-100.00,0,0,0.00,0,-64.00,0.00,0.00,0.00,-100.00,0.00,0,0,0,0
6489,OFF,0,0,0.00,-40.00,-40.00,-100.00,0,0,0.00,0,-64.00,0.00,0.00,0.00,-100.00,0.00,0,0,0,0
6594,OFF,0,0,0.00,-40.00,-40.00,-100.00,0,0,0.00,0,-64.00,0.00,0.00,0.00,-100.00,0.00,0,0,0,0
6702,OFF,0,0,0.00,-40.00,-40.00,-100.00,0,0,0.00,0,-64.00,0.00,0.00,0.00,-100.00,0.00,0,0,0,0
6807,OFF,0,0,0.00,-40.00,-40.00,-100.00,0,0,0.00,0,-64.00,0.00,0.00,0.00,-100.00,0.00,0,0,0,0
6912,OFF,0,0,0.00,-40.00,-40.00,-100.00,0,0,0.00,0,-64.00,0.00,0.00,0.00,-100.00,0.00,0,0,0,0
7017,OFF,0,0,0.00,-40.00,-40.00,-100.00,0,0,0.00,0,-64.00,0.00,0.00,0.00,-100.00,0.00,0,0,0,0
7122,OFF,0,0,0.00,-40.00,-40.00,-100.00,0,0,0.00,0,-64.00,0.00,0.00,0.00,-100.00,0.00,0,0,0,0
7227,OFF,0,0,0.00,-40.00,-40.00,-100.00,0,0,0.00,0,-64.00,0.00,0.00,0.00,-100.00,0.00,0,0,0,0
7335,OFF,0,0,0.00,-40.00,-40.00,-100.00,0,0,0.00,0,-64.00,0.00,0.00,0.00,-100.00,0.00,0,0,0,0
7440,OFF,0,0,0.00,-40.00,-40.00,-100.00,0,0,0.00,0,-64.00,0.00,0.00,0.00,-100.00,0.00,0,0,0,0
7545,OFF,0,0,0.00,-40.00,-40.00,-100.00,0,0,0.00,0,-64.00,0.00,0.00,0.00,-100.00,0.00,0,0,0,0
7650,OFF,0,0,0.00,-40.00,-40.00,-100.00,0,0,0.00,0,-64.00,0.00,0.00,0.00,-100.00,0.00,0,0,0,0
7755,OFF,0,0,0.00,-40.00,-40.00,-100.00,0,0,0.00,0,-64.00,0.00,0.00,0.00,-100.00,0.00,0,0,0,0
7860,OFF,0,0,0.00,-40.00,-40.00,-100.00,0,0,0.00,0,-64.00,0.00,0.00,0.00,-100.00,0.00,0,0,0,0
7968,OFF,0,0,0.00,-40.00,-40.00,-100.00,0,0,0.00,0,-64.00,0.00,0.00,0.00,-100.00,0.00,0,0,0,0
8073,OFF,0,0,0.00,-40.00,-40.00,-100.00,0,0,0.00,0,-64.00,0.00,0.00,0.00,-100.00,0.00,0,0,0,0
8178,OFF,0,0,0.00,31.00,-40.00,-3.12,100,0,0.00,0,-64.00,0.00,0.00,0.00,-100.00,0.00,0,0,0,0
8283,OFF,0,0,0.00,31.00,29.00,-3.12,99,101,0.00,0,0.00,27.06,11.37,0.25,0.00,0.00,0,0,0,0
8388,OFF,0,0,0.00,31.00,29.00,-3.12,100,101,0.00,0,0.00,27.06,10.98,0.25,0.00,10.94,185,0,0,0
8493,OFF,0,0,0.00,31.00,29.00,-3.12,99,101,0.00,0,0.00,27.06,10.98,0.25,0.00,10.94,185,0,0,0
8601,OFF,0,0,0.00,31.00,29.00,-3.12,100,101,0.00,0,0.00,27.06,10.98,0.25,0.00,10.94,185,0,0,0
8706,OFF,0,0,0.00,31.00,29.00,-3.12,100,101,0.00,0,0.00,27.06,10.98,0.25,0.00,10.94,185,0,0,0
8811,OFF,0,0,0.00,31.00,29.00,-3.12,99,101,0.00,0,0.00,27.06,10.98,0.25,0.00,10.94,185,0,0,0
8916,OFF,0,0,0.00,31.00,29.00,-3.12,99,99,0.00,0,0.00,27.06,10.98,0.25,0.00,10.94,185,0,0,0
9021,OFF,0,0,0.00,31.00,29.00,-3.12,99,99,0.00,0,0.00,27.06,10.98,0.25,0.00,10.94,185,0,0,0
9126,OFF,0,0,0.00,31.00,29.00,-3.12,100,100,0.00,0,0.00,27.06,10.98,0.25,0.00,10.94,185,0,0,0
9234,OFF,0,0,0.00,31.00,29.00,-3.12,99,99,0.00,0,0.00,27.06,10.98,0.25,0.00,10.94,185,0,0,0
9339,OFF,0,0,0.00,31.00,29.00,-3.12,99,100,0.00,0,0.00,27.06,10.98,0.25,0.00,10.94,185,0,0,0
9444,OFF,0,0,0.00,31.00,29.00,-3.12,99,99,0.00,0,0.00,27.06,10.98,0.25,0.00,10.94,185,0,0,0
9549,OFF,0,0,0.00,31.00,29.00,-3.12,100,100,0.00,0,0.00,27.06,10.98,0.25,0.00,10.86,107,0,0,0
9654,OFF,0,0,0.00,31.00,29.00,-3.12,99,100,0.00,0,0.00,27.06,10.98,0.25,0.00,10.94,185,0,0,0
9759,OFF,0,0,0.00,31.00,29.00,-3.12,100,99,0.00,0,0.00,27.06,10.98,0.25,0.00,10.86,107,0,0,0
9867,OFF,0,0,0.00,31.00,29.00,-3.12,100,99,0.00,0,0.00,27.06,10.98,0.25,0.00,10.94,185,0,0,0
9971,OFF,0,0,0.00,31.00,29.00,-3.12,99,100,0.00,0,0.00,27.06,10.98,0.25,0.00,10.94,185,0,0,0
10076,OFF,0,0,0.00,31.00,29.00,-3.12,100,100,0.00,0,0.00,27.06,10.98,0.25,0.00,10.86,107,0,0,0
10181,OFF,0,0,0.00,31.00,29.00,-3.12,100,99,0.00,0,0.00,27.06,10.98,0.25,0.00,10.86,107,0,0,0
10285,OFF,0,0,0.00,31.00,29.00,-3.12,99,100,0.00,0,0.00,27.06,10.98,0.25,0.00,10.94,185,0,0,0
10390,OFF,0,0,0.00,31.00,29.00,-3.12,100,100,0.00,0,0.00,27.06,10.98,0.25,0.00,10.86,107,0,0,0
10498,OFF,0,0,0.00,31.00,29.00,-3.12,100,100,0.00,0,0.00,27.06,10.98,0.25,0.00,10.86,107,0,0,0
10603,OFF,0,0,0.00,31.00,29.00,-3.12,99,99,0.00,0,0.00,27.06,10.98,0.25,0.00,10.94,185,0,0,0
10708,OFF,0,0,0.00,31.00,29.00,-3.12,99,99,0.00,0,0.00,27.06,10.98,0.25,0.00,10.86,107,0,0,0
10813,OFF,0,0,0.00,31.00,29.00,-3.12,100,100,0.00,0,0.00,27.06,10.98,0.25,0.00,10.86,107,0,0,0
10918,OFF,0,0,0.00,31.00,29.00,-3.12,99,100,0.00,0,0.00,27.06,10.98,0.25,0.00,10.94,185,0,0,0
11023,OFF,0,0,0.00,31.00,29.00,-3.12,99,99,0.00,0,0.00,27.06,10.98,0.25,0.00,10.86,107,0,0,0
11131,OFF,0,0,0.00,31.00,29.00,-3.12,100,100,0.00,0,0.00,27.06,10.98,0.25,0.00,10.86,107,0,0,0
11236,OFF,0,0,0.00,31.00,29.00,-3.12,100,100,0.00,0,0.00,27.06,10.98,0.25,0.00,10.86,107,0,0,0
11341,OFF,0,0,0.00,31.00,29.00,-3.12,100,100,0.00,0,0.00,27.45,11.37,0.25,0.00,1.33,48,0,0,0
11446,OFF,0,0,0.00,31.00,29.00,-3.12,100,100,0.00,0,0.00,27.45,11.37,0.25,0.00,0.00,0,0,0,0
11551,OFF,0,0,0.00,31.00,29.00,-3.12,100,100,0.00,0,0.00,27.45,11.37,0.25,0.00,0.00,0,0,0,0
11656,OFF,0,0,0.00,31.00,29.00,-3.12,100,100,0.00,0,0.00,27.45,11.37,0.25,0.00,0.00,0,0,0,0
11764,OFF,0,0,0.00,31.00,29.00,-3.12,100,100,0.00,0,0.00,27.45,11.37,0.25,0.00,0.00,0,0,0,0
11869,OFF,0,0,0.00,31.00,28.00,-3.12,100,100,0.00,0,0.00,27.45,11.37,0.25,0.00,0.00,0,0,0,0
11974,OFF,0,0,0.00,31.00,29.00,-3.12,100,100,0.00,0,0.00,27.45,11.37,0.25,0.00,0.00,0,0,0,0
12079,OFF,0,0,0.00,31.00,29.00,-3.12,100,100,0.00,0,0.00,27.45,11.37,0.25,0.00,0.00,0,0,0,0
12184,OFF,0,0,0.00,31.00,29.00,-3.12,100,100,0.00,0,0.00,27.45,11.37,0.25,0.00,0.00,0,0,0,0
12292,OFF,0,0,0.00,31.00,29.00,-3.12,100,100,0.00,0,0.00,27.45,11.37,0.25,0.00,0.00,0,0,0,0
12400,OFF,0,0,0.00,31.00,29.00,-3.12,100,100,0.00,0,0.00,27.45,11.37,0.25,0.00,0.00,0,0,0,0
12505,OFF,0,0,0.00,31.00,28.00,-3.12,100,100,0.00,0,0.00,27.45,11.37,0.25,0.00,0.00,0,0,0,0
12610,OFF,0,0,0.00,31.00,29.00,-3.12,100,100,0.00,0,0.00,27.45,11.37,0.25,0.00,0.00,0,0,0,0
12715,OFF,0,0,0.00,31.00,29.00,-3.12,100,100,0.00,0,0.00,27.45,11.37,0.25,0.00,0.00,0,0,0,0
12820,OFF,0,0,0.00,31.00,29.00,-3.12,100,100,0.00,0,0.00,27.45,11.37,0.25,0.00,0.00,0,0,0,0
12925,OFF,0,0,0.00,31.00,29.00,-3.12,100,100,0.00,0,0.00,27.45,11.37,0.25,0.00,0.00,0,0,0,0
13033,OFF,0,0,0.00,31.00,29.00,-3.12,100,100,0.00,0,0.00,27.45,11.37,0.25,0.00,0.00,0,0,0,0
13138,OFF,0,0,0.00,31.00,28.00,-3.12,100,100,0.00,0,0.00,27.45,11.37,0.25,0.00,0.00,0,0,0,0
13243,OFF,0,0,0.00,31.00,29.00,-3.12,100,100,0.00,0,0.00,27.45,11.37,0.25,0.00,0.00,0,0,0,0
13348,OFF,0,0,0.00,31.00,29.00,-3.12,100,100,0.00,0,0.00,27.45,11.37,0.25,0.00,0.00,0,0,0,0
13453,OFF,0,0,0.00,31.00,29.00,-3.12,100,100,0.00,0,0.00,27.45,11.37,0.25,0.00,0.00,0,0,0,0
13558,OFF,0,0,0.00,31.00,29.00,-3.12,100,100,0.00,0,0.00,27.45,11.37,0.25,0.00,0.00,0,0,0,0
13666,OFF,0,0,0.00,31.00,29.00,-3.12,100,100,0.00,0,0.00,27.45,11.37,0.25,0.00,0.00,0,0,0,0
13771,OFF,0,0,0.00,31.00,29.00,-3.12,100,100,0.00,0,0.00,27.45,11.37,0.25,0.00,0.00,0,0,0,0
13876,OFF,0,0,0.00,31.00,29.00,-3.12,100,100,0.00,0,0.00,27.45,11.37,0.25,0.00,0.00,0,0,0,0
13981,OFF,0,0,0.00,31.00,29.00,-3.12,100,100,0.00,0,0.00,27.45,11.37,0.25,0.00,0.00,0,0,0,0
14086,OFF,0,0,0.00,31.00,29.00,-3.12,100,100,0.00,0,0.00,27.45,11.37,0.25,0.00,0.00,0,0,0,0
14191,OFF,0,0,0.00,31.00,29.00,-3.12,100,100,0.00,0,0.00,27.45,11.37,0.25,0.00,0.00,0,0,0,0
14299,OFF,0,0,0.00,31.00,29.00,-3.12,100,100,0.00,0,0.00,27.45,11.37,0.25,0.00,0.00,0,0,0,0
14404,OFF,0,0,0.00,31.00,29.00,-3.12,100,100,0.00,0,0.00,27.45,11.37,0.25,0.00,0.00,0,0,0,0
14509,OFF,0,0,0.00,31.00,29.00,-3.12,100,100,0.00,0,0.00,27.45,11.37,0.25,0.00,0.00,0,0,0,0
14614,OFF,0,0,0.00,31.00,29.00,-3.12,100,100,0.00,0,0.00,27.45,11.37,0.25,0.00,0.00,0,0,0,0
14719,OFF,0,0,0.00,31.00,29.00,-3.12,100,100,0.00,0,0.00,27.45,11.37,0.25,0.00,0.00,0,0,0,0
14824,OFF,0,0,0.00,31.00,29.00,-3.12,100,100,0.00,0,0.00,27.45,11.37,0.25,0.00,0.00,0,0,0,0
14932,OFF,0,0,0.00,31.00,29.00,-3.12,100,100,0.00,0,0.00,27.45,11.37,0.25,0.00,0.00,0,0,0,0
15037,OFF,0,0,0.00,31.00,29.00,-3.12,100,100,0.00,0,0.00,27.45,11.37,0.25,0.00,0.00,0,0,0,0
15142,OFF,0,0,0.00,31.00,29.00,-3.12,100,100,0.00,0,0.00,27.45,11.37,0.25,0.00,0.00,0,0,0,0
15247,OFF,0,0,0.00,31.00,29.00,-3.12,100,100,0.00,0,0.00,27.45,11.37,0.25,0.00,0.00,0,0,0,0
15352,OFF,0,0,0.00,31.00,29.00,-3.12,100,100,0.00,0,0.00,27.45,11.37,0.25,0.00,0.00,0,0,0,0
15457,OFF,0,0,0.00,31.00,29.00,-3.12,100,101,0.00,0,0.00,27.45,11.37,0.25,0.00,0.00,0,0,0,0
15565,OFF,0,0,0.00,31.00,29.00,-3.12,100,101,0.00,0,0.00,27.06,10.59,0.25,0.00,8.20,11,0,0,0
15670,OFF,0,0,0.00,31.00,29.00,-3.12,100,101,0.00,0,0.00,27.06,10.98,0.25,0.00,10.86,107,0,0,0
15775,OFF,0,0,0.00,31.00,29.00,-3.12,100,101,0.00,0,0.00,27.06,10.98,0.25,0.00,10.86,107,0,0,0
15880,OFF,0,0,0.00,31.00,29.00,-3.12,99,101,0.00,0,0.00,27.06,10.98,0.25,0.00,10.86,107,0,0,0
15985,OFF,0,0,0.00,31.00,29.00,-3.12,99,101,0.00,0,0.00,27.06,10.98,0.25,0.00,10.86,107,0,0,0
16090,OFF,0,0,0.00,31.00,29.00,-3.12,100,101,0.00,0,0.00,27.06,10.98,0.25,0.00,10.86,107,0,0,0
16198,OFF,0,0,0.00,31.00,29.00,-3.12,99,100,0.00,0,0.00,27.06,10.98,0.25,0.00,10.86,107,0,0,0
16303,OFF,0,0,0.00,31.00,29.00,-3.12,99,100,0.00,0,0.00,27.06,10.98,0.25,0.00,10.86,107,0,0,0
16408,OFF,0,0,0.00,31.00,29.00,-3.12,100,100,0.00,0,0.00,27.06,10.98,0.25,0.00,10.86,107,0,0,0
16513,OFF,0,0,0.00,31.00,29.00,-3.12,100,99,0.00,0,0.00,27.06,10.98,0.25,0.00,10.86,107,0,0,0
16618,OFF,0,0,0.00,31.00,29.00,-3.12,100,100,0.00,0,0.00,27.06,10.98,0.25,0.00,10.86,107,0,0,0
16723,OFF,0,0,0.00,31.00,29.00,-3.12,100,100,0.00,0,0.00,27.06,10.98,0.25,0.00,10.86,107,0,0,0
16831,OFF,0,0,0.00,31.00,29.00,-3.12,99,100,0.00,0,0.00,27.06,10.98,0.25,0.00,10.86,107,0,0,0
16936,OFF,0,0,0.00,31.00,29.00,-3.12,99,99,0.00,0,0.00,27.06,10.98,0.25,0.00,10.86,107,0,0,0
17041,OFF,0,0,0.00,31.00,29.00,-3.12,99,100,0.00,0,0.00,27.06,10.98,0.25,0.00,10.86,107,0,0,0
17146,OFF,0,0,0.00,31.00,29.00,-3.12,100,99,0.00,0,0.00,27.06,10.98,0.25,0.00,10.86,107,0,0,0
17251,OFF,0,0,0.00,31.00,29.00,-3.12,99,100,0.00,0,0.00,27.06,10.98,0.25,0.00,10.86,107,0,0,0
17356,OFF,0,0,0.00,31.00,29.00,-3.12,99,100,0.00,0,0.00,27.06,10.98,0.25,0.00,10.86,107,0,0,0
17464,OFF,0,0,0.00,31.00,29.00,-3.12,100,100,0.00,0,0.00,27.06,10.98,0.25,0.00,10.86,107,0,0,0
17569,OFF,0,0,0.00,31.00,29.00,-3.12,100,100,0.00,0,0.00,27.06,10.98,0.25,0.00,10.86,107,0,0,0
17674,OFF,0,0,0.00,31.00,29.00,-3.12,99,100,0.00,0,0.00,27.06,10.98,0.25,0.00,10.86,107,0,0,0
17779,OFF,0,0,0.00,31.00,29.00,-3.12,100,99,0.00,0,0.00,27.06,10.98,0.25,0.00,10.86,107,0,0,0
17884,OFF,0,0,0.00,32.00,29.00,-3.12,100,100,0.00,0,0.00,27.45,11.37,0.25,0.00,1.80,4,0,0,0
17989,OFF,0,0,0.00,31.00,28.00,-3.12,100,100,0.00,2,0.00,27.45,11.37,0.25,0.00,0.00,0,0,0,0
18097,OFF,0,0,0.00,31.00,28.00,-3.12,100,100,0.00,2,0.00,27.45,11.37,0.25,0.00,0.00,0,0,0,0
18202,OFF,0,0,0.00,31.00,28.00,-3.12,100,100,0.00,2,0.00,27.45,11.37,0.25,0.00,0.00,0,0,0,0
18307,OFF,0,0,0.00,31.00,28.00,-3.12,100,100,0.00,2,0.00,27.45,11.37,0.25,0.00,0.00,0,0,0,0
18412,OFF,0,0,0.00,31.00,28.00,-3.12,100,100,0.00,2,0.00,27.45,11.37,0.25,0.00,0.00,0,0,0,0
18517,OFF,0,0,0.00,31.00,28.00,-3.12,100,100,0.00,2,0.00,27.45,11.37,0.25,0.00,0.00,0,0,0,0
18622,OFF,0,0,0.00,31.00,28.00,-3.12,100,100,0.00,2,0.00,27.45,11.37,0.25,0.00,0.00,0,0,0,0
18730,OFF,0,0,0.00,31.00,28.00,-3.12,100,100,0.00,2,0.00,27.45,11.37,0.25,0.00,0.00,0,0,0,0
18835,OFF,0,0,0.00,31.00,28.00,-3.12,100,100,0.00,2,0.00,27.45,11.37,0.25,0.00,0.00,0,0,0,0
18939,OFF,0,0,0.00,31.00,28.00,-3.12,100,100,0.00,2,0.00,27.45,11.37,0.25,0.00,0.00,0,0,0,0
19044,OFF,0,0,0.00,31.00,28.00,-3.12,100,100,0.00,2,0.00,27.45,11.37,0.25,0.00,0.00,0,0,0,0
19148,OFF,0,0,0.00,31.00,28.00,-3.12,100,100,0.00,2,0.00,27.45,11.37,0.25,0.00,0.00,0,0,0,0
19252,OFF,0,0,0.00,31.00,28.00,-3.12,100,100,0.00,2,0.00,27.45,11.37,0.25,0.00,0.00,0,0,0,0
19360,OFF,0,0,0.00,31.00,28.00,-3.12,100,100,0.00,2,0.00,27.45,11.37,0.25,0.00,0.00,0,0,0,0
19464,OFF,0,0,0.00,31.00,28.00,-3.12,100,100,0.00,2,0.00,27.45,11.37,0.25,0.00,0.00,0,0,0,0
19568,OFF,0,0,0.00,31.00,28.00,-3.12,100,100,0.00,2,0.00,27.45,11.37,0.25,0.00,0.00,0,0,0,0
19672,OFF,0,0,0.00,31.00,28.00,-3.12,100,100,0.00,2,0.00,27.45,11.37,0.25,0.00,0.00,0,0,0,0
19776,OFF,0,0,0.00,31.00,28.00,-3.12,100,100,0.00,2,0.00,27.45,11.37,0.25,0.00,0.00,0,0,0,0
19880,OFF,0,0,0.00,31.00,28.00,-3.12,100,100,0.00,2,0.00,27.45,11.37,0.25,0.00,0.00,0,0,0,0
19988,OFF,0,0,0.00,31.00,28.00,-3.12,100,100,0.00,2,0.00,27.45,11.37,0.25,0.00,0.00,0,0,0,0
20092,OFF,0,0,0.00,31.00,28.00,-3.12,100,100,0.00,2,0.00,27.45,11.37,0.25,0.00,0.00,0,0,0,0
20197,OFF,0,0,0.00,31.00,28.00,-3.12,100,100,0.00,2,0.00,27.45,11.37,0.25,0.00,0.00,0,0,0,0
20302,OFF,0,0,0.00,31.00,28.00,-3.12,100,100,0.00,2,0.00,27.45,11.37,0.25,0.00,0.00,0,0,0,0
20407,OFF,0,0,0.00,31.00,28.00,-3.12,100,100,0.00,2,0.00,27.45,11.37,0.25,0.00,0.00,0,0,0,0
20512,OFF,0,0,0.00,31.00,28.00,-3.12,100,100,0.00,2,0.00,27.45,11.37,0.25,0.00,0.00,0,0,0,0
20620,OFF,0,0,0.00,31.00,28.00,-3.12,100,100,0.00,2,0.00,27.45,11.37,0.25,0.00,0.00,0,0,0,0
20725,OFF,0,0,0.00,31.00,28.00,-3.12,100,100,0.00,2,0.00,27.45,11.37,0.25,0.00,0.00,0,0,0,0
20830,OFF,0,0,0.00,31.00,28.00,-3.12,100,100,0.00,2,0.00,27.45,11.37,0.25,0.00,0.00,0,0,0,0
20935,OFF,0,0,0.00,31.00,28.00,-3.12,100,100,0.00,2,0.00,27.45,11.37,0.25,0.00,0.00,0,0,0,0
21040,OFF,0,0,0.00,31.00,28.00,-3.12,100,100,0.00,2,0.00,27.45,11.37,0.25,0.00,0.00,0,0,0,0
21145,OFF,0,0,0.00,31.00,28.00,-3.12,100,100,0.00,2,0.00,27.45,11.37,0.25,0.00,0.00,0,0,0,0
21253,OFF,0,0,0.00,31.00,28.00,-3.12,100,100,0.00,2,0.00,27.45,11.37,0.25,0.00,0.00,0,0,0,0
21358,OFF,0,0,0.00,31.00,28.00,-3.12,100,100,0.00,2,0.00,27.45,11.37,0.25,0.00,0.00,0,0,0,0
21463,OFF,0,0,0.00,31.00,28.00,-3.12,100,100,0.00,2,0.00,27.45,11.37,0.25,0.00,0.00,0,0,0,0
21568,OFF,0,0,0.00,31.00,28.00,-3.12,100,100,0.00,2,0.00,27.45,11.37,0.25,0.00,0.00,0,0,0,0
21673,OFF,0,0,0.00,31.00,28.00,-3.12,100,100,0.00,2,0.00,27.45,11.37,0.25,0.00,0.00,0,0,0,0
21778,OFF,0,0,0.00,31.00,28.00,-3.12,100,100,0.00,2,0.00,27.45,11.37,0.25,0.00,0.00,0,0,0,0
21886,OFF,0,0,0.00,31.00,28.00,-3.12,100,100,0.00,2,0.00,27.45,11.37,0.25,0.00,0.00,0,0,0,0
21991,OFF,0,0,0.00,31.00,28.00,-3.12,100,100,0.00,2,0.00,27.45,11.37,0.25,0.00,0.00,0,0,0,0
22096,OFF,0,0,0.00,31.00,28.00,-3.12,100,100,0.00,2,0.00,27.45,11.37,0.25,0.00,0.00,0,0,0,0
22201,OFF,0,0,0.00,31.00,28.00,-3.12,100,100,0.00,2,0.00,27.45,11.37,0.25,0.00,0.00,0,0,0,0
22306,OFF,0,0,0.00,31.00,28.00,-3.12,100,100,0.00,2,0.00,27.45,11.37,0.25,0.00,0.00,0,0,0,0
22411,OFF,0,0,0.00,31.00,28.00,-3.12,100,100,0.00,2,0.00,27.45,11.37,0.25,0.00,0.00,0,0,0,0
22519,OFF,0,0,0.00,31.00,28.00,-3.12,100,100,0.00,2,0.00,27.45,11.37,0.25,0.00,0.00,0,0,0,0
22624,OFF,0,0,0.00,31.00,28.00,-3.12,100,100,0.00,2,0.00,27.45,11.37,0.25,0.00,0.00,0,0,0,0
22729,OFF,0,0,0.00,31.00,28.00,-3.12,100,100,0.00,2,0.00,27.45,11.37,0.25,0.00,0.00,0,0,0,0
22834,OFF,0,0,0.00,31.00,28.00,-3.12,100,100,0.00,2,0.00,27.45,11.37,0.25,0.00,0.00,0,0,0,0
22939,OFF,0,0,0.00,31.00,28.00,-3.12,100,100,0.00,2,0.00,27.45,11.37,0.25,0.00,0.00,0,0,0,0
23044,OFF,0,0,0.00,31.00,28.00,-3.12,100,100,0.00,2,0.00,27.45,11.37,0.25,0.00,0.00,0,0,0,0
23152,OFF,0,0,0.00,31.00,28.00,-3.12,100,100,0.00,2,0.00,27.45,11.37,0.25,0.00,0.00,0,0,0,0
23257,OFF,0,0,0.00,31.00,28.00,-3.12,100,100,0.00,2,0.00,27.45,11.37,0.25,0.00,0.00,0,0,0,0
23362,OFF,0,0,0.00,31.00,28.00,-3.12,100,100,0.00,2,0.00,27.45,11.37,0.25,0.00,0.00,0,0,0,0
23467,OFF,0,0,0.00,31.00,28.00,-3.12,100,100,0.00,2,0.00,27.45,11.37,0.25,0.00,0.00,0,0,0,0
23572,OFF,0,0,0.00,31.00,28.00,-3.12,100,100,0.00,2,0.00,27.45,11.37,0.25,0.00,0.00,0,0,0,0
23677,OFF,0,0,0.00,31.00,28.00,-3.12,100,100,0.00,2,0.00,27.45,11.37,0.25,0.00,0.00,0,0,0,0
23785,OFF,0,0,0.00,31.00,28.00,-3.12,100,100,0.00,2,0.00,27.45,11.37,0.25,0.00,0.00,0,0,0,0
