1135,OFF,0,0,0.00,-40.00,-40.00,-100.00,0,0,0.00,0,-64.00,0.00,0.00,0.00,-100.00,0.00,0,0,3,0
1246,ON,1,0,0.00,28.00,29.00,-3.12,146,146,0.00,0,0.00,30.59,15.29,0.25,0.00,10.78,29,0,3,0
1351,ON,1,0,0.00,28.00,29.00,-3.12,146,146,0.00,0,0.00,30.59,15.29,0.25,0.00,10.78,29,0,3,0
1456,ON,1,0,0.00,28.00,29.00,-3.12,146,146,0.00,0,0.00,30.59,15.29,0.25,0.00,10.78,29,0,3,0
1561,ON,1,0,0.00,28.00,29.00,-3.12,146,146,0.00,0,0.00,30.59,15.29,0.25,0.00,10.86,107,0,3,0
1666,ON,1,0,0.00,28.00,29.00,-3.12,146,146,0.00,0,0.00,30.59,15.29,0.25,0.00,10.86,107,0,3,0
1771,ON,1,0,0.00,28.00,29.00,-3.12,146,146,0.00,0,0.00,30.59,15.29,0.25,0.00,10.86,107,0,3,0
1879,ON,1,0,0.00,28.00,29.00,-3.12,146,146,0.00,0,0.00,30.59,15.29,0.25,0.00,10.78,29,0,3,0
1984,ON,1,0,0.00,28.00,29.00,-3.12,146,146,0.00,0,0.00,30.59,15.29,0.25,0.00,10.86,107,0,3,0
2089,ON,1,0,0.00,28.00,29.00,-3.12,146,146,0.00,0,0.00,30.59,15.29,0.25,0.00,10.86,107,0,3,0
2194,ON,1,0,0.00,28.00,29.00,-3.12,146,146,0.00,0,0.00,30.59,15.29,0.25,0.00,10.86,107,0,3,0
2299,ON,1,0,0.00,28.00,29.00,-3.12,146,146,0.00,0,0.00,30.59,15.29,0.25,0.00,10.78,29,0,3,0
2404,ON,1,0,0.00,28.00,29.00,-3.12,146,146,0.00,0,0.00,30.59,15.29,0.25,0.00,10.78,29,0,3,0
2512,ON,1,0,0.00,28.00,29.00,-3.12,146,146,0.00,0,0.00,30.59,15.29,0.25,0.00,10.78,29,0,3,0
2617,ON,1,0,0.00,28.00,29.00,-3.12,146,146,0.00,0,0.00,30.59,15.29,0.25,0.00,10.78,29,0,3,0
2722,ON,1,0,0.00,28.00,29.00,-3.12,146,146,0.00,0,0.00,30.59,15.29,0.25,0.00,10.86,107,0,3,0
2827,ON,1,0,0.00,28.00,29.00,-3.12,146,146,0.00,0,0.00,30.59,15.29,0.25,0.00,10.86,107,0,3,0
2932,ON,1,0,0.00,28.00,29.00,-3.12,146,146,0.00,0,0.00,30.59,15.29,0.25,0.00,10.78,29,0,3,0
3037,ON,1,0,0.00,28.00,29.00,-3.12,146,146,0.00,0,0.00,30.59,15.29,0.25,0.00,10.78,29,0,3,0
3145,ON,1,0,0.00,28.00,29.00,-3.12,146,146,0.00,0,0.00,30.59,15.29,0.25,0.00,10.78,29,0,3,0
3250,ON,1,0,0.00,28.00,29.00,-3.12,146,146,0.00,0,0.00,30.59,15.29,0.25,0.00,10.78,29,0,3,0
3355,ON,1,0,0.00,28.00,29.00,-3.12,146,146,0.00,0,0.00,30.59,15.29,0.25,0.00,10.86,107,0,3,0
3460,ON,1,0,0.00,28.00,29.00,-3.12,146,146,0.00,0,0.00,30.98,15.69,0.25,0.00,2.97,152,0,3,0
3565,ON,1,0,0.00,28.00,29.00,-3.12,146,146,0.00,0,0.00,30.98,15.69,0.25,0.00,0.00,0,0,3,0
3670,ON,1,0,0.00,28.00,29.00,-3.12,146,146,0.00,0,0.00,30.98,15.69,0.25,0.00,0.00,0,0,3,0
3778,ON,1,0,0.00,28.00,29.00,-3.12,146,146,0.00,0,0.00,30.98,15.69,0.25,0.00,0.00,0,0,3,0
3883,ON,1,0,0.00,28.00,29.00,-3.12,146,146,0.00,0,0.00,30.98,15.69,0.25,0.00,0.00,0,0,3,0
3988,ON,1,0,0.00,28.00,29.00,-3.12,146,146,0.00,0,0.00,30.98,15.69,0.25,0.00,0.00,0,0,3,0
4093,ON,1,0,0.00,28.00,29.00,-3.12,146,146,0.00,0,0.00,30.98,15.69,0.25,0.00,0.00,0,0,3,0
4198,ON,1,0,0.00,28.00,29.00,-3.12,146,146,0.00,0,0.00,30.98,15.69,0.25,0.00,0.00,0,0,3,0
4303,ON,1,0,0.00,28.00,29.00,-3.12,146,146,0.00,0,0.00,30.98,15.69,0.25,0.00,0.00,0,0,2,0
4411,ON,1,0,0.00,28.00,29.00,-3.12,146,146,0.00,0,0.00,30.98,15.69,0.25,0.00,0.00,0,0,2,0
4516,ON,1,0,0.00,28.00,29.00,-3.12,146,146,0.00,0,0.00,30.98,15.69,0.25,0.00,0.00,0,0,2,0
4621,ON,1,0,0.00,28.00,29.00,-3.12,146,146,0.00,0,0.00,30.98,15.69,0.25,0.00,0.00,0,0,2,0
4726,ON,1,0,0.00,28.00,29.00,-3.12,146,146,0.00,0,0.00,30.98,15.69,0.25,0.00,0.00,0,0,2,0
4831,ON,1,0,0.00,28.00,29.00,-3.12,146,146,0.00,0,0.00,30.98,15.69,0.25,0.00,0.00,0,0,2,0
4936,ON,1,0,0.00,28.00,29.00,-3.12,146,146,0.00,0,0.00,30.98,15.69,0.25,0.00,0.00,0,0,2,0
5044,ON,1,0,0.00,28.00,29.00,-3.12,146,146,0.00,0,0.00,30.98,15.69,0.25,0.00,0.00,0,0,2,0
5149,ON,1,0,0.00,28.00,29.00,-3.12,146,146,0.00,0,0.00,30.98,15.69,0.25,0.00,0.00,0,0,2,0
5254,ON,1,0,0.00,28.00,29.00,-3.12,146,146,0.00,0,0.00,30.98,15.69,0.25,0.00,0.00,0,0,2,0
