1121,OFF,0,0,0.00,-40.00,-40.00,-100.00,0,0,0.00,0,-64.00,0.00,0.00,0.00,-100.00,0.00,0,0,255,0
1232,ON,1,0,0.00,28.00,29.00,-3.12,146,146,0.00,0,0.00,30.98,15.69,0.25,0.00,0.00,0,0,255,0
1337,ON,1,0,0.00,28.00,29.00,-3.12,146,146,0.00,0,0.00,30.98,15.69,0.25,0.00,0.00,0,0,255,0
1442,ON,1,0,0.00,28.00,29.00,-3.12,146,146,0.00,0,0.00,30.98,15.69,0.25,0.00,0.00,0,0,255,0
1547,ON,1,0,0.00,28.00,29.00,-3.12,146,146,0.00,0,0.00,30.98,15.69,0.25,0.00,0.00,0,0,255,0
1651,ON,1,0,0.00,28.00,29.00,-3.12,146,146,0.00,0,0.00,30.98,15.69,0.25,0.00,0.00,0,0,255,0
1756,ON,1,0,0.00,28.00,29.00,-3.12,146,146,0.00,0,0.00,30.98,15.69,0.25,0.00,0.00,0,0,255,0
1864,ON,1,0,0.00,28.00,29.00,-3.12,146,146,0.00,0,0.00,30.98,15.69,0.25,0.00,0.00,0,0,255,0
1969,ON,1,0,0.00,28.00,29.00,-3.12,146,146,0.00,0,0.00,30.98,15.69,0.25,0.00,0.00,0,0,255,0
2074,ON,1,0,0.00,28.00,29.00,-3.12,146,146,0.00,0,0.00,30.98,15.69,0.25,0.00,0.00,0,0,255,0
2179,ON,1,0,0.00,28.00,29.00,-3.12,146,146,0.00,0,0.00,30.98,15.69,0.25,0.00,0.00,0,0,255,0
2284,ON,1,0,0.00,28.00,29.00,-3.12,146,146,0.00,0,0.00,30.98,15.69,0.25,0.00,0.00,0,0,255,0
2389,ON,1,0,0.00,28.00,29.00,-3.12,146,146,0.00,0,0.00,30.98,15.69,0.25,0.00,0.00,0,0,255,0
2497,ON,1,0,0.00,28.00,29.00,-3.12,146,146,0.00,0,0.00,30.98,15.69,0.25,0.00,0.00,0,0,255,0
2602,ON,1,0,0.00,28.00,29.00,-3.12,146,146,0.00,0,0.00,30.98,15.69,0.25,0.00,0.00,0,0,255,0
2707,ON,1,0,0.00,28.00,29.00,-3.12,146,146,0.00,0,0.00,30.98,15.69,0.25,0.00,0.00,0,0,255,0
2812,ON,1,0,0.00,28.00,29.00,-3.12,146,146,0.00,0,0.00,30.98,15.69,0.25,0.00,0.00,0,0,255,0
2917,ON,1,0,0.00,28.00,29.00,-3.12,146,146,0.00,0,0.00,30.98,15.69,0.25,0.00,0.00,0,0,255,0
3022,ON,1,0,0.00,28.00,29.00,-3.12,146,146,0.00,0,0.00,30.98,15.69,0.25,0.00,0.00,0,0,255,0
3130,ON,1,0,0.00,28.00,29.00,-3.12,146,146,0.00,0,0.00,30.98,15.69,0.25,0.00,0.00,0,0,255,0
3235,ON,1,0,0.00,28.00,29.00,-3.12,146,146,0.00,0,0.00,30.98,15.69,0.25,0.00,0.00,0,0,255,0
3340,ON,1,0,0.00,28.00,29.00,-3.12,146,146,0.00,0,0.00,30.98,15.69,0.25,0.00,0.00,0,0,255,0
3445,ON,1,0,0.00,28.00,29.00,-3.12,146,146,0.00,0,0.00,30.98,15.69,0.25,0.00,0.00,0,0,255,0
3550,ON,1,0,0.00,28.00,29.00,-3.12,146,146,0.00,0,0.00,30.98,15.69,0.25,0.00,0.00,0,0,255,0
3655,ON,1,0,0.00,28.00,29.00,-3.12,146,146,0.00,0,0.00,30.98,15.69,0.25,0.00,0.00,0,0,255,0
3763,ON,1,0,0.00,28.00,29.00,-3.12,146,146,0.00,0,0.00,30.98,15.69,0.25,0.00,0.00,0,0,255,0
3868,ON,1,0,0.00,28.00,29.00,-3.12,146,146,0.00,0,0.00,30.98,15.69,0.25,0.00,0.00,0,0,255,0
3973,ON,1,0,0.00,28.00,29.00,-3.12,146,146,0.00,0,0.00,30.98,15.69,0.25,0.00,0.00,0,0,255,0
4078,ON,1,0,0.00,28.00,29.00,-3.12,146,146,0.00,0,0.00,30.98,15.69,0.25,0.00,0.00,0,0,255,0
4183,ON,1,0,0.00,28.00,29.00,-3.12,146,146,0.00,0,0.00,30.98,15.69,0.25,0.00,0.00,0,0,255,0
4288,ON,1,0,0.00,28.00,29.00,-3.12,146,146,0.00,0,0.00,30.98,15.69,0.25,0.00,0.00,0,0,255,0
4396,ON,1,0,0.00,28.00,29.00,-3.12,146,146,0.00,0,0.00,30.98,15.69,0.25,0.00,0.00,0,0,255,0
4501,ON,1,0,0.00,28.00,29.00,-3.12,146,146,0.00,0,0.00,30.98,15.69,0.25,0.00,0.00,0,0,255,0
4606,ON,1,0,0.00,28.00,29.00,-3.12,146,146,0.00,0,0.00,30.98,15.69,0.25,0.00,0.00,0,0,255,0
4711,ON,1,0,0.00,28.00,29.00,-3.12,146,146,0.00,0,0.00,30.98,15.69,0.25,0.00,0.00,0,0,255,0
4816,ON,1,0,0.00,28.00,29.00,-3.12,146,146,0.00,0,0.00,30.98,15.69,0.25,0.00,0.00,0,0,255,0
4921,ON,1,0,0.00,28.00,29.00,-3.12,146,146,0.00,0,0.00,30.98,15.69,0.25,0.00,0.00,0,0,255,0
5029,ON,1,0,0.00,28.00,29.00,-3.12,146,146,0.00,0,0.00,30.98,15.69,0.25,0.00,0.00,0,0,255,0
5134,ON,1,0,0.00,28.00,29.00,-3.12,146,146,0.00,0,0.00,30.98,15.69,0.25,0.00,0.00,0,0,255,0
5239,ON,1,0,0.00,28.00,29.00,-3.12,146,146,0.00,0,0.00,30.98,15.69,0.25,0.00,0.00,0,0,255,0
5344,ON,1,0,0.00,28.00,29.00,-3.12,146,146,0.00,0,0.00,30.98,15.69,0.25,0.00,0.00,0,0,255,0
5449,ON,1,0,0.00,28.00,29.00,-3.12,146,146,0.00,0,0.00,30.98,15.69,0.25,0.00,0.00,0,0,255,0
5554,ON,1,0,0.00,28.00,29.00,-3.12,146,146,0.00,0,0.00,30.98,15.69,0.25,0.00,0.00,0,0,255,0
