1145,OFF,0,0,0.00,-40.00,-40.00,-100.00,0,0,0.00,0,-64.00,0.00,0.00,0.00,-100.00,0.00,0,0,0,0
1252,ON,1,0,0.00,28.00,29.00,-3.12,146,146,0.00,0,0.00,30.59,15.29,0.25,0.00,10.86,107,0,0,0
1356,ON,1,0,0.00,28.00,29.00,-3.12,146,146,0.00,0,0.00,30.59,15.29,0.25,0.00,10.86,107,0,0,0
1464,ON,1,0,0.00,28.00,29.00,-3.12,146,146,0.00,0,0.00,30.59,15.29,0.25,0.00,10.86,107,0,0,0
1568,ON,1,0,0.00,28.00,29.00,-3.12,146,146,0.00,0,0.00,30.59,15.29,0.25,0.00,10.78,29,0,0,0
1672,ON,1,0,0.00,28.00,29.00,-3.12,146,146,0.00,0,0.00,30.59,15.29,0.25,0.00,10.86,107,0,0,0
1777,ON,1,0,0.00,28.00,29.00,-3.12,146,146,0.00,0,0.00,30.59,15.29,0.25,0.00,10.86,107,0,0,0
1882,ON,1,0,0.00,28.00,29.00,-3.12,146,146,0.00,0,0.00,30.59,15.29,0.25,0.00,10.86,107,0,0,0
1987,ON,1,0,0.00,28.00,29.00,-3.12,146,146,0.00,0,0.00,30.59,15.29,0.25,0.00,10.86,107,0,0,0
2095,ON,1,0,0.00,28.00,29.00,-3.12,146,146,0.00,0,0.00,30.59,15.29,0.25,0.00,10.86,107,0,0,0
2200,ON,1,0,0.00,28.00,29.00,-3.12,146,146,0.00,0,0.00,30.59,15.29,0.25,0.00,10.86,107,0,0,0
2305,ON,1,0,0.00,28.00,29.00,-3.12,146,146,0.00,0,0.00,30.59,15.29,0.25,0.00,10.86,107,0,0,0
2410,ON,1,0,0.00,28.00,29.00,-3.12,146,146,0.00,0,0.00,30.59,15.29,0.25,0.00,10.86,107,0,0,0
2515,ON,1,0,0.00,28.00,29.00,-3.12,146,146,0.00,0,0.00,30.59,15.29,0.25,0.00,10.86,107,0,0,0
2620,ON,1,0,0.00,28.00,29.00,-3.12,146,146,0.00,0,0.00,30.59,15.29,0.25,0.00,10.86,107,0,0,0
2728,ON,1,0,0.00,28.00,29.00,-3.12,146,146,0.00,0,0.00,30.59,15.29,0.25,0.00,10.86,107,0,0,0
2833,ON,1,0,0.00,28.00,29.00,-3.12,146,146,0.00,0,0.00,30.59,15.29,0.25,0.00,10.86,107,0,0,0
2938,ON,1,0,0.00,28.00,29.00,-3.12,146,146,0.00,0,0.00,30.59,15.29,0.25,0.00,10.86,107,0,0,0
3043,ON,1,0,0.00,28.00,29.00,-3.12,146,146,0.00,0,0.00,30.59,15.29,0.25,0.00,10.86,107,0,0,0
3148,ON,1,0,0.00,28.00,29.00,-3.12,146,146,0.00,0,0.00,30.59,15.29,0.25,0.00,10.86,107,0,0,0
3253,ON,1,0,0.00,28.00,29.00,-3.12,146,146,0.00,0,0.00,30.59,15.29,0.25,0.00,10.86,107,0,0,0
3361,ON,1,0,0.00,28.00,29.00,-3.12,146,146,0.00,0,0.00,30.59,15.29,0.25,0.00,10.78,29,0,0,0
3466,ON,1,0,0.00,28.00,29.00,-3.12,146,146,0.00,0,0.00,30.98,15.69,0.25,0.00,2.58,18,0,0,0
3571,ON,1,0,0.00,28.00,29.00,-3.12,146,146,0.00,0,0.00,30.98,15.69,0.25,0.00,0.00,0,0,0,0
3676,ON,1,0,0.00,28.00,29.00,-3.12,146,146,0.00,0,0.00,30.98,15.69,0.25,0.00,0.00,0,0,0,0
3781,ON,1,0,0.00,28.00,29.00,-3.12,146,146,0.00,0,0.00,30.98,15.69,0.25,0.00,0.00,0,0,0,0
3886,ON,1,0,0.00,28.00,29.00,-3.12,146,146,0.00,0,0.00,30.98,15.69,0.25,0.00,0.00,0,0,0,0
3994,ON,1,0,0.00,28.00,29.00,-3.12,146,146,0.00,0,0.00,30.98,15.69,0.25,0.00,0.00,0,0,0,0
4099,ON,1,0,0.00,28.00,29.00,-3.12,146,146,0.00,0,0.00,30.98,15.69,0.25,0.00,0.00,0,0,0,0
4204,ON,1,0,0.00,28.00,29.00,-3.12,146,146,0.00,0,0.00,30.98,15.69,0.25,0.00,0.00,0,0,0,0
4309,ON,1,0,0.00,28.00,29.00,-3.12,146,146,0.00,0,0.00,30.98,15.69,0.25,0.00,0.00,0,0,0,0
4414,ON,1,0,0.00,28.00,29.00,-3.12,146,146,0.00,0,0.00,30.98,15.69,0.25,0.00,0.00,0,0,0,0
4519,ON,1,0,0.00,28.00,29.00,-3.12,146,146,0.00,0,0.00,30.98,15.69,0.25,0.00,0.00,0,0,0,0
4627,ON,1,0,0.00,28.00,29.00,-3.12,146,146,0.00,0,0.00,30.98,15.69,0.25,0.00,0.00,0,0,0,0
4732,ON,1,0,0.00,28.00,29.00,-3.12,146,146,0.00,0,0.00,30.98,15.69,0.25,0.00,0.00,0,0,0,0
4837,ON,1,0,0.00,28.00,29.00,-3.12,146,146,0.00,0,0.00,30.98,15.69,0.25,0.00,0.00,0,0,0,0
4942,ON,1,0,0.00,28.00,29.00,-3.12,146,146,0.00,0,0.00,30.98,15.69,0.25,0.00,0.00,0,0,0,0
5047,ON,1,0,0.00,28.00,29.00,-3.12,146,146,0.00,0,0.00,30.98,15.69,0.25,0.00,0.00,0,0,0,0
5152,ON,1,0,0.00,28.00,29.00,-3.12,146,146,0.00,0,0.00,30.98,15.69,0.25,0.00,0.00,0,0,0,0
5260,ON,1,0,0.00,28.00,29.00,-3.12,146,146,0.00,0,0.00,30.98,15.69,0.25,0.00,0.00,0,0,0,0
5365,ON,1,0,0.00,28.00,29.00,-3.12,146,146,0.00,0,0.00,30.98,15.69,0.25,0.00,0.00,0,0,0,0
5470,ON,1,0,0.00,28.00,29.00,-3.12,146,146,0.00,0,0.00,30.98,15.69,0.25,0.00,0.00,0,0,0,0
5575,ON,1,0,0.00,28.00,29.00,-3.12,146,146,0.00,0,0.00,30.98,15.69,0.25,0.00,0.00,0,0,0,0
5680,ON,1,0,0.00,28.00,29.00,-3.12,146,146,0.00,0,0.00,30.98,15.69,0.25,0.00,0.00,0,0,0,0
5785,ON,1,0,0.00,28.00,29.00,-3.12,146,146,0.00,0,0.00,30.98,15.69,0.25,0.00,0.00,0,0,0,0
5893,ON,1,0,0.00,28.00,29.00,-3.12,146,146,0.00,0,0.00,30.98,15.69,0.25,0.00,0.00,0,0,0,0
5998,ON,1,0,0.00,28.00,29.00,-3.12,146,146,0.00,0,0.00,30.98,15.69,0.25,0.00,0.00,0,0,0,0
6103,ON,1,0,0.00,28.00,29.00,-3.12,146,146,0.00,0,0.00,30.98,15.69,0.25,0.00,0.00,0,0,0,0
6208,ON,1,0,0.00,28.00,29.00,-3.12,146,146,0.00,0,0.00,30.98,15.69,0.25,0.00,0.00,0,0,0,0
6313,ON,1,0,0.00,28.00,29.00,-3.12,146,146,0.00,0,0.00,30.98,15.69,0.25,0.00,0.00,0,0,0,0
6418,ON,1,0,0.00,28.00,29.00,-3.12,146,146,0.00,0,0.00,30.98,15.69,0.25,0.00,0.00,0,0,0,0
6526,ON,1,0,0.00,28.00,29.00,-3.12,146,146,0.00,0,0.00,30.98,15.69,0.25,0.00,0.00,0,0,0,0
6631,ON,1,0,0.00,28.00,29.00,-3.12,146,146,0.00,0,0.00,30.98,15.69,0.25,0.00,0.00,0,0,0,0
6736,ON,1,0,0.00,28.00,29.00,-3.12,146,146,0.00,0,0.00,30.98,15.69,0.25,0.00,0.00,0,0,0,0
6841,ON,1,0,0.00,28.00,29.00,-3.12,146,146,0.00,0,0.00,30.98,15.69,0.25,0.00,0.00,0,0,0,0
6946,ON,1,0,0.00,28.00,29.00,-3.12,146,146,0.00,0,0.00,30.98,15.69,0.25,0.00,0.00,0,0,0,0
7051,ON,1,0,0.00,28.00,29.00,-3.12,146,146,0.00,0,0.00,30.98,15.69,0.25,0.00,0.00,0,0,0,0
7159,ON,1,0,0.00,28.00,29.00,-3.12,146,146,0.00,0,0.00,30.98,15.69,0.25,0.00,0.00,0,0,0,0
7264,ON,1,0,0.00,28.00,29.00,-3.12,146,146,0.00,0,0.00,30.98,15.69,0.25,0.00,0.00,0,0,0,0
7369,ON,1,0,0.00,28.00,29.00,-3.12,146,146,0.00,0,0.00,30.98,15.69,0.25,0.00,0.00,0,0,0,0
7474,ON,1,0,0.00,28.00,29.00,-3.12,146,146,0.00,0,0.00,30.98,15.69,0.25,0.00,0.00,0,0,0,0
7579,ON,1,0,0.00,28.00,29.00,-3.12,146,146,0.00,0,0.00,30.98,15.69,0.25,0.00,0.00,0,0,0,0
7684,ON,1,0,0.00,28.00,29.00,-3.12,146,146,0.00,0,0.00,30.98,15.69,0.25,0.00,0.00,0,0,0,0
7792,ON,1,0,0.00,28.00,29.00,-3.12,146,146,0.00,0,0.00,30.98,15.69,0.25,0.00,0.00,0,0,0,0
7897,ON,1,0,0.00,28.00,29.00,-3.12,146,146,0.00,0,0.00,30.98,15.69,0.25,0.00,0.00,0,0,0,0
8002,ON,1,0,0.00,28.00,29.00,-3.12,146,146,0.00,0,0.00,30.98,15.69,0.25,0.00,0.00,0,0,0,0
8107,ON,1,0,0.00,28.00,29.00,-3.12,146,146,0.00,0,0.00,30.98,15.69,0.25,0.00,0.00,0,0,0,0
8212,ON,1,0,0.00,28.00,29.00,-3.12,146,146,0.00,0,0.00,30.98,15.69,0.25,0.00,0.00,0,0,0,0
8317,ON,1,0,0.00,28.00,29.00,-3.12,146,146,0.00,0,0.00,30.98,15.69,0.25,0.00,0.00,0,0,0,0
8425,ON,1,0,0.00,28.00,29.00,-3.12,146,146,0.00,0,0.00,30.98,15.69,0.25,0.00,0.00,0,0,0,0
8530,ON,1,0,0.00,28.00,29.00,-3.12,146,146,0.00,0,0.00,30.98,15.69,0.25,0.00,0.00,0,0,0,0
8635,ON,1,0,0.00,28.00,29.00,-3.12,146,146,0.00,0,0.00,30.98,15.69,0.25,0.00,0.00,0,0,0,0
8740,ON,1,0,0.00,28.00,29.00,-3.12,146,146,0.00,0,0.00,30.98,15.69,0.25,0.00,0.00,0,0,0,0
8845,ON,1,0,0.00,28.00,29.00,-3.12,146,146,0.00,0,0.00,30.98,15.69,0.25,0.00,0.00,0,0,0,0
8950,ON,1,0,0.00,28.00,29.00,-3.12,146,146,0.00,0,0.00,30.98,15.69,0.25,0.00,0.00,0,0,0,0
9058,ON,1,0,0.00,28.00,29.00,-3.12,146,146,0.00,0,0.00,30.98,15.69,0.25,0.00,0.00,0,0,0,0
9163,ON,1,0,0.00,28.00,29.00,-3.12,146,146,0.00,0,0.00,30.98,15.69,0.25,0.00,0.00,0,0,0,0
9268,ON,1,0,0.00,28.00,29.00,-3.12,146,146,0.00,0,0.00,30.98,15.69,0.25,0.00,0.00,0,0,0,0
9373,ON,1,0,0.00,28.00,29.00,-3.12,146,146,0.00,0,0.00,30.98,15.69,0.25,0.00,0.00,0,0,0,0
9478,ON,1,0,0.00,28.00,29.00,-3.12,146,146,0.00,0,0.00,30.98,15.69,0.25,0.00,0.00,0,0,0,0
9583,ON,1,0,0.00,28.00,29.00,-3.12,146,146,0.00,0,0.00,30.98,15.69,0.25,0.00,0.00,0,0,0,0
9691,ON,1,0,0.00,28.00,29.00,-3.12,146,146,0.00,0,0.00,30.98,15.69,0.25,0.00,0.00,0,0,0,0
9796,ON,1,0,0.00,28.00,29.00,-3.12,146,146,0.00,0,0.00,30.98,15.69,0.25,0.00,0.00,0,0,0,0
9901,ON,1,0,0.00,28.00,29.00,-3.12,146,146,0.00,0,0.00,30.98,15.69,0.25,0.00,0.00,0,0,0,0
10006,ON,1,0,0.00,28.00,29.00,-3.12,146,146,0.00,0,0.00,30.98,15.69,0.25,0.00,0.00,0,0,0,0
10111,ON,1,0,0.00,28.00,29.00,-3.12,146,146,0.00,0,0.00,30.98,15.69,0.25,0.00,0.00,0,0,0,0
10216,ON,1,0,0.00,28.00,29.00,-3.12,146,146,0.00,0,0.00,30.98,15.69,0.25,0.00,0.00,0,0,0,0
10324,ON,1,0,0.00,28.00,29.00,-3.12,146,146,0.00,0,0.00,30.98,15.69,0.25,0.00,0.00,0,0,0,0
10429,ON,1,0,0.00,28.00,29.00,-3.12,146,146,0.00,0,0.00,30.98,15.69,0.25,0.00,0.00,0,0,0,0
10534,ON,1,0,0.00,28.00,29.00,-3.12,146,146,0.00,0,0.00,30.98,15.69,0.25,0.00,0.00,0,0,0,0
10638,ON,1,0,0.00,28.00,29.00,-3.12,146,146,0.00,0,0.00,30.98,15.69,0.25,0.00,0.00,0,0,0,0
10743,ON,1,0,0.00,28.00,29.00,-3.12,146,146,0.00,0,0.00,30.98,15.69,0.25,0.00,0.00,0,0,0,0
10847,ON,1,0,0.00,28.00,29.00,-3.12,146,146,0.00,0,0.00,30.98,15.69,0.25,0.00,0.00,0,0,0,0
10955,ON,1,0,0.00,28.00,29.00,-3.12,146,146,0.00,0,0.00,30.98,15.69,0.25,0.00,0.00,0,0,0,0
11059,ON,1,0,0.00,28.00,29.00,-3.12,146,146,0.00,0,0.00,30.98,15.69,0.25,0.00,0.00,0,0,0,0
11164,ON,1,0,0.00,28.00,29.00,-3.12,146,146,0.00,0,0.00,30.98,15.69,0.25,0.00,0.00,0,0,0,0
11269,ON,1,0,0.00,28.00,29.00,-3.12,146,146,0.00,0,0.00,30.98,15.69,0.25,0.00,0.00,0,0,0,0
11374,ON,1,0,0.00,28.00,29.00,-3.12,146,146,0.00,0,0.00,30.98,15.69,0.25,0.00,0.00,0,0,0,0
11479,ON,1,0,0.00,28.00,29.00,-3.12,146,146,0.00,0,0.00,30.98,15.69,0.25,0.00,0.00,0,0,0,0
11587,ON,1,0,0.00,28.00,29.00,-3.12,146,146,0.00,0,0.00,30.98,15.69,0.25,0.00,0.00,0,0,0,0
11692,ON,1,0,0.00,28.00,29.00,-3.12,146,146,0.00,0,0.00,30.98,15.69,0.25,0.00,0.00,0,0,0,0
11797,ON,1,0,0.00,28.00,29.00,-3.12,146,146,0.00,0,0.00,30.98,15.69,0.25,0.00,0.00,0,0,0,0
11902,ON,1,0,0.00,28.00,29.00,-3.12,146,146,0.00,0,0.00,30.98,15.69,0.25,0.00,0.00,0,0,0,0
12007,ON,1,0,0.00,28.00,29.00,-3.12,146,146,0.00,0,0.00,30.98,15.69,0.25,0.00,0.00,0,0,0,0
12112,ON,1,0,0.00,28.00,29.00,-3.12,146,146,0.00,0,0.00,30.98,15.69,0.25,0.00,0.00,0,0,0,0
12220,ON,1,0,0.00,28.00,29.00,-3.12,146,146,0.00,0,0.00,30.98,15.69,0.25,0.00,0.00,0,0,0,0
12325,ON,1,0,0.00,28.00,29.00,-3.12,146,146,0.00,0,0.00,30.98,15.69,0.25,0.00,0.00,0,0,0,0
12430,ON,1,0,0.00,28.00,29.00,-3.12,146,146,0.00,0,0.00,30.98,15.69,0.25,0.00,0.00,0,0,0,0
12535,ON,1,0,0.00,28.00,29.00,-3.12,146,146,0.00,0,0.00,30.98,15.69,0.25,0.00,0.00,0,0,0,0
12640,ON,1,0,0.00,28.00,29.00,-3.12,146,146,0.00,0,0.00,30.98,15.69,0.25,0.00,0.00,0,0,0,0
12745,ON,1,0,0.00,28.00,29.00,-3.12,146,146,0.00,0,0.00,30.98,15.69,0.25,0.00,0.00,0,0,0,0
12853,ON,1,0,0.00,28.00,29.00,-3.12,146,146,0.00,0,0.00,30.98,15.69,0.25,0.00,0.00,0,0,0,0
12958,ON,1,0,0.00,28.00,29.00,-3.12,146,146,0.00,0,0.00,30.98,15.69,0.25,0.00,0.00,0,0,0,0
13063,ON,1,0,0.00,28.00,29.00,-3.12,146,146,0.00,0,0.00,30.98,15.69,0.25,0.00,0.00,0,0,0,0
13168,ON,1,0,0.00,28.00,29.00,-3.12,146,146,0.00,0,0.00,30.98,15.69,0.25,0.00,0.00,0,0,0,0
13273,ON,1,0,0.00,28.00,29.00,-3.12,146,146,0.00,0,0.00,30.98,15.69,0.25,0.00,0.00,0,0,0,0
13378,ON,1,0,0.00,28.00,29.00,-3.12,146,146,0.00,0,0.00,30.98,15.69,0.25,0.00,0.00,0,0,0,0
13486,ON,1,0,0.00,28.00,29.00,-3.12,146,146,0.00,0,0.00,30.98,15.69,0.25,0.00,0.00,0,0,0,0
13591,ON,1,0,0.00,28.00,29.00,-3.12,146,146,0.00,0,0.00,30.98,15.69,0.25,0.00,0.00,0,0,0,0
13696,ON,1,0,0.00,28.00,29.00,-3.12,146,146,0.00,0,0.00,30.98,15.69,0.25,0.00,0.00,0,0,255,0
13801,ON,1,0,0.00,28.00,29.00,-3.12,146,146,0.00,0,0.00,30.98,15.69,0.25,0.00,0.00,0,0,255,0
13906,ON,1,0,0.00,28.00,29.00,-3.12,146,146,0.00,0,0.00,30.98,15.69,0.25,0.00,0.00,0,0,0,0
14011,ON,1,0,0.00,28.00,29.00,-3.12,146,146,0.00,0,0.00,30.98,15.69,0.25,0.00,0.00,0,0,0,0
14119,ON,1,0,0.00,28.00,29.00,-3.12,146,146,0.00,0,0.00,30.98,15.69,0.25,0.00,0.00,0,0,0,0
14224,ON,1,0,0.00,28.00,29.00,-3.12,146,146,0.00,0,0.00,30.98,15.69,0.25,0.00,0.00,0,0,0,0
14329,ON,1,0,0.00,28.00,29.00,-3.12,146,146,0.00,0,0.00,30.98,15.69,0.25,0.00,0.00,0,0,0,0
14434,ON,1,0,0.00,28.00,29.00,-3.12,146,146,0.00,0,0.00,30.98,15.69,0.25,0.00,0.00,0,0,0,0
14539,ON,1,0,0.00,28.00,29.00,-3.12,146,146,0.00,0,0.00,30.98,15.69,0.25,0.00,0.00,0,0,0,0
14644,ON,1,0,0.00,28.00,29.00,-3.12,146,146,0.00,0,0.00,30.98,15.69,0.25,0.00,0.00,0,0,0,0
14752,ON,1,0,0.00,28.00,29.00,-3.12,146,146,0.00,0,0.00,30.98,15.69,0.25,0.00,0.00,0,0,0,0
