1140,OFF,0,0,0.00,-40.00,-40.00,-100.00,0,0,0.00,0,-64.00,0.00,0.00,0.00,-100.00,0.00,0,0,2,0
1248,ON,1,0,0.00,28.00,29.00,-3.12,146,146,0.00,0,0.00,30.59,15.29,0.25,0.00,10.86,107,0,2,0
1356,ON,1,0,0.00,28.00,29.00,-3.12,146,146,0.00,0,0.00,30.59,15.29,0.25,0.00,10.86,107,0,2,0
1460,ON,1,0,0.00,28.00,29.00,-3.12,146,146,0.00,0,0.00,30.59,15.29,0.25,0.00,10.86,107,0,2,0
1565,ON,1,0,0.00,28.00,29.00,-3.12,146,146,0.00,0,0.00,30.59,15.29,0.25,0.00,10.86,107,0,2,0
1670,ON,1,0,0.00,28.00,29.00,-3.12,146,146,0.00,0,0.00,30.59,15.29,0.25,0.00,10.86,107,0,2,0
1775,ON,1,0,0.00,28.00,29.00,-3.12,146,146,0.00,0,0.00,30.59,15.29,0.25,0.00,10.86,107,0,2,0
1880,ON,1,0,0.00,28.00,29.00,-3.12,146,146,0.00,0,0.00,30.59,15.29,0.25,0.00,10.86,107,0,2,0
1988,ON,1,0,0.00,28.00,29.00,-3.12,146,146,0.00,0,0.00,30.59,15.29,0.25,0.00,10.86,107,0,2,0
2093,ON,1,0,0.00,28.00,29.00,-3.12,146,146,0.00,0,0.00,30.59,15.29,0.25,0.00,10.86,107,0,2,0
2198,ON,1,0,0.00,28.00,29.00,-3.12,146,146,0.00,0,0.00,30.59,15.29,0.25,0.00,10.86,107,0,0,0
2303,ON,1,0,0.00,28.00,29.00,-3.12,146,146,0.00,0,0.00,30.59,15.29,0.25,0.00,10.86,107,0,0,0
2408,ON,1,0,0.00,28.00,29.00,-3.12,146,146,0.00,0,0.00,30.59,15.29,0.25,0.00,10.86,107,0,0,0
2513,ON,1,0,0.00,28.00,29.00,-3.12,146,146,0.00,0,0.00,30.59,15.29,0.25,0.00,10.86,107,0,0,0
2621,ON,1,0,0.00,28.00,29.00,-3.12,146,146,0.00,0,0.00,30.59,15.29,0.25,0.00,10.86,107,0,0,0
2726,ON,1,0,0.00,28.00,29.00,-3.12,146,146,0.00,0,0.00,30.59,15.29,0.25,0.00,10.86,107,0,0,0
2831,ON,1,0,0.00,28.00,29.00,-3.12,146,146,0.00,0,0.00,30.59,15.29,0.25,0.00,10.86,107,0,0,0
2936,ON,1,0,0.00,28.00,29.00,-3.12,146,146,0.00,0,0.00,30.59,15.29,0.25,0.00,10.86,107,0,0,0
3041,ON,1,0,0.00,28.00,29.00,-3.12,146,146,0.00,0,0.00,30.59,15.29,0.25,0.00,10.86,107,0,0,0
3146,ON,1,0,0.00,28.00,29.00,-3.12,146,146,0.00,0,0.00,30.59,15.29,0.25,0.00,10.86,107,0,0,0
3254,ON,1,0,0.00,28.00,29.00,-3.12,146,146,0.00,0,0.00,30.59,15.29,0.25,0.00,10.86,107,0,0,0
3359,ON,1,0,0.00,28.00,29.00,-3.12,146,146,0.00,0,0.00,30.59,15.29,0.25,0.00,10.86,107,0,0,0
3464,ON,1,0,0.00,28.00,29.00,-3.12,146,146,0.00,0,0.00,30.98,15.69,0.25,0.00,2.89,74,0,0,0
3569,ON,1,0,0.00,28.00,29.00,-3.12,146,146,0.00,0,0.00,30.98,15.69,0.25,0.00,0.00,0,0,0,0
3679,ON,1,0,0.00,28.00,29.00,-3.12,146,146,0.00,0,0.00,30.98,15.69,0.25,0.00,0.00,0,0,0,0
3784,ON,1,0,0.00,28.00,29.00,-3.12,146,146,0.00,0,0.00,30.98,15.69,0.25,0.00,0.00,0,0,0,0
3892,ON,1,0,0.00,28.00,29.00,-3.12,146,146,0.00,0,0.00,30.98,15.69,0.25,0.00,0.00,0,0,0,0
3997,ON,1,0,0.00,28.00,29.00,-3.12,146,146,0.00,0,0.00,30.98,15.69,0.25,0.00,0.00,0,0,0,0
4102,ON,1,0,0.00,28.00,29.00,-3.12,146,146,0.00,0,0.00,30.98,15.69,0.25,0.00,0.00,0,0,0,0
4207,ON,1,0,0.00,28.00,29.00,-3.12,146,146,0.00,0,0.00,30.98,15.69,0.25,0.00,0.00,0,0,0,0
4312,ON,1,0,0.00,28.00,29.00,-3.12,146,146,0.00,0,0.00,30.98,15.69,0.25,0.00,0.00,0,0,0,0
4417,ON,1,0,0.00,28.00,29.00,-3.12,146,146,0.00,0,0.00,30.98,15.69,0.25,0.00,0.00,0,0,0,0
4525,ON,1,0,0.00,28.00,29.00,-3.12,146,146,0.00,0,0.00,30.98,15.69,0.25,0.00,0.00,0,0,0,0
4630,ON,1,0,0.00,28.00,29.00,-3.12,146,146,0.00,0,0.00,30.98,15.69,0.25,0.00,0.00,0,0,0,0
4735,ON,1,0,0.00,28.00,29.00,-3.12,146,146,0.00,0,0.00,30.98,15.69,0.25,0.00,0.00,0,0,0,0
4840,ON,1,0,0.00,28.00,29.00,-3.12,146,146,0.00,0,0.00,30.98,15.69,0.25,0.00,0.00,0,0,0,0
4945,ON,1,0,0.00,28.00,29.00,-3.12,146,146,0.00,0,0.00,30.98,15.69,0.25,0.00,0.00,0,0,0,0
5050,ON,1,0,0.00,28.00,29.00,-3.12,146,146,0.00,0,0.00,30.98,15.69,0.25,0.00,0.00,0,0,0,0
5158,ON,1,0,0.00,28.00,29.00,-3.12,146,146,0.00,0,0.00,30.98,15.69,0.25,0.00,0.00,0,0,0,0
5263,ON,1,0,0.00,28.00,29.00,-3.12,146,146,0.00,0,0.00,30.98,15.69,0.25,0.00,0.00,0,0,0,0
5368,ON,1,0,0.00,28.00,29.00,-3.12,146,146,0.00,0,0.00,30.98,15.69,0.25,0.00,0.00,0,0,0,0
5473,ON,1,0,0.00,28.00,29.00,-3.12,146,146,0.00,0,0.00,30.98,15.69,0.25,0.00,0.00,0,0,0,0
5578,ON,1,0,0.00,28.00,29.00,-3.12,146,146,0.00,0,0.00,30.98,15.69,0.25,0.00,0.00,0,0,0,0
5683,ON,1,0,0.00,28.00,29.00,-3.12,146,146,0.00,0,0.00,30.98,15.69,0.25,0.00,0.00,0,0,0,0
5791,ON,1,0,0.00,28.00,29.00,-3.12,146,146,0.00,0,0.00,30.98,15.69,0.25,0.00,0.00,0,0,0,0
5896,ON,1,0,0.00,28.00,29.00,-3.12,146,146,0.00,0,0.00,30.98,15.69,0.25,0.00,0.00,0,0,0,0
6001,ON,1,0,0.00,28.00,29.00,-3.12,146,146,0.00,0,0.00,30.98,15.69,0.25,0.00,0.00,0,0,0,0
6106,ON,1,0,0.00,28.00,29.00,-3.12,146,146,0.00,0,0.00,30.98,15.69,0.25,0.00,0.00,0,0,0,0
6211,ON,1,0,0.00,28.00,29.00,-3.12,146,146,0.00,0,0.00,30.98,15.69,0.25,0.00,0.00,0,0,0,0
6316,ON,1,0,0.00,28.00,29.00,-3.12,146,146,0.00,0,0.00,30.98,15.69,0.25,0.00,0.00,0,0,0,0
6424,ON,1,0,0.00,28.00,29.00,-3.12,146,146,0.00,0,0.00,30.98,15.69,0.25,0.00,0.00,0,0,0,0
6529,ON,1,0,0.00,28.00,29.00,-3.12,146,146,0.00,0,0.00,30.98,15.69,0.25,0.00,0.00,0,0,0,0
6634,ON,1,0,0.00,28.00,29.00,-3.12,146,146,0.00,0,0.00,30.98,15.69,0.25,0.00,0.00,0,0,0,0
6739,ON,1,0,0.00,28.00,29.00,-3.12,146,146,0.00,0,0.00,30.98,15.69,0.25,0.00,0.00,0,0,0,0
6844,ON,1,0,0.00,28.00,29.00,-3.12,146,146,0.00,0,0.00,30.98,15.69,0.25,0.00,0.00,0,0,0,0
6949,ON,1,0,0.00,28.00,29.00,-3.12,146,146,0.00,0,0.00,30.98,15.69,0.25,0.00,0.00,0,0,0,0
7057,ON,1,0,0.00,28.00,29.00,-3.12,146,146,0.00,0,0.00,30.98,15.69,0.25,0.00,0.00,0,0,0,0
7162,ON,1,0,0.00,28.00,29.00,-3.12,146,146,0.00,0,0.00,30.98,15.69,0.25,0.00,0.00,0,0,0,0
7267,ON,1,0,0.00,28.00,29.00,-3.12,146,146,0.00,0,0.00,30.98,15.69,0.25,0.00,0.00,0,0,0,0
7372,ON,1,0,0.00,28.00,29.00,-3.12,146,146,0.00,0,0.00,30.98,15.69,0.25,0.00,0.00,0,0,0,0
7477,ON,1,0,0.00,28.00,29.00,-3.12,146,146,0.00,0,0.00,30.98,15.69,0.25,0.00,0.00,0,0,0,0
7582,ON,1,0,0.00,28.00,29.00,-3.12,146,146,0.00,0,0.00,30.98,15.69,0.25,0.00,0.00,0,0,0,0
7690,ON,1,0,0.00,28.00,29.00,-3.12,146,146,0.00,0,0.00,30.98,15.69,0.25,0.00,0.00,0,0,0,0
7795,ON,1,0,0.00,28.00,29.00,-3.12,146,146,0.00,0,0.00,30.98,15.69,0.25,0.00,0.00,0,0,0,0
