1159,OFF,0,0,0.00,-40.00,-40.00,-100.00,0,0,0.00,0,-64.00,0.00,0.00,0.00,-100.00,0.00,0,0,0,0
1266,ON,1,0,0.00,28.00,29.00,-3.12,146,146,0.00,0,0.00,30.59,15.29,0.25,0.00,10.78,29,0,0,0
1371,ON,1,0,0.00,28.00,29.00,-3.12,146,146,0.00,0,0.00,30.59,15.29,0.25,0.00,10.78,29,0,0,0
1476,ON,1,0,0.00,28.00,29.00,-3.12,146,146,0.00,0,0.00,30.59,15.29,0.25,0.00,10.78,29,0,0,0
1584,ON,1,0,0.00,28.00,29.00,-3.12,146,146,0.00,0,0.00,30.59,15.29,0.25,0.00,10.78,29,0,0,0
1689,ON,1,0,0.00,28.00,29.00,-3.12,146,146,0.00,0,0.00,30.59,15.29,0.25,0.00,10.78,29,0,0,0
1794,ON,1,0,0.00,28.00,29.00,-3.12,146,146,0.00,0,0.00,30.59,15.29,0.25,0.00,10.78,29,0,0,0
1899,ON,1,0,0.00,28.00,29.00,-3.12,146,146,0.00,0,0.00,30.59,15.29,0.25,0.00,10.78,29,0,0,0
2004,ON,1,0,0.00,28.00,29.00,-3.12,146,146,0.00,0,0.00,30.59,15.29,0.25,0.00,10.78,29,0,0,0
2109,ON,1,0,0.00,28.00,29.00,-3.12,146,146,0.00,0,0.00,30.59,15.29,0.25,0.00,10.78,29,0,0,0
2217,ON,1,0,0.00,28.00,29.00,-3.12,146,146,0.00,0,0.00,30.59,15.29,0.25,0.00,10.78,29,0,0,0
2322,ON,1,0,0.00,28.00,29.00,-3.12,146,146,0.00,0,0.00,30.59,15.29,0.25,0.00,10.78,29,0,0,0
2427,ON,1,0,0.00,28.00,29.00,-3.12,146,146,0.00,0,0.00,30.59,15.29,0.25,0.00,10.78,29,0,0,0
2532,ON,1,0,0.00,28.00,29.00,-3.12,146,146,0.00,0,0.00,30.59,15.29,0.25,0.00,10.70,207,0,0,0
2637,ON,1,0,0.00,28.00,29.00,-3.12,146,146,0.00,0,0.00,30.59,15.29,0.25,0.00,10.70,207,0,0,0
2742,ON,1,0,0.00,28.00,29.00,-3.12,146,146,0.00,0,0.00,30.59,15.29,0.25,0.00,10.70,207,0,0,0
2850,ON,1,0,0.00,28.00,29.00,-3.12,146,146,0.00,0,0.00,30.59,15.29,0.25,0.00,10.70,207,0,0,0
2955,ON,1,0,0.00,28.00,29.00,-3.12,146,146,0.00,0,0.00,30.59,15.29,0.25,0.00,10.70,207,0,0,0
3060,ON,1,0,0.00,28.00,29.00,-3.12,146,146,0.00,0,0.00,30.59,15.29,0.25,0.00,10.70,207,0,0,0
3165,ON,1,0,0.00,28.00,29.00,-3.12,146,146,0.00,0,0.00,30.59,15.29,0.25,0.00,10.70,207,0,0,0
3270,ON,1,0,0.00,28.00,29.00,-3.12,146,146,0.00,0,0.00,30.59,15.29,0.25,0.00,10.70,207,0,0,0
3375,ON,1,0,0.00,28.00,29.00,-3.12,146,146,0.00,0,0.00,30.59,15.29,0.25,0.00,10.70,207,0,0,0
3483,ON,1,0,0.00,28.00,29.00,-3.12,146,146,0.00,0,0.00,30.98,15.69,0.25,0.00,1.48,204,0,0,0
3588,ON,1,0,0.00,28.00,29.00,-3.12,146,146,0.00,0,0.00,30.98,15.69,0.25,0.00,0.00,0,0,0,0
3693,ON,1,0,0.00,28.00,29.00,-3.12,146,146,0.00,0,0.00,30.98,15.69,0.25,0.00,0.00,0,0,0,0
3798,ON,1,0,0.00,28.00,29.00,-3.12,146,146,0.00,0,0.00,30.98,15.69,0.25,0.00,0.00,0,0,0,0
3903,ON,1,0,0.00,28.00,29.00,-3.12,146,146,0.00,0,0.00,30.98,15.69,0.25,0.00,0.00,0,0,255,0
4008,ON,1,0,0.00,28.00,29.00,-3.12,146,146,0.00,0,0.00,30.98,15.69,0.25,0.00,0.00,0,0,0,0
4116,ON,1,0,0.00,28.00,29.00,-3.12,146,146,0.00,0,0.00,30.98,15.69,0.25,0.00,0.00,0,0,0,0
4221,ON,1,0,0.00,28.00,29.00,-3.12,146,146,0.00,0,0.00,30.98,15.69,0.25,0.00,0.00,0,0,0,0
4326,ON,1,0,0.00,28.00,29.00,-3.12,146,146,0.00,0,0.00,30.98,15.69,0.25,0.00,0.00,0,0,255,0
4431,ON,1,0,0.00,28.00,29.00,-3.12,146,146,0.00,0,0.00,30.98,15.69,0.25,0.00,0.00,0,0,0,0
4536,ON,1,0,0.00,28.00,29.00,-3.12,146,146,0.00,0,0.00,30.98,15.69,0.25,0.00,0.00,0,0,0,0
4641,ON,1,0,0.00,28.00,29.00,-3.12,146,146,0.00,0,0.00,30.98,15.69,0.25,0.00,0.00,0,0,0,0
4749,ON,1,0,0.00,28.00,29.00,-3.12,146,146,0.00,0,0.00,30.98,15.69,0.25,0.00,0.00,0,0,255,0
4854,ON,1,0,0.00,28.00,29.00,-3.12,146,146,0.00,0,0.00,30.98,15.69,0.25,0.00,0.00,0,0,0,0
4959,ON,1,0,0.00,28.00,29.00,-3.12,146,146,0.00,0,0.00,30.98,15.69,0.25,0.00,0.00,0,0,0,0
5064,ON,1,0,0.00,28.00,29.00,-3.12,146,146,0.00,0,0.00,30.98,15.69,0.25,0.00,0.00,0,0,0,0
5169,ON,1,0,0.00,28.00,29.00,-3.12,146,146,0.00,0,0.00,30.98,15.69,0.25,0.00,0.00,0,0,0,0
5274,ON,1,0,0.00,28.00,29.00,-3.12,146,146,0.00,0,0.00,30.98,15.69,0.25,0.00,0.00,0,0,0,0
5382,ON,1,0,0.00,28.00,29.00,-3.12,146,146,0.00,0,0.00,30.98,15.69,0.25,0.00,0.00,0,0,0,0
5487,ON,1,0,0.00,28.00,29.00,-3.12,146,146,0.00,0,0.00,30.98,15.69,0.25,0.00,0.00,0,0,0,0
5592,ON,1,0,0.00,28.00,29.00,-3.12,146,146,0.00,0,0.00,30.98,15.69,0.25,0.00,0.00,0,0,0,0
5697,ON,1,0,0.00,28.00,29.00,-3.12,146,146,0.00,0,0.00,30.98,15.69,0.25,0.00,0.00,0,0,0,0
5802,ON,1,0,0.00,28.00,29.00,-3.12,146,146,0.00,0,0.00,30.98,15.69,0.25,0.00,0.00,0,0,0,0
5907,ON,1,0,0.00,28.00,29.00,-3.12,146,146,0.00,0,0.00,30.98,15.69,0.25,0.00,0.00,0,0,0,0
6015,ON,1,0,0.00,28.00,29.00,-3.12,146,146,0.00,0,0.00,30.98,15.69,0.25,0.00,0.00,0,0,0,0
6120,ON,1,0,0.00,28.00,29.00,-3.12,146,146,0.00,0,0.00,30.98,15.69,0.25,0.00,0.00,0,0,0,0
6225,ON,1,0,0.00,28.00,29.00,-3.12,146,146,0.00,0,0.00,30.98,15.69,0.25,0.00,0.00,0,0,0,0
6330,ON,1,0,0.00,28.00,29.00,-3.12,146,146,0.00,0,0.00,30.98,15.69,0.25,0.00,0.00,0,0,0,0
6435,ON,1,0,0.00,28.00,29.00,-3.12,146,146,0.00,0,0.00,30.98,15.69,0.25,0.00,0.00,0,0,0,0
6540,ON,1,0,0.00,28.00,29.00,-3.12,146,146,0.00,0,0.00,30.98,15.69,0.25,0.00,0.00,0,0,0,0
6648,ON,1,0,0.00,28.00,29.00,-3.12,146,146,0.00,0,0.00,30.98,15.69,0.25,0.00,0.00,0,0,0,0
6753,ON,1,0,0.00,28.00,29.00,-3.12,146,146,0.00,0,0.00,30.98,15.69,0.25,0.00,0.00,0,0,0,0
6858,ON,1,0,0.00,28.00,29.00,-3.12,146,146,0.00,0,0.00,30.98,15.69,0.25,0.00,0.00,0,0,0,0
6963,ON,1,0,0.00,28.00,29.00,-3.12,146,146,0.00,0,0.00,30.98,15.69,0.25,0.00,0.00,0,0,0,0
7068,ON,1,0,0.00,28.00,29.00,-3.12,146,146,0.00,0,0.00,30.98,15.69,0.25,0.00,0.00,0,0,0,0
7173,ON,1,0,0.00,28.00,29.00,-3.12,146,146,0.00,0,0.00,30.98,15.69,0.25,0.00,0.00,0,0,0,0
7281,ON,1,0,0.00,28.00,29.00,-3.12,146,146,0.00,0,0.00,30.98,15.69,0.25,0.00,0.00,0,0,0,0
7386,ON,1,0,0.00,28.00,29.00,-3.12,146,146,0.00,0,0.00,30.98,15.69,0.25,0.00,0.00,0,0,0,0
7491,ON,1,0,0.00,28.00,29.00,-3.12,146,146,0.00,0,0.00,30.98,15.69,0.25,0.00,0.00,0,0,0,0
7596,ON,1,0,0.00,28.00,29.00,-3.12,146,146,0.00,0,0.00,30.98,15.69,0.25,0.00,0.00,0,0,0,0
7701,ON,1,0,0.00,28.00,29.00,-3.12,146,146,0.00,0,0.00,30.98,15.69,0.25,0.00,0.00,0,0,0,0
7806,ON,1,0,0.00,28.00,29.00,-3.12,146,146,0.00,0,0.00,30.98,15.69,0.25,0.00,0.00,0,0,0,0
7914,ON,1,0,0.00,28.00,29.00,-3.12,146,146,0.00,0,0.00,30.98,15.69,0.25,0.00,0.00,0,0,0,0
8019,ON,1,0,0.00,28.00,29.00,-3.12,146,146,0.00,0,0.00,30.98,15.69,0.25,0.00,0.00,0,0,0,0
8124,ON,1,0,0.00,28.00,29.00,-3.12,146,146,0.00,0,0.00,30.98,15.69,0.25,0.00,0.00,0,0,0,0
8229,ON,1,0,0.00,28.00,29.00,-3.12,146,146,0.00,0,0.00,30.98,15.69,0.25,0.00,0.00,0,0,0,0
8334,ON,1,0,0.00,28.00,29.00,-3.12,146,146,0.00,0,0.00,30.98,15.69,0.25,0.00,0.00,0,0,0,0
8439,ON,1,0,0.00,28.00,29.00,-3.12,146,146,0.00,0,0.00,30.98,15.69,0.25,0.00,0.00,0,0,0,0
8547,ON,1,0,0.00,28.00,29.00,-3.12,146,146,0.00,0,0.00,30.98,15.69,0.25,0.00,0.00,0,0,0,0
8652,ON,1,0,0.00,28.00,29.00,-3.12,146,146,0.00,0,0.00,30.98,15.69,0.25,0.00,0.00,0,0,0,0
8757,ON,1,0,0.00,28.00,29.00,-3.12,146,146,0.00,0,0.00,30.98,15.69,0.25,0.00,0.00,0,0,0,0
8862,ON,1,0,0.00,28.00,29.00,-3.12,146,146,0.00,0,0.00,30.98,15.69,0.25,0.00,0.00,0,0,0,0
8967,ON,1,0,0.00,28.00,29.00,-3.12,146,146,0.00,0,0.00,30.98,15.69,0.25,0.00,0.00,0,0,0,0
9072,ON,1,0,0.00,28.00,29.00,-3.12,146,146,0.00,0,0.00,30.98,15.69,0.25,0.00,0.00,0,0,0,0
9180,ON,1,0,0.00,28.00,29.00,-3.12,146,146,0.00,0,0.00,30.98,15.69,0.25,0.00,0.00,0,0,0,0
9285,ON,1,0,0.00,28.00,29.00,-3.12,146,146,0.00,0,0.00,30.98,15.69,0.25,0.00,0.00,0,0,0,0
9390,ON,1,0,0.00,28.00,29.00,-3.12,146,146,0.00,0,0.00,30.98,15.69,0.25,0.00,0.00,0,0,0,0
9495,ON,1,0,0.00,28.00,29.00,-3.12,146,146,0.00,0,0.00,30.98,15.69,0.25,0.00,0.00,0,0,0,0
9600,ON,1,0,0.00,28.00,29.00,-3.12,146,146,0.00,0,0.00,30.98,15.69,0.25,0.00,0.00,0,0,0,0
9705,ON,1,0,0.00,28.00,29.00,-3.12,146,146,0.00,0,0.00,30.98,15.69,0.25,0.00,0.00,0,0,0,0
9813,ON,1,0,0.00,28.00,29.00,-3.12,146,146,0.00,0,0.00,30.98,15.69,0.25,0.00,0.00,0,0,0,0
9918,ON,1,0,0.00,28.00,29.00,-3.12,146,146,0.00,0,0.00,30.98,15.69,0.25,0.00,0.00,0,0,0,0
10023,ON,1,0,0.00,28.00,29.00,-3.12,146,146,0.00,0,0.00,30.98,15.69,0.25,0.00,0.00,0,0,0,0
10128,ON,1,0,0.00,28.00,29.00,-3.12,146,146,0.00,0,0.00,30.98,15.69,0.25,0.00,0.00,0,0,0,0
10233,ON,1,0,0.00,28.00,29.00,-3.12,146,146,0.00,0,0.00,30.98,15.69,0.25,0.00,0.00,0,0,0,0
10338,ON,1,0,0.00,28.00,29.00,-3.12,146,146,0.00,0,0.00,30.98,15.69,0.25,0.00,0.00,0,0,0,0
10446,ON,1,0,0.00,28.00,29.00,-3.12,146,146,0.00,0,0.00,30.98,15.69,0.25,0.00,0.00,0,0,0,0
