1109,OFF,0,0,0.00,-40.00,-40.00,-100.00,0,0,0.00,0,-64.00,0.00,0.00,0.00,-100.00,0.00,0,0,0,0
1217,ON,1,0,0.00,28.00,29.00,-3.12,146,146,0.00,0,0.00,30.59,15.29,0.25,0.00,10.86,107,0,0,0
1325,ON,1,0,0.00,28.00,29.00,-3.12,146,146,0.00,0,0.00,30.59,15.29,0.25,0.00,10.78,29,0,0,0
1429,ON,1,0,0.00,28.00,29.00,-3.12,146,146,0.00,0,0.00,30.59,15.29,0.25,0.00,10.78,29,0,0,0
1533,ON,1,0,0.00,28.00,29.00,-3.12,146,146,0.00,0,0.00,30.59,15.29,0.25,0.00,10.78,29,0,0,0
1637,ON,1,0,0.00,28.00,29.00,-3.12,146,146,0.00,0,0.00,30.59,15.29,0.25,0.00,10.78,29,0,0,0
1742,ON,1,0,0.00,28.00,29.00,-3.12,146,146,0.00,0,0.00,30.59,15.29,0.25,0.00,10.78,29,0,0,0
1847,ON,1,0,0.00,28.00,29.00,-3.12,146,146,0.00,0,0.00,30.59,15.29,0.25,0.00,10.86,107,0,0,0
1955,ON,1,0,0.00,28.00,29.00,-3.12,146,146,0.00,0,0.00,30.59,15.29,0.25,0.00,10.78,29,0,0,0
2060,ON,1,0,0.00,28.00,29.00,-3.12,146,146,0.00,0,0.00,30.59,15.29,0.25,0.00,10.78,29,0,0,0
2165,ON,1,0,0.00,28.00,29.00,-3.12,146,146,0.00,0,0.00,30.59,15.29,0.25,0.00,10.86,107,0,0,0
2270,ON,1,0,0.00,28.00,29.00,-3.12,146,146,0.00,0,0.00,30.59,15.29,0.25,0.00,10.78,29,0,0,0
2375,ON,1,0,0.00,28.00,29.00,-3.12,146,146,0.00,0,0.00,30.59,15.29,0.25,0.00,10.78,29,0,0,0
2480,ON,1,0,0.00,28.00,29.00,-3.12,146,146,0.00,0,0.00,30.59,15.29,0.25,0.00,10.78,29,0,0,0
2588,ON,1,0,0.00,28.00,29.00,-3.12,146,146,0.00,0,0.00,30.59,15.29,0.25,0.00,10.78,29,0,0,0
2693,ON,1,0,0.00,28.00,29.00,-3.12,146,146,0.00,0,0.00,30.59,15.29,0.25,0.00,10.78,29,0,0,0
2798,ON,1,0,0.00,28.00,29.00,-3.12,146,146,0.00,0,0.00,30.59,15.29,0.25,0.00,10.78,29,0,0,0
2903,ON,1,0,0.00,28.00,29.00,-3.12,146,146,0.00,0,0.00,30.59,15.29,0.25,0.00,10.78,29,0,0,0
3008,ON,1,0,0.00,28.00,29.00,-3.12,146,146,0.00,0,0.00,30.59,15.29,0.25,0.00,10.78,29,0,0,0
3113,ON,1,0,0.00,28.00,29.00,-3.12,146,146,0.00,0,0.00,30.59,15.29,0.25,0.00,10.86,107,0,0,0
3221,ON,1,0,0.00,28.00,29.00,-3.12,146,146,0.00,0,0.00,30.59,15.29,0.25,0.00,10.78,29,0,0,0
3326,ON,1,0,0.00,28.00,29.00,-3.12,146,146,0.00,0,0.00,30.59,15.29,0.25,0.00,10.78,29,0,0,0
3431,ON,1,0,0.00,28.00,29.00,-3.12,146,146,0.00,0,0.00,30.59,15.69,0.25,0.00,10.78,29,0,0,0
3536,ON,1,0,0.00,28.00,29.00,-3.12,146,146,0.00,0,0.00,30.98,15.69,0.25,0.00,0.08,78,0,0,0
3641,ON,1,0,0.00,28.00,29.00,-3.12,146,146,0.00,0,0.00,30.98,15.69,0.25,0.00,0.00,0,0,0,0
3746,ON,1,0,0.00,28.00,29.00,-3.12,146,146,0.00,0,0.00,30.98,15.69,0.25,0.00,0.00,0,0,0,0
3854,ON,1,0,0.00,28.00,29.00,-3.12,146,146,0.00,0,0.00,30.98,15.69,0.25,0.00,0.00,0,0,0,0
3959,ON,1,0,0.00,28.00,29.00,-3.12,146,146,0.00,0,0.00,30.98,15.69,0.25,0.00,0.00,0,0,0,0
4064,ON,1,0,0.00,28.00,29.00,-3.12,146,146,0.00,0,0.00,30.98,15.69,0.25,0.00,0.00,0,0,0,0
4169,ON,1,0,0.00,28.00,29.00,-3.12,146,146,0.00,0,0.00,30.98,15.69,0.25,0.00,0.00,0,0,0,0
4274,ON,1,0,0.00,28.00,29.00,-3.12,146,146,0.00,0,0.00,30.98,15.69,0.25,0.00,0.00,0,0,0,0
4379,ON,1,0,0.00,28.00,29.00,-3.12,146,146,0.00,0,0.00,30.98,15.69,0.25,0.00,0.00,0,0,0,0
4487,ON,1,0,0.00,28.00,29.00,-3.12,146,146,0.00,0,0.00,30.98,15.69,0.25,0.00,0.00,0,0,0,0
4592,ON,1,0,0.00,28.00,29.00,-3.12,146,146,0.00,0,0.00,30.98,15.69,0.25,0.00,0.00,0,0,0,0
4697,ON,1,0,0.00,28.00,29.00,-3.12,146,146,0.00,0,0.00,30.98,15.69,0.25,0.00,0.00,0,0,0,0
4802,ON,1,0,0.00,28.00,29.00,-3.12,146,146,0.00,0,0.00,30.98,15.69,0.25,0.00,0.00,0,0,0,0
4907,ON,1,0,0.00,28.00,29.00,-3.12,146,146,0.00,0,0.00,30.98,15.69,0.25,0.00,0.00,0,0,0,0
5012,ON,1,0,0.00,28.00,29.00,-3.12,146,146,0.00,0,0.00,30.98,15.69,0.25,0.00,0.00,0,0,0,0
5120,ON,1,0,0.00,28.00,29.00,-3.12,146,146,0.00,0,0.00,30.98,15.69,0.25,0.00,0.00,0,0,0,0
5225,ON,1,0,0.00,28.00,29.00,-3.12,146,146,0.00,0,0.00,30.98,15.69,0.25,0.00,0.00,0,0,0,0
5330,ON,1,0,0.00,28.00,29.00,-3.12,146,146,0.00,0,0.00,30.98,15.69,0.25,0.00,0.00,0,0,0,0
5435,ON,1,0,0.00,28.00,29.00,-3.12,146,146,0.00,0,0.00,30.98,15.69,0.25,0.00,0.00,0,0,0,0
5540,ON,1,0,0.00,28.00,29.00,-3.12,146,146,0.00,0,0.00,30.98,15.69,0.25,0.00,0.00,0,0,0,0
5645,ON,1,0,0.00,28.00,29.00,-3.12,146,146,0.00,0,0.00,30.98,15.69,0.25,0.00,0.00,0,0,0,0
5753,ON,1,0,0.00,28.00,29.00,-3.12,146,146,0.00,0,0.00,30.98,15.69,0.25,0.00,0.00,0,0,0,0
5858,ON,1,0,0.00,28.00,29.00,-3.12,146,146,0.00,0,0.00,30.98,15.69,0.25,0.00,0.00,0,0,0,0
5963,ON,1,0,0.00,28.00,29.00,-3.12,146,146,0.00,0,0.00,30.98,15.69,0.25,0.00,0.00,0,0,0,0
6068,ON,1,0,0.00,28.00,29.00,-3.12,146,146,0.00,0,0.00,30.98,15.69,0.25,0.00,0.00,0,0,0,0
6173,ON,1,0,0.00,28.00,29.00,-3.12,146,146,0.00,0,0.00,30.98,15.69,0.25,0.00,0.00,0,0,0,0
6278,ON,1,0,0.00,28.00,29.00,-3.12,146,146,0.00,0,0.00,30.98,15.69,0.25,0.00,0.00,0,0,0,0
6386,ON,1,0,0.00,28.00,29.00,-3.12,146,146,0.00,0,0.00,30.98,15.69,0.25,0.00,0.00,0,0,0,0
6491,ON,1,0,0.00,28.00,29.00,-3.12,146,146,0.00,0,0.00,30.98,15.69,0.25,0.00,0.00,0,0,0,0
6596,ON,1,0,0.00,28.00,29.00,-3.12,146,146,0.00,0,0.00,30.98,15.69,0.25,0.00,0.00,0,0,0,0
6701,ON,1,0,0.00,28.00,29.00,-3.12,146,146,0.00,0,0.00,30.98,15.69,0.25,0.00,0.00,0,0,0,0
6806,ON,1,0,0.00,28.00,29.00,-3.12,146,146,0.00,1,0.00,30.98,15.69,0.25,0.00,0.00,0,0,0,0
6911,ON,1,0,0.00,28.00,29.00,-3.12,146,146,0.00,1,0.00,30.98,15.69,0.25,0.00,0.00,0,0,0,0
7019,ON,1,0,0.00,28.00,29.00,-3.12,146,146,0.00,1,0.00,30.98,15.69,0.25,0.00,0.00,0,0,0,0
7124,ON,1,0,0.00,28.00,29.00,-3.12,146,146,0.00,1,0.00,30.98,15.69,0.25,0.00,0.00,0,0,0,0
7229,ON,1,0,0.00,28.00,29.00,-3.12,146,146,0.00,1,0.00,30.98,15.69,0.25,0.00,0.00,0,0,0,0
7334,ON,1,0,0.00,28.00,29.00,-3.12,146,146,0.00,1,0.00,30.98,15.69,0.25,0.00,0.00,0,0,0,0
7439,ON,1,0,0.00,28.00,29.00,-3.12,146,146,0.00,1,0.00,30.98,15.69,0.25,0.00,0.00,0,0,0,0
7544,ON,1,0,0.00,28.00,29.00,-3.12,146,146,0.00,1,0.00,30.98,15.69,0.25,0.00,0.00,0,0,0,0
7652,ON,1,0,0.00,28.00,29.00,-3.12,146,146,0.00,1,0.00,30.98,15.69,0.25,0.00,0.00,0,0,0,0
7757,ON,1,0,0.00,28.00,29.00,-3.12,146,146,0.00,1,0.00,30.98,15.69,0.25,0.00,0.00,0,0,0,0
7862,ON,1,0,0.00,28.00,29.00,-3.12,146,146,0.00,1,0.00,30.98,15.69,0.25,0.00,0.00,0,0,0,0
7967,ON,1,0,0.00,28.00,29.00,-3.12,146,146,0.00,1,0.00,30.98,15.69,0.25,0.00,0.00,0,0,0,0
8072,ON,1,0,0.00,28.00,29.00,-3.12,146,146,0.00,1,0.00,30.98,15.69,0.25,0.00,0.00,0,0,0,0
8177,ON,1,0,0.00,28.00,29.00,-3.12,146,146,0.00,1,0.00,30.98,15.69,0.25,0.00,0.00,0,0,0,0
8285,ON,1,0,0.00,28.00,29.00,-3.12,146,146,0.00,1,0.00,30.98,15.69,0.25,0.00,0.00,0,0,0,0
8390,ON,1,0,0.00,28.00,29.00,-3.12,146,146,0.00,1,0.00,30.98,15.69,0.25,0.00,0.00,0,0,0,0
8495,ON,1,0,0.00,28.00,29.00,-3.12,146,146,0.00,1,0.00,30.98,15.69,0.25,0.00,0.00,0,0,0,0
8600,ON,1,0,0.00,28.00,29.00,-3.12,146,146,0.00,1,0.00,30.98,15.69,0.25,0.00,0.00,0,0,0,0
8705,ON,1,0,0.00,28.00,29.00,-3.12,146,146,0.00,1,0.00,30.98,15.69,0.25,0.00,0.00,0,0,0,0
8810,ON,1,0,0.00,28.00,29.00,-3.12,146,146,0.00,1,0.00,30.98,15.69,0.25,0.00,0.00,0,0,0,0
8918,ON,1,0,0.00,28.00,29.00,-3.12,146,146,0.00,1,0.00,30.98,15.69,0.25,0.00,0.00,0,0,0,0
9023,ON,1,0,0.00,28.00,29.00,-3.12,146,146,0.00,1,0.00,30.98,15.69,0.25,0.00,0.00,0,0,0,0
9128,ON,1,0,0.00,28.00,29.00,-3.12,146,146,0.00,1,0.00,30.98,15.69,0.25,0.00,0.00,0,0,0,0
9233,ON,1,0,0.00,28.00,29.00,-3.12,146,146,0.00,1,0.00,30.98,15.69,0.25,0.00,0.00,0,0,0,0
9338,ON,1,0,0.00,28.00,29.00,-3.12,146,146,0.00,1,0.00,30.98,15.69,0.25,0.00,0.00,0,0,0,0
9443,ON,1,0,0.00,28.00,29.00,-3.12,146,146,0.00,1,0.00,30.98,15.69,0.25,0.00,0.00,0,0,0,0
9551,ON,1,0,0.00,28.00,29.00,-3.12,146,146,0.00,1,0.00,30.98,15.69,0.25,0.00,0.00,0,0,0,0
9656,ON,1,0,0.00,28.00,29.00,-3.12,146,146,0.00,1,0.00,30.98,15.69,0.25,0.00,0.00,0,0,0,0
9761,ON,1,0,0.00,28.00,29.00,-3.12,146,146,0.00,1,0.00,30.98,15.69,0.25,0.00,0.00,0,0,0,0
9866,ON,1,0,0.00,28.00,29.00,-3.12,146,146,0.00,1,0.00,30.98,15.69,0.25,0.00,0.00,0,0,0,0
9971,ON,1,0,0.00,28.00,29.00,-3.12,146,146,0.00,1,0.00,30.98,15.69,0.25,0.00,0.00,0,0,0,0
10076,ON,1,0,0.00,28.00,29.00,-3.12,146,146,0.00,1,0.00,30.98,15.69,0.25,0.00,0.00,0,0,0,0
10184,ON,1,0,0.00,28.00,29.00,-3.12,146,146,0.00,1,0.00,30.98,15.69,0.25,0.00,0.00,0,0,0,0
10289,ON,1,0,0.00,28.00,29.00,-3.12,146,146,0.00,1,0.00,30.98,15.69,0.25,0.00,0.00,0,0,0,0
10394,ON,1,0,0.00,28.00,29.00,-3.12,146,146,0.00,1,0.00,30.98,15.69,0.25,0.00,0.00,0,0,0,0
10499,ON,1,0,0.00,28.00,29.00,-3.12,146,146,0.00,1,0.00,30.98,15.69,0.25,0.00,0.00,0,0,0,0
10603,ON,1,0,0.00,28.00,29.00,-3.12,146,146,0.00,1,0.00,30.98,15.69,0.25,0.00,0.00,0,0,0,0
10708,ON,1,0,0.00,28.00,29.00,-3.12,146,146,0.00,1,0.00,30.98,15.69,0.25,0.00,0.00,0,0,0,0
10816,ON,1,0,0.00,28.00,29.00,-3.12,146,146,0.00,1,0.00,30.98,15.69,0.25,0.00,0.00,0,0,0,0
10921,ON,1,0,0.00,28.00,29.00,-3.12,146,146,0.00,1,0.00,30.98,15.69,0.25,0.00,0.00,0,0,0,0
11026,ON,1,0,0.00,28.00,29.00,-3.12,146,146,0.00,1,0.00,30.98,15.69,0.25,0.00,0.00,0,0,0,0
11131,ON,1,0,0.00,28.00,29.00,-3.12,146,146,0.00,1,0.00,30.98,15.69,0.25,0.00,0.00,0,0,0,0
11236,ON,1,0,0.00,28.00,29.00,-3.12,146,146,0.00,1,0.00,30.98,15.69,0.25,0.00,0.00,0,0,0,0
11341,ON,1,0,0.00,28.00,29.00,-3.12,146,146,0.00,1,0.00,30.98,15.69,0.25,0.00,0.00,0,0,0,0
11449,ON,1,0,0.00,28.00,29.00,-3.12,146,146,0.00,1,0.00,30.98,15.69,0.25,0.00,0.00,0,0,0,0
11554,ON,1,0,0.00,28.00,29.00,-3.12,146,146,0.00,1,0.00,30.98,15.69,0.25,0.00,0.00,0,0,0,0
11659,ON,1,0,0.00,28.00,29.00,-3.12,146,146,0.00,1,0.00,30.98,15.69,0.25,0.00,0.00,0,0,0,0
11764,ON,1,0,0.00,28.00,29.00,-3.12,146,146,0.00,1,0.00,30.98,15.69,0.25,0.00,0.00,0,0,0,0
11869,ON,1,0,0.00,28.00,29.00,-3.12,146,146,0.00,1,0.00,30.98,15.69,0.25,0.00,0.00,0,0,0,0
11974,ON,1,0,0.00,28.00,29.00,-3.12,146,146,0.00,1,0.00,30.98,15.69,0.25,0.00,0.00,0,0,0,0
12082,ON,1,0,0.00,28.00,29.00,-3.12,146,146,0.00,1,0.00,30.98,15.69,0.25,0.00,0.00,0,0,0,0
12187,ON,1,0,0.00,28.00,29.00,-3.12,146,146,0.00,1,0.00,30.98,15.69,0.25,0.00,0.00,0,0,0,0
12292,ON,1,0,0.00,28.00,29.00,-3.12,146,146,0.00,1,0.00,30.98,15.69,0.25,0.00,0.00,0,0,0,0
12397,ON,1,0,0.00,28.00,29.00,-3.12,146,146,0.00,1,0.00,30.98,15.69,0.25,0.00,0.00,0,0,0,0
12502,ON,1,0,0.00,28.00,29.00,-3.12,146,146,0.00,1,0.00,30.98,15.69,0.25,0.00,0.00,0,0,0,0
12607,ON,1,0,0.00,28.00,29.00,-3.12,146,146,0.00,1,0.00,30.98,15.69,0.25,0.00,0.00,0,0,0,0
12715,ON,1,0,0.00,28.00,29.00,-3.12,146,146,0.00,1,0.00,30.98,15.69,0.25,0.00,0.00,0,0,0,0
12820,ON,1,0,0.00,28.00,29.00,-3.12,146,146,0.00,1,0.00,30.98,15.69,0.25,0.00,0.00,0,0,0,0
12925,ON,1,0,0.00,28.00,29.00,-3.12,146,146,0.00,1,0.00,30.98,15.69,0.25,0.00,0.00,0,0,0,0
13030,ON,1,0,0.00,28.00,29.00,-3.12,146,146,0.00,1,0.00,30.98,15.69,0.25,0.00,0.00,0,0,0,0
