1125,OFF,0,0,0.00,-40.00,-40.00,-100.00,0,0,0.00,0,-64.00,0.00,0.00,0.00,-100.00,0.00,0,0,0,0
1236,OFF,0,0,0.00,-40.00,-40.00,-100.00,0,0,0.00,0,-64.00,0.00,0.00,0.00,-100.00,0.00,0,0,0,0
1341,OFF,0,0,0.00,-40.00,-40.00,-100.00,0,0,0.00,0,-64.00,0.00,0.00,0.00,-100.00,0.00,0,0,0,0
1446,OFF,0,0,0.00,-40.00,-40.00,-100.00,0,0,0.00,0,-64.00,0.00,0.00,0.00,-100.00,0.00,0,0,0,0
1551,OFF,0,0,0.00,-40.00,-40.00,-100.00,0,0,0.00,0,-64.00,0.00,0.00,0.00,-100.00,0.00,0,0,0,0
1656,OFF,0,0,0.00,-40.00,-40.00,-100.00,0,0,0.00,0,-64.00,0.00,0.00,0.00,-100.00,0.00,0,0,0,0
1764,OFF,0,0,0.00,-40.00,-40.00,-100.00,0,0,0.00,0,-64.00,0.00,0.00,0.00,-100.00,0.00,0,0,0,0
1869,OFF,0,0,0.00,-40.00,-40.00,-100.00,0,0,0.00,0,-64.00,0.00,0.00,0.00,-100.00,0.00,0,0,0,0
1974,OFF,0,0,0.00,-40.00,-40.00,-100.00,0,0,0.00,0,-64.00,0.00,0.00,0.00,-100.00,0.00,0,0,0,0
2079,OFF,0,0,0.00,-40.00,-40.00,-100.00,0,0,0.00,0,-64.00,0.00,0.00,0.00,-100.00,0.00,0,0,0,0
2184,OFF,0,0,0.00,-40.00,-40.00,-100.00,0,0,0.00,0,-64.00,0.00,0.00,0.00,-100.00,0.00,0,0,0,0
2289,OFF,0,0,0.00,-40.00,-40.00,-100.00,0,0,0.00,0,-64.00,0.00,0.00,0.00,-100.00,0.00,0,0,0,0
2397,OFF,0,0,0.00,-40.00,-40.00,-100.00,0,0,0.00,0,-64.00,0.00,0.00,0.00,-100.00,0.00,0,0,0,0
2502,OFF,0,0,0.00,-40.00,-40.00,-100.00,0,0,0.00,0,-64.00,0.00,0.00,0.00,-100.00,0.00,0,0,0,0
2607,OFF,0,0,0.00,-40.00,-40.00,-100.00,0,0,0.00,0,-64.00,0.00,0.00,0.00,-100.00,0.00,0,0,0,0
2712,OFF,0,0,0.00,-40.00,-40.00,-100.00,0,0,0.00,0,-64.00,0.00,0.00,0.00,-100.00,0.00,0,0,0,0
2817,OFF,0,0,0.00,-40.00,-40.00,-100.00,0,0,0.00,0,-64.00,0.00,0.00,0.00,-100.00,0.00,0,0,0,0
2922,OFF,0,0,0.00,-40.00,-40.00,-100.00,0,0,0.00,0,-64.00,0.00,0.00,0.00,-100.00,0.00,0,0,0,0
3030,OFF,0,0,0.00,-40.00,-40.00,-100.00,0,0,0.00,0,-64.00,0.00,0.00,0.00,-100.00,0.00,0,0,0,0
3135,OFF,0,0,0.00,-40.00,-40.00,-100.00,0,0,0.00,0,-64.00,0.00,0.00,0.00,-100.00,0.00,0,0,0,0
3240,OFF,0,0,0.00,-40.00,-40.00,-100.00,0,0,0.00,0,-64.00,0.00,0.00,0.00,-100.00,0.00,0,0,0,0
3345,OFF,0,0,0.00,-40.00,-40.00,-100.00,0,0,0.00,0,-64.00,0.00,0.00,0.00,-100.00,0.00,0,0,0,0
3450,OFF,0,0,0.00,-40.00,-40.00,-100.00,0,0,0.00,0,-64.00,0.00,0.00,0.00,-100.00,0.00,0,0,0,0
3555,OFF,0,0,0.00,-40.00,-40.00,-100.00,0,0,0.00,0,-64.00,0.00,0.00,0.00,-100.00,0.00,0,0,0,0
3663,OFF,0,0,0.00,-40.00,-40.00,-100.00,0,0,0.00,0,-64.00,0.00,0.00,0.00,-100.00,0.00,0,0,0,0
3768,OFF,0,0,0.00,-40.00,-40.00,-100.00,0,0,0.00,0,-64.00,0.00,0.00,0.00,-100.00,0.00,0,0,0,0
3873,OFF,0,0,0.00,-40.00,-40.00,-100.00,0,0,0.00,0,-64.00,0.00,0.00,0.00,-100.00,0.00,0,0,0,0
3978,OFF,0,0,0.00,-40.00,-40.00,-100.00,0,0,0.00,0,-64.00,0.00,0.00,0.00,-100.00,0.00,0,0,0,0
4083,OFF,0,0,0.00,-40.00,-40.00,-100.00,0,0,0.00,0,-64.00,0.00,0.00,0.00,-100.00,0.00,0,0,0,0
4188,OFF,0,0,0.00,-40.00,-40.00,-100.00,0,0,0.00,0,-64.00,0.00,0.00,0.00,-100.00,0.00,0,0,0,0
4296,OFF,0,0,0.00,-40.00,-40.00,-100.00,0,0,0.00,0,-64.00,0.00,0.00,0.00,-100.00,0.00,0,0,0,0
4401,OFF,0,0,0.00,-40.00,-40.00,-100.00,0,0,0.00,0,-64.00,0.00,0.00,0.00,-100.00,0.00,0,0,0,0
4506,OFF,0,0,0.00,-40.00,-40.00,-100.00,0,0,0.00,0,-64.00,0.00,0.00,0.00,-100.00,0.00,0,0,0,0
4611,OFF,0,0,0.00,-40.00,-40.00,-100.00,0,0,0.00,0,-64.00,0.00,0.00,0.00,-100.00,0.00,0,0,0,0
4716,OFF,0,0,0.00,-40.00,-40.00,-100.00,0,0,0.00,0,-64.00,0.00,0.00,0.00,-100.00,0.00,0,0,0,0
4821,OFF,0,0,0.00,-40.00,-40.00,-100.00,0,0,0.00,0,-64.00,0.00,0.00,0.00,-100.00,0.00,0,0,0,0
4929,OFF,0,0,0.00,-40.00,-40.00,-100.00,0,0,0.00,0,-64.00,0.00,0.00,0.00,-100.00,0.00,0,0,0,0
5034,OFF,0,0,0.00,-40.00,-40.00,-100.00,0,0,0.00,0,-64.00,0.00,0.00,0.00,-100.00,0.00,0,0,0,0
5139,OFF,0,0,0.00,-40.00,-40.00,-100.00,0,0,0.00,0,-64.00,0.00,0.00,0.00,-100.00,0.00,0,0,0,0
5244,OFF,0,0,0.00,-40.00,-40.00,-100.00,0,0,0.00,0,-64.00,0.00,0.00,0.00,-100.00,0.00,0,0,0,0
5349,OFF,0,0,0.00,-40.00,-40.00,-100.00,0,0,0.00,0,-64.00,0.00,0.00,0.00,-100.00,0.00,0,0,0,0
5454,OFF,0,0,0.00,-40.00,-40.00,-100.00,0,0,0.00,0,-64.00,0.00,0.00,0.00,-100.00,0.00,0,0,0,0
5562,OFF,0,0,0.00,-40.00,-40.00,-100.00,0,0,0.00,0,-64.00,0.00,0.00,0.00,-100.00,0.00,0,0,0,0
5667,OFF,0,0,0.00,-40.00,-40.00,-100.00,0,0,0.00,0,-64.00,0.00,0.00,0.00,-100.00,0.00,0,0,0,0
5772,OFF,0,0,0.00,-40.00,-40.00,-100.00,0,0,0.00,0,-64.00,0.00,0.00,0.00,-100.00,0.00,0,0,0,0
5877,OFF,0,0,0.00,-40.00,-40.00,-100.00,0,0,0.00,0,-64.00,0.00,0.00,0.00,-100.00,0.00,0,0,0,0
5982,OFF,0,0,0.00,-40.00,-40.00,-100.00,0,0,0.00,0,-64.00,0.00,0.00,0.00,-100.00,0.00,0,0,0,0
6087,OFF,0,0,0.00,-40.00,-40.00,-100.00,0,0,0.00,0,-64.00,0.00,0.00,0.00,-100.00,0.00,0,0,0,0
6195,OFF,0,0,0.00,-40.00,-40.00,-100.00,0,0,0.00,0,-64.00,0.00,0.00,0.00,-100.00,0.00,0,0,0,0
6300,OFF,0,0,0.00,-40.00,-40.00,-100.00,0,0,0.00,0,-64.00,0.00,0.00,0.00,-100.00,0.00,0,0,0,0
6405,OFF,0,0,0.00,-40.00,-40.00,-100.00,0,0,0.00,0,-64.00,0.00,0.00,0.00,-100.00,0.00,0,0,0,0
6510,OFF,0,0,0.00,-40.00,-40.00,-100.00,0,0,0.00,0,-64.00,0.00,0.00,0.00,-100.00,0.00,0,0,0,0
6615,OFF,0,0,0.00,-40.00,-40.00,-100.00,0,0,0.00,0,-64.00,0.00,0.00,0.00,-100.00,0.00,0,0,0,0
6720,OFF,0,0,0.00,-40.00,-40.00,-100.00,0,0,0.00,0,-64.00,0.00,0.00,0.00,-100.00,0.00,0,0,0,0
6828,OFF,0,0,0.00,-40.00,-40.00,-100.00,0,0,0.00,0,-64.00,0.00,0.00,0.00,-100.00,0.00,0,0,0,0
6933,OFF,0,0,0.00,-40.00,-40.00,-100.00,0,0,0.00,0,-64.00,0.00,0.00,0.00,-100.00,0.00,0,0,0,0
7038,OFF,0,0,0.00,-40.00,-40.00,-100.00,0,0,0.00,0,-64.00,0.00,0.00,0.00,-100.00,0.00,0,0,0,0
7143,OFF,0,0,0.00,-40.00,-40.00,-100.00,0,0,0.00,0,-64.00,0.00,0.00,0.00,-100.00,0.00,0,0,0,0
7248,OFF,0,0,0.00,-40.00,-40.00,-100.00,0,0,0.00,0,-64.00,0.00,0.00,0.00,-100.00,0.00,0,0,0,0
7353,OFF,0,0,0.00,-40.00,-40.00,-100.00,0,0,0.00,0,-64.00,0.00,0.00,0.00,-100.00,0.00,0,0,0,0
7461,OFF,0,0,0.00,-40.00,-40.00,-100.00,0,0,0.00,0,-64.00,0.00,0.00,0.00,-100.00,0.00,0,0,0,0
7566,OFF,0,0,0.00,-40.00,-40.00,-100.00,0,0,0.00,0,-64.00,0.00,0.00,0.00,-100.00,0.00,0,0,0,0
7671,OFF,0,0,0.00,-40.00,-40.00,-100.00,0,0,0.00,0,-64.00,0.00,0.00,0.00,-100.00,0.00,0,0,0,0
7776,OFF,0,0,0.00,-40.00,-40.00,-100.00,0,0,0.00,0,-64.00,0.00,0.00,0.00,-100.00,0.00,0,0,0,0
7881,OFF,0,0,0.00,-40.00,-40.00,-100.00,0,0,0.00,0,-64.00,0.00,0.00,0.00,-100.00,0.00,0,0,0,0
7986,OFF,0,0,0.00,-40.00,-40.00,-100.00,0,0,0.00,0,-64.00,0.00,0.00,0.00,-100.00,0.00,0,0,0,0
8094,OFF,0,0,0.00,-40.00,-40.00,-100.00,0,0,0.00,0,-64.00,0.00,0.00,0.00,-100.00,0.00,0,0,0,0
8199,OFF,0,0,0.00,-40.00,-40.00,-100.00,0,0,0.00,0,-64.00,0.00,0.00,0.00,-100.00,0.00,0,0,0,0
8304,OFF,0,0,0.00,-40.00,-40.00,-100.00,0,0,0.00,0,-64.00,0.00,0.00,0.00,-100.00,0.00,0,0,0,0
8409,OFF,0,0,0.00,-40.00,-40.00,-100.00,0,0,0.00,0,-64.00,0.00,0.00,0.00,-100.00,0.00,0,0,0,0
8514,OFF,0,0,0.00,-40.00,-40.00,-100.00,0,0,0.00,0,-64.00,0.00,0.00,0.00,-100.00,0.00,0,0,0,0
8619,OFF,0,0,0.00,-40.00,-40.00,-100.00,0,0,0.00,0,-64.00,0.00,0.00,0.00,-100.00,0.00,0,0,0,0
8727,OFF,0,0,0.00,-40.00,-40.00,-100.00,0,0,0.00,0,-64.00,0.00,0.00,0.00,-100.00,0.00,0,0,0,0
8832,OFF,0,0,0.00,-40.00,-40.00,-100.00,0,0,0.00,0,-64.00,0.00,0.00,0.00,-100.00,0.00,0,0,0,0
8937,OFF,0,0,0.00,-40.00,-40.00,-100.00,0,0,0.00,0,-64.00,0.00,0.00,0.00,-100.00,0.00,0,0,0,0
9042,OFF,0,0,0.00,-40.00,-40.00,-100.00,0,0,0.00,0,-64.00,0.00,0.00,0.00,-100.00,0.00,0,0,0,0
9147,OFF,0,0,0.00,-40.00,-40.00,-100.00,0,0,0.00,0,-64.00,0.00,0.00,0.00,-100.00,0.00,0,0,0,0
9252,OFF,0,0,0.00,-40.00,-40.00,-100.00,0,0,0.00,0,-64.00,0.00,0.00,0.00,-100.00,0.00,0,0,0,0
9360,OFF,0,0,0.00,-40.00,-40.00,-100.00,0,0,0.00,0,-64.00,0.00,0.00,0.00,-100.00,0.00,0,0,0,0
9465,OFF,0,0,0.00,-40.00,-40.00,-100.00,0,0,0.00,0,-64.00,0.00,0.00,0.00,-100.00,0.00,0,0,0,0
9570,OFF,0,0,0.00,-40.00,-40.00,-100.00,0,0,0.00,0,-64.00,0.00,0.00,0.00,-100.00,0.00,0,0,0,0
9675,OFF,0,0,0.00,-40.00,-40.00,-100.00,0,0,0.00,0,-64.00,0.00,0.00,0.00,-100.00,0.00,0,0,0,0
9780,OFF,0,0,0.00,-40.00,-40.00,-100.00,0,0,0.00,0,-64.00,0.00,0.00,0.00,-100.00,0.00,0,0,0,0
9885,OFF,0,0,0.00,-40.00,-40.00,-100.00,0,0,0.00,0,-64.00,0.00,0.00,0.00,-100.00,0.00,0,0,0,0
9993,OFF,0,0,0.00,-40.00,-40.00,-100.00,0,0,0.00,0,-64.00,0.00,0.00,0.00,-100.00,0.00,0,0,0,0
10098,OFF,0,0,0.00,-40.00,-40.00,-100.00,0,0,0.00,0,-64.00,0.00,0.00,0.00,-100.00,0.00,0,0,0,0
10203,OFF,0,0,0.00,-40.00,-40.00,-100.00,0,0,0.00,0,-64.00,0.00,0.00,0.00,-100.00,0.00,0,0,0,0
10307,OFF,0,0,0.00,-40.00,-40.00,-100.00,0,0,0.00,0,-64.00,0.00,0.00,0.00,-100.00,0.00,0,0,0,0
10412,OFF,0,0,0.00,-40.00,-40.00,-100.00,0,0,0.00,0,-64.00,0.00,0.00,0.00,-100.00,0.00,0,0,0,0
10517,OFF,0,0,0.00,-40.00,-40.00,-100.00,0,0,0.00,0,-64.00,0.00,0.00,0.00,-100.00,0.00,0,0,0,0
10625,OFF,0,0,0.00,-40.00,-40.00,-100.00,0,0,0.00,0,-64.00,0.00,0.00,0.00,-100.00,0.00,0,0,0,0
10730,OFF,0,0,0.00,-40.00,-40.00,-100.00,0,0,0.00,0,-64.00,0.00,0.00,0.00,-100.00,0.00,0,0,0,0
10835,OFF,0,0,0.00,-40.00,-40.00,-100.00,0,0,0.00,0,-64.00,0.00,0.00,0.00,-100.00,0.00,0,0,0,0
10940,OFF,0,0,0.00,-40.00,-40.00,-100.00,0,0,0.00,0,-64.00,0.00,0.00,0.00,-100.00,0.00,0,0,0,0
11045,OFF,0,0,0.00,-40.00,-40.00,-100.00,0,0,0.00,0,-64.00,0.00,0.00,0.00,-100.00,0.00,0,0,0,0
11150,OFF,0,0,0.00,-40.00,-40.00,-100.00,0,0,0.00,0,-64.00,0.00,0.00,0.00,-100.00,0.00,0,0,0,0
11258,OFF,0,0,0.00,-40.00,-40.00,-100.00,0,0,0.00,0,-64.00,0.00,0.00,0.00,-100.00,0.00,0,0,0,0
11363,OFF,0,0,0.00,-40.00,-40.00,-100.00,0,0,0.00,0,-64.00,0.00,0.00,0.00,-100.00,0.00,0,0,0,0
11468,OFF,0,0,0.00,-40.00,-40.00,-100.00,0,0,0.00,0,-64.00,0.00,0.00,0.00,-100.00,0.00,0,0,0,0
11573,OFF,0,0,0.00,-40.00,-40.00,-100.00,0,0,0.00,0,-64.00,0.00,0.00,0.00,-100.00,0.00,0,0,0,0
11678,OFF,0,0,0.00,-40.00,-40.00,-100.00,0,0,0.00,0,-64.00,0.00,0.00,0.00,-100.00,0.00,0,0,0,0
11783,OFF,0,0,0.00,-40.00,-40.00,-100.00,0,0,0.00,0,-64.00,0.00,0.00,0.00,-100.00,0.00,0,0,0,0
11891,OFF,0,0,0.00,-40.00,-40.00,-100.00,0,0,0.00,0,-64.00,0.00,0.00,0.00,-100.00,0.00,0,0,0,0
11996,OFF,0,0,0.00,-40.00,-40.00,-100.00,0,0,0.00,0,-64.00,0.00,0.00,0.00,-100.00,0.00,0,0,0,0
12101,OFF,0,0,0.00,-40.00,-40.00,-100.00,0,0,0.00,0,-64.00,0.00,0.00,0.00,-100.00,0.00,0,0,0,0
12206,OFF,0,0,0.00,-40.00,-40.00,-100.00,0,0,0.00,0,-64.00,0.00,0.00,0.00,-100.00,0.00,0,0,0,0
12311,OFF,0,0,0.00,-40.00,-40.00,-100.00,0,0,0.00,0,-64.00,0.00,0.00,0.00,-100.00,0.00,0,0,0,0
12416,OFF,0,0,0.00,-40.00,-40.00,-100.00,0,0,0.00,0,-64.00,0.00,0.00,0.00,-100.00,0.00,0,0,0,0
12524,OFF,0,0,0.00,-40.00,-40.00,-100.00,0,0,0.00,0,-64.00,0.00,0.00,0.00,-100.00,0.00,0,0,0,0
12629,OFF,0,0,0.00,-40.00,-40.00,-100.00,0,0,0.00,0,-64.00,0.00,0.00,0.00,-100.00,0.00,0,0,0,0
12734,OFF,0,0,0.00,-40.00,-40.00,-100.00,0,0,0.00,0,-64.00,0.00,0.00,0.00,-100.00,0.00,0,0,0,0
12839,OFF,0,0,0.00,-40.00,-40.00,-100.00,0,0,0.00,0,-64.00,0.00,0.00,0.00,-100.00,0.00,0,0,0,0
12944,OFF,0,0,0.00,-40.00,-40.00,-100.00,0,0,0.00,0,-64.00,0.00,0.00,0.00,-100.00,0.00,0,0,0,0
13049,OFF,0,0,0.00,-40.00,-40.00,-100.00,0,0,0.00,0,-64.00,0.00,0.00,0.00,-100.00,0.00,0,0,0,0
13157,OFF,0,0,0.00,-40.00,-40.00,-100.00,0,0,0.00,0,-64.00,0.00,0.00,0.00,-100.00,0.00,0,0,0,0
13262,OFF,0,0,0.00,-40.00,-40.00,-100.00,0,0,0.00,0,-64.00,0.00,0.00,0.00,-100.00,0.00,0,0,0,0
13367,OFF,0,0,0.00,-40.00,-40.00,-100.00,0,0,0.00,0,-64.00,0.00,0.00,0.00,-100.00,0.00,0,0,0,0
13472,OFF,0,0,0.00,-40.00,-40.00,-100.00,0,0,0.00,0,-64.00,0.00,0.00,0.00,-100.00,0.00,0,0,0,0
13577,OFF,0,0,0.00,-40.00,-40.00,-100.00,0,0,0.00,0,-64.00,0.00,0.00,0.00,-100.00,0.00,0,0,0,0
13682,OFF,0,0,0.00,-40.00,-40.00,-100.00,0,0,0.00,0,-64.00,0.00,0.00,0.00,-100.00,0.00,0,0,0,0
13790,ON,1,0,0.00,32.00,29.00,-3.12,146,146,0.00,0,0.00,29.02,12.94,0.25,0.00,0.00,0,10,0,0
13895,ON,1,0,0.00,32.00,29.00,-3.12,146,146,0.00,0,0.00,28.63,12.55,0.25,0.00,11.48,220,10,0,0
14000,ON,1,0,0.00,32.00,29.00,-3.12,146,146,0.00,0,0.00,28.63,12.94,0.25,0.00,11.80,20,10,0,0
14105,ON,1,0,0.00,32.00,29.00,-3.12,146,146,0.00,0,0.00,28.63,12.94,0.25,0.00,11.64,120,10,0,0
14210,ON,1,0,0.00,32.00,29.00,-3.12,146,146,0.00,0,0.00,28.63,12.94,0.25,0.00,11.64,120,10,0,0
14315,ON,1,0,0.00,32.00,29.00,-3.12,146,146,0.00,0,0.00,28.63,12.94,0.25,0.00,11.64,120,10,0,0
14423,ON,1,0,0.00,33.00,29.00,-3.12,146,146,0.00,0,0.00,28.63,12.94,0.25,0.00,11.64,120,10,0,0
14528,ON,1,0,0.00,32.00,29.00,-3.12,146,146,0.00,0,0.00,29.02,12.94,0.25,0.00,12.19,155,10,0,0
14633,ON,1,0,0.00,32.00,29.00,-3.12,146,146,0.00,0,0.00,29.02,12.94,0.25,0.00,12.27,233,10,0,0
14738,ON,1,0,0.00,32.00,29.00,-3.12,146,146,0.00,0,0.00,29.02,12.94,0.25,0.00,12.27,233,10,0,0
14843,ON,1,0,0.00,32.00,29.00,-3.12,146,146,0.00,0,0.00,29.02,12.94,0.25,0.00,12.27,233,10,0,0
14948,ON,1,0,0.00,32.00,29.00,-3.12,146,146,0.00,0,0.00,29.02,12.94,0.25,0.00,12.27,233,10,0,0
15056,ON,1,0,0.00,32.00,29.00,-3.12,146,146,0.00,0,0.00,29.02,12.94,0.25,0.00,12.27,233,10,0,0
15161,ON,1,0,0.00,32.00,29.00,-3.12,146,146,0.00,0,0.00,29.02,12.94,0.25,0.00,12.27,233,10,0,0
15266,ON,1,0,0.00,33.00,29.00,-3.12,146,146,0.00,0,0.00,29.02,12.94,0.25,0.00,12.27,233,10,0,0
15371,ON,1,0,0.00,33.00,29.00,-3.12,146,146,0.00,0,0.00,29.02,12.94,0.25,0.00,12.27,233,10,0,0
15476,ON,1,0,0.00,32.00,29.00,-3.12,146,146,0.00,0,0.00,29.02,12.94,0.25,0.00,12.27,233,10,0,0
15581,ON,1,0,0.00,33.00,29.00,-3.12,146,146,0.00,0,0.00,29.02,12.94,0.25,0.00,12.27,233,10,0,0
15689,ON,1,0,0.00,33.00,29.00,-3.12,146,146,0.00,0,0.00,29.02,12.94,0.25,0.00,12.27,233,10,0,0
15794,ON,1,0,0.00,32.00,29.00,-3.12,146,146,0.00,0,0.00,29.02,12.94,0.25,0.00,12.27,233,10,0,0
15899,ON,1,0,0.00,33.00,29.00,-3.12,146,146,0.00,0,0.00,29.02,12.94,0.25,0.00,12.27,233,10,0,0
16004,ON,1,0,0.00,33.00,29.00,-3.12,146,146,0.00,0,0.00,29.02,12.94,0.25,0.00,12.27,233,10,0,0
16109,ON,1,0,0.00,32.00,29.00,-3.12,146,146,0.00,0,0.00,29.02,12.94,0.25,0.00,12.27,233,10,0,0
16214,ON,1,0,0.00,33.00,29.00,-3.12,146,146,0.00,0,0.00,29.02,12.94,0.25,0.00,12.27,233,10,0,0
16322,ON,1,0,0.00,33.00,29.00,-3.12,146,146,0.00,0,0.00,29.02,12.94,0.25,0.00,12.27,233,10,0,0
16427,ON,1,0,0.00,33.00,29.00,-3.12,146,146,0.00,0,0.00,29.02,12.94,0.25,0.00,12.27,233,10,0,0
16532,ON,1,0,0.00,33.00,29.00,-3.12,146,146,0.00,0,0.00,29.02,12.94,0.25,0.00,12.27,233,10,0,0
16637,ON,1,0,0.00,33.00,29.00,-3.12,146,146,0.00,0,0.00,29.02,12.94,0.25,0.00,12.27,233,10,0,0
16742,ON,1,0,0.00,33.00,29.00,-3.12,146,146,0.00,0,0.00,29.02,12.94,0.25,0.00,12.27,233,10,0,0
16847,ON,1,0,0.00,33.00,29.00,-3.12,146,146,0.00,0,0.00,29.02,12.94,0.25,0.00,0.08,78,10,0,0
16955,ON,1,0,0.00,33.00,29.00,-3.12,146,146,0.00,0,0.00,29.02,12.94,0.25,0.00,0.00,0,10,0,0
17060,ON,1,0,0.00,33.00,29.00,-3.12,146,146,0.00,0,0.00,29.02,12.94,0.25,0.00,0.00,0,10,0,0
17165,ON,1,0,0.00,33.00,29.00,-3.12,146,146,0.00,0,0.00,29.02,12.94,0.25,0.00,0.00,0,10,0,0
17270,ON,1,0,0.00,33.00,29.00,-3.12,146,146,0.00,0,0.00,29.02,12.94,0.25,0.00,0.00,0,10,0,0
17375,ON,1,0,0.00,33.00,29.00,-3.12,146,146,0.00,0,0.00,29.02,12.94,0.25,0.00,0.00,0,10,0,0
17480,ON,1,0,0.00,33.00,29.00,-3.12,146,146,0.00,0,0.00,29.02,12.94,0.25,0.00,0.00,0,10,0,0
17588,ON,1,0,0.00,33.00,29.00,-3.12,146,146,0.00,0,0.00,29.02,12.94,0.25,0.00,0.00,0,10,0,0
17693,ON,1,0,0.00,33.00,29.00,-3.12,146,146,0.00,0,0.00,29.02,12.94,0.25,0.00,0.00,0,10,0,0
17798,ON,1,0,0.00,33.00,29.00,-3.12,146,146,0.00,0,0.00,29.02,12.94,0.25,0.00,0.00,0,10,0,0
17903,ON,1,0,0.00,33.00,29.00,-3.12,146,146,0.00,0,0.00,29.02,12.94,0.25,0.00,0.00,0,10,0,0
18008,ON,1,0,0.00,33.00,29.00,-3.12,146,146,0.00,0,0.00,29.02,12.94,0.25,0.00,0.00,0,10,0,0
18113,ON,1,0,0.00,33.00,29.00,-3.12,146,146,0.00,0,0.00,29.02,12.94,0.25,0.00,0.00,0,10,0,0
18221,ON,1,0,0.00,33.00,29.00,-3.12,146,146,0.00,0,0.00,29.02,12.94,0.25,0.00,0.00,0,10,0,0
18326,ON,1,0,0.00,33.00,29.00,-3.12,146,146,0.00,0,0.00,29.02,12.94,0.25,0.00,0.00,0,10,0,0
18431,ON,1,0,0.00,33.00,29.00,-3.12,146,146,0.00,0,0.00,29.02,12.94,0.25,0.00,0.00,0,10,0,0
18536,ON,1,0,0.00,33.00,29.00,-3.12,146,146,0.00,0,0.00,29.02,12.94,0.25,0.00,0.00,0,10,0,0
18641,ON,1,0,0.00,33.00,29.00,-3.12,146,146,0.00,0,0.00,29.02,12.94,0.25,0.00,0.00,0,10,0,0
18746,ON,1,0,0.00,33.00,29.00,-3.12,146,146,0.00,0,0.00,29.02,12.94,0.25,0.00,0.00,0,10,0,0
18854,ON,1,0,0.00,33.00,29.00,-3.12,146,146,0.00,0,0.00,29.02,12.94,0.25,0.00,0.00,0,10,0,0
18959,ON,1,0,0.00,33.00,29.00,-3.12,146,146,0.00,0,0.00,29.02,12.94,0.25,0.00,0.00,0,10,0,0
19064,ON,1,0,0.00,33.00,29.00,-3.12,146,146,0.00,0,0.00,29.02,12.94,0.25,0.00,0.00,0,10,0,0
19169,ON,1,0,0.00,33.00,29.00,-3.12,146,146,0.00,0,0.00,29.02,12.94,0.25,0.00,0.00,0,10,0,0
19274,ON,1,0,0.00,33.00,29.00,-3.12,146,146,0.00,0,0.00,29.02,12.94,0.25,0.00,0.00,0,10,0,0
19379,ON,1,0,0.00,33.00,29.00,-3.12,146,146,0.00,0,0.00,29.02,12.94,0.25,0.00,0.00,0,10,0,0
19487,ON,1,0,0.00,33.00,29.00,-3.12,146,146,0.00,0,0.00,29.02,12.94,0.25,0.00,0.00,0,10,0,0
19592,ON,1,0,0.00,33.00,29.00,-3.12,146,146,0.00,0,0.00,29.02,12.94,0.25,0.00,0.00,0,10,0,0
19697,ON,1,0,0.00,33.00,29.00,-3.12,146,146,0.00,0,0.00,29.02,12.94,0.25,0.00,0.00,0,10,0,0
19807,ON,1,0,0.00,33.00,29.00,-3.12,146,146,0.00,0,0.00,29.02,12.94,0.25,0.00,0.00,0,10,0,0
19912,ON,1,0,0.00,33.00,29.00,-3.12,146,146,0.00,0,0.00,29.02,12.94,0.25,0.00,0.00,0,10,0,0
20017,ON,1,0,0.00,33.00,29.00,-3.12,146,146,0.00,0,0.00,29.02,12.94,0.25,0.00,0.00,0,10,0,0
20125,ON,1,0,0.00,33.00,29.00,-3.12,146,146,0.00,0,0.00,29.02,12.94,0.25,0.00,0.00,0,10,0,0
20230,ON,1,0,0.00,33.00,29.00,-3.12,146,146,0.00,0,0.00,29.02,12.94,0.25,0.00,0.00,0,10,0,0
20335,ON,1,0,0.00,33.00,29.00,-3.12,146,146,0.00,0,0.00,29.02,12.94,0.25,0.00,0.00,0,10,0,0
20440,ON,1,0,0.00,33.00,29.00,-3.12,146,146,0.00,0,0.00,29.02,12.94,0.25,0.00,0.00,0,10,0,0
20545,ON,1,0,0.00,33.00,29.00,-3.12,146,146,0.00,0,0.00,29.02,12.94,0.25,0.00,0.00,0,10,0,0
20650,ON,1,0,0.00,33.00,29.00,-3.12,146,146,0.00,0,0.00,29.02,12.94,0.25,0.00,0.00,0,10,0,0
20758,ON,1,0,0.00,33.00,29.00,-3.12,146,146,0.00,0,0.00,29.02,12.94,0.25,0.00,0.00,0,10,0,0
20863,ON,1,0,0.00,33.00,29.00,-3.12,146,146,0.00,0,0.00,29.02,12.94,0.25,0.00,0.00,0,10,0,0
20968,ON,1,0,0.00,33.00,29.00,-3.12,146,146,0.00,0,0.00,29.02,12.94,0.25,0.00,0.00,0,10,0,0
21073,ON,1,0,0.00,33.00,29.00,-3.12,146,146,0.00,0,0.00,29.02,12.94,0.25,0.00,0.00,0,10,0,0
21178,ON,1,0,0.00,33.00,29.00,-3.12,146,146,0.00,0,0.00,29.02,12.94,0.25,0.00,0.00,0,10,0,0
21283,ON,1,0,0.00,33.00,29.00,-3.12,146,146,0.00,0,0.00,29.02,12.94,0.25,0.00,0.00,0,10,0,0
21391,ON,1,0,0.00,33.00,29.00,-3.12,146,146,0.00,0,0.00,29.02,12.94,0.25,0.00,0.00,0,10,0,0
21496,ON,1,0,0.00,33.00,29.00,-3.12,146,146,0.00,0,0.00,29.02,12.94,0.25,0.00,0.00,0,10,0,0
21601,ON,1,0,0.00,33.00,29.00,-3.12,146,146,0.00,0,0.00,29.02,12.94,0.25,0.00,0.00,0,10,0,0
21706,ON,1,0,0.00,33.00,29.00,-3.12,146,146,0.00,0,0.00,29.02,12.94,0.25,0.00,0.00,0,10,0,0
21811,ON,1,0,0.00,33.00,29.00,-3.12,146,146,0.00,0,0.00,29.02,12.94,0.25,0.00,0.00,0,10,0,0
21916,ON,1,0,0.00,33.00,29.00,-3.12,146,146,0.00,0,0.00,29.02,12.94,0.25,0.00,0.00,0,10,0,0
22024,ON,1,0,0.00,33.00,29.00,-3.12,146,146,0.00,0,0.00,29.02,12.94,0.25,0.00,0.00,0,10,0,0
22129,ON,1,0,0.00,33.00,29.00,-3.12,146,146,0.00,0,0.00,29.02,12.94,0.25,0.00,0.00,0,10,0,0
22234,ON,1,0,0.00,33.00,29.00,-3.12,146,146,0.00,0,0.00,29.02,12.94,0.25,0.00,0.00,0,10,0,0
22339,ON,1,0,0.00,33.00,29.00,-3.12,146,146,0.00,0,0.00,29.02,12.94,0.25,0.00,0.00,0,10,0,0
22444,ON,1,0,0.00,33.00,29.00,-3.12,146,146,0.00,0,0.00,29.02,12.94,0.25,0.00,0.00,0,10,0,0
22549,ON,1,0,0.00,33.00,29.00,-3.12,146,146,0.00,0,0.00,29.02,12.94,0.25,0.00,0.00,0,10,0,0
22657,ON,1,0,0.00,33.00,29.00,-3.12,146,146,0.00,0,0.00,29.02,12.94,0.25,0.00,0.00,0,10,0,0
22762,ON,1,0,0.00,33.00,29.00,-3.12,146,146,0.00,0,0.00,29.02,12.94,0.25,0.00,0.00,0,10,0,0
22867,ON,1,0,0.00,33.00,29.00,-3.12,146,146,0.00,0,0.00,29.02,12.94,0.25,0.00,0.00,0,10,0,0
22972,ON,1,0,0.00,33.00,29.00,-3.12,146,146,0.00,0,0.00,29.02,12.94,0.25,0.00,0.00,0,10,0,0
23077,ON,1,0,0.00,33.00,29.00,-3.12,146,146,0.00,0,0.00,29.02,12.94,0.25,0.00,0.00,0,10,0,0
23182,ON,1,0,0.00,33.00,29.00,-3.12,146,146,0.00,0,0.00,29.02,12.94,0.25,0.00,0.00,0,10,0,0
23290,ON,1,0,0.00,33.00,29.00,-3.12,146,146,0.00,0,0.00,29.02,12.94,0.25,0.00,0.00,0,10,0,0
23395,ON,1,0,0.00,33.00,29.00,-3.12,146,146,0.00,0,0.00,29.02,12.94,0.25,0.00,0.00,0,10,0,0
23500,ON,1,0,0.00,33.00,29.00,-3.12,146,146,0.00,0,0.00,29.02,12.94,0.25,0.00,0.00,0,10,0,0
23605,ON,1,0,0.00,33.00,29.00,-3.12,146,146,0.00,0,0.00,29.02,12.94,0.25,0.00,0.00,0,10,0,0
23710,ON,1,0,0.00,33.00,29.00,-3.12,146,146,0.00,0,0.00,29.02,12.94,0.25,0.00,0.00,0,10,0,0
23815,ON,1,0,0.00,33.00,29.00,-3.12,146,146,0.00,0,0.00,29.02,12.94,0.25,0.00,0.00,0,10,0,0
23923,ON,1,0,0.00,33.00,29.00,-3.12,146,146,0.00,0,0.00,29.02,12.94,0.25,0.00,0.00,0,10,0,0
24028,ON,1,0,0.00,33.00,29.00,-3.12,146,146,0.00,0,0.00,29.02,12.94,0.25,0.00,0.00,0,10,0,0
24133,ON,1,0,0.00,33.00,29.00,-3.12,146,146,0.00,0,0.00,29.02,12.94,0.25,0.00,0.00,0,10,0,0
24238,ON,1,0,0.00,33.00,29.00,-3.12,146,146,0.00,0,0.00,29.02,12.94,0.25,0.00,0.00,0,10,0,0
24343,ON,1,0,0.00,33.00,29.00,-3.12,146,146,0.00,0,0.00,29.02,12.94,0.25,0.00,0.00,0,10,0,0
24448,ON,1,0,0.00,33.00,29.00,-3.12,146,146,0.00,0,0.00,29.02,12.94,0.25,0.00,0.00,0,10,0,0
24556,ON,1,0,0.00,33.00,29.00,-3.12,146,146,0.00,0,0.00,29.02,12.94,0.25,0.00,0.00,0,10,0,0
24661,ON,1,0,0.00,33.00,29.00,-3.12,146,146,0.00,0,0.00,29.02,12.94,0.25,0.00,0.00,0,10,0,0
24766,ON,1,0,0.00,33.00,29.00,-3.12,146,146,0.00,0,0.00,29.02,12.94,0.25,0.00,0.00,0,10,0,0
24871,ON,1,0,0.00,33.00,29.00,-3.12,146,146,0.00,0,0.00,29.02,12.94,0.25,0.00,0.00,0,10,0,0
24976,ON,1,0,0.00,33.00,29.00,-3.12,146,146,0.00,0,0.00,29.02,12.94,0.25,0.00,0.00,0,10,0,0
25081,ON,1,0,0.00,33.00,29.00,-3.12,146,146,0.00,0,0.00,29.02,12.94,0.25,0.00,0.00,0,10,0,0
25189,ON,1,0,0.00,33.00,29.00,-3.12,146,146,0.00,0,0.00,29.02,12.94,0.25,0.00,0.00,0,10,0,0
25294,ON,1,0,0.00,33.00,29.00,-3.12,146,146,0.00,0,0.00,29.02,12.94,0.25,0.00,0.00,0,10,0,0
25399,ON,1,0,0.00,33.00,29.00,-3.12,146,146,0.00,0,0.00,29.02,12.94,0.25,0.00,0.00,0,10,0,0
25504,ON,1,0,0.00,33.00,29.00,-3.12,146,146,0.00,0,0.00,29.02,12.94,0.25,0.00,0.00,0,10,0,0
25609,ON,1,0,0.00,33.00,29.00,-3.12,146,146,0.00,0,0.00,29.02,12.94,0.25,0.00,0.00,0,10,0,0
25714,ON,1,0,0.00,33.00,29.00,-3.12,146,146,0.00,0,0.00,29.02,12.94,0.25,0.00,0.00,0,10,0,0
25822,ON,1,0,0.00,33.00,29.00,-3.12,146,146,0.00,0,0.00,29.02,12.94,0.25,0.00,0.00,0,10,0,0
25927,ON,1,0,0.00,33.00,29.00,-3.12,146,146,0.00,0,0.00,29.02,12.94,0.25,0.00,0.00,0,10,0,0
26032,ON,1,0,0.00,33.00,29.00,-3.12,146,146,0.00,0,0.00,29.02,12.94,0.25,0.00,0.00,0,10,0,0
26137,ON,1,0,0.00,33.00,29.00,-3.12,146,146,0.00,0,0.00,29.02,12.94,0.25,0.00,0.00,0,10,0,0
26242,ON,1,0,0.00,33.00,29.00,-3.12,146,146,0.00,0,0.00,29.02,12.94,0.25,0.00,0.00,0,10,0,0
26347,ON,1,0,0.00,33.00,29.00,-3.12,146,146,0.00,0,0.00,29.02,12.94,0.25,0.00,0.00,0,10,0,0
26455,ON,1,0,0.00,33.00,29.00,-3.12,146,146,0.00,0,0.00,29.02,12.94,0.25,0.00,0.00,0,10,0,0
26560,ON,1,0,0.00,33.00,29.00,-3.12,146,146,0.00,0,0.00,29.02,12.94,0.25,0.00,0.00,0,10,0,0
26665,ON,1,0,0.00,33.00,29.00,-3.12,146,146,0.00,0,0.00,29.02,12.94,0.25,0.00,0.00,0,10,0,0
26770,ON,1,0,0.00,33.00,29.00,-3.12,146,146,0.00,0,0.00,29.02,12.94,0.25,0.00,0.00,0,10,0,0
26875,ON,1,0,0.00,33.00,29.00,-3.12,146,146,0.00,0,0.00,29.02,12.94,0.25,0.00,0.00,0,10,0,0
26980,ON,1,0,0.00,33.00,29.00,-3.12,146,146,0.00,0,0.00,29.02,12.94,0.25,0.00,0.00,0,10,0,0
27088,ON,1,0,0.00,33.00,29.00,-3.12,146,146,0.00,0,0.00,29.02,12.94,0.25,0.00,0.00,0,10,0,0
27193,ON,1,0,0.00,33.00,29.00,-3.12,146,146,0.00,0,0.00,29.02,12.94,0.25,0.00,0.00,0,10,0,0
27298,ON,1,0,0.00,33.00,29.00,-3.12,146,146,0.00,0,0.00,29.02,12.94,0.25,0.00,0.00,0,10,0,0
27403,ON,1,0,0.00,33.00,29.00,-3.12,146,146,0.00,0,0.00,29.02,12.94,0.25,0.00,0.00,0,10,0,0
27508,ON,1,0,0.00,33.00,29.00,-3.12,146,146,0.00,0,0.00,29.02,12.94,0.25,0.00,0.00,0,10,0,0
27613,ON,1,0,0.00,33.00,29.00,-3.12,146,146,0.00,0,0.00,29.02,12.94,0.25,0.00,0.00,0,10,0,0
27721,ON,1,0,0.00,33.00,29.00,-3.12,146,146,0.00,0,0.00,29.02,12.94,0.25,0.00,0.00,0,10,0,0
27826,ON,1,0,0.00,33.00,29.00,-3.12,146,146,0.00,0,0.00,29.02,12.94,0.25,0.00,0.00,0,10,0,0
27931,ON,1,0,0.00,33.00,29.00,-3.12,146,146,0.00,0,0.00,29.02,12.94,0.25,0.00,0.00,0,10,0,0
28036,ON,1,0,0.00,33.00,29.00,-3.12,146,146,0.00,0,0.00,29.02,12.94,0.25,0.00,0.00,0,10,0,0
28141,ON,1,0,0.00,33.00,29.00,-3.12,146,146,0.00,0,0.00,29.02,12.94,0.25,0.00,0.00,0,10,0,0
28246,ON,1,0,0.00,33.00,29.00,-3.12,146,146,0.00,0,0.00,29.02,12.94,0.25,0.00,0.00,0,10,0,0
28354,ON,1,0,0.00,33.00,29.00,-3.12,146,146,0.00,0,0.00,29.02,12.94,0.25,0.00,0.00,0,10,0,0
28459,ON,1,0,0.00,33.00,29.00,-3.12,146,146,0.00,0,0.00,29.02,12.94,0.25,0.00,0.00,0,10,0,0
28564,ON,1,0,0.00,33.00,29.00,-3.12,146,146,0.00,0,0.00,29.02,12.94,0.25,0.00,0.00,0,10,0,0
28668,ON,1,0,0.00,33.00,29.00,-3.12,146,146,0.00,0,0.00,29.02,12.94,0.25,0.00,0.00,0,10,0,0
28773,ON,1,0,0.00,33.00,29.00,-3.12,146,146,0.00,0,0.00,29.02,12.94,0.25,0.00,0.00,0,10,0,0
28878,ON,1,0,0.00,33.00,29.00,-3.12,146,146,0.00,0,0.00,29.02,12.94,0.25,0.00,0.00,0,10,0,0
