1134,OFF,0,0,0.00,-40.00,-40.00,-100.00,0,0,0.00,0,-64.00,0.00,0.00,0.00,-100.00,0.00,0,0,1,0
1243,OFF,0,0,0.00,-40.00,-40.00,-100.00,0,0,0.00,0,-64.00,0.00,0.00,0.00,-100.00,0.00,0,0,1,0
1351,OFF,0,0,0.00,-40.00,-40.00,-100.00,0,0,0.00,0,-64.00,0.00,0.00,0.00,-100.00,0.00,0,0,1,0
1456,OFF,0,0,0.00,-40.00,-40.00,-100.00,0,0,0.00,0,-64.00,0.00,0.00,0.00,-100.00,0.00,0,0,1,0
1561,OFF,0,0,0.00,-40.00,-40.00,-100.00,0,0,0.00,0,-64.00,0.00,0.00,0.00,-100.00,0.00,0,0,1,0
1666,OFF,0,0,0.00,-40.00,-40.00,-100.00,0,0,0.00,0,-64.00,0.00,0.00,0.00,-100.00,0.00,0,0,1,0
1771,OFF,0,0,0.00,-40.00,-40.00,-100.00,0,0,0.00,0,-64.00,0.00,0.00,0.00,-100.00,0.00,0,0,1,0
1876,OFF,0,0,0.00,-40.00,-40.00,-100.00,0,0,0.00,0,-64.00,0.00,0.00,0.00,-100.00,0.00,0,0,1,0
1984,OFF,0,0,0.00,-40.00,-40.00,-100.00,0,0,0.00,0,-64.00,0.00,0.00,0.00,-100.00,0.00,0,0,1,0
2089,OFF,0,0,0.00,-40.00,-40.00,-100.00,0,0,0.00,0,-64.00,0.00,0.00,0.00,-100.00,0.00,0,0,1,0
2194,OFF,0,0,0.00,-40.00,-40.00,-100.00,0,0,0.00,0,-64.00,0.00,0.00,0.00,-100.00,0.00,0,0,1,0
2299,OFF,0,0,0.00,-40.00,-40.00,-100.00,0,0,0.00,0,-64.00,0.00,0.00,0.00,-100.00,0.00,0,0,1,0
2404,OFF,0,0,0.00,-40.00,-40.00,-100.00,0,0,0.00,0,-64.00,0.00,0.00,0.00,-100.00,0.00,0,0,1,0
2509,OFF,0,0,0.00,-40.00,-40.00,-100.00,0,0,0.00,0,-64.00,0.00,0.00,0.00,-100.00,0.00,0,0,1,0
2617,OFF,0,0,0.00,-40.00,-40.00,-100.00,0,0,0.00,0,-64.00,0.00,0.00,0.00,-100.00,0.00,0,0,1,0
2722,OFF,0,0,0.00,-40.00,-40.00,-100.00,0,0,0.00,0,-64.00,0.00,0.00,0.00,-100.00,0.00,0,0,1,0
2827,OFF,0,0,0.00,-40.00,-40.00,-100.00,0,0,0.00,0,-64.00,0.00,0.00,0.00,-100.00,0.00,0,0,1,0
2932,OFF,0,0,0.00,-40.00,-40.00,-100.00,0,0,0.00,0,-64.00,0.00,0.00,0.00,-100.00,0.00,0,0,1,0
3037,OFF,0,0,0.00,-40.00,-40.00,-100.00,0,0,0.00,0,-64.00,0.00,0.00,0.00,-100.00,0.00,0,0,1,0
3142,OFF,0,0,0.00,-40.00,-40.00,-100.00,0,0,0.00,0,-64.00,0.00,0.00,0.00,-100.00,0.00,0,0,1,0
3250,OFF,0,0,0.00,-40.00,-40.00,-100.00,0,0,0.00,0,-64.00,0.00,0.00,0.00,-100.00,0.00,0,0,1,0
3355,OFF,0,0,0.00,-40.00,-40.00,-100.00,0,0,0.00,0,-64.00,0.00,0.00,0.00,-100.00,0.00,0,0,1,0
3460,OFF,0,0,0.00,-40.00,-40.00,-100.00,0,0,0.00,0,-64.00,0.00,0.00,0.00,-100.00,0.00,0,0,1,0
3565,OFF,0,0,0.00,-40.00,-40.00,-100.00,0,0,0.00,0,-64.00,0.00,0.00,0.00,-100.00,0.00,0,0,1,0
3670,OFF,0,0,0.00,-40.00,-40.00,-100.00,0,0,0.00,0,-64.00,0.00,0.00,0.00,-100.00,0.00,0,0,1,0
3775,OFF,0,0,0.00,-40.00,-40.00,-100.00,0,0,0.00,0,-64.00,0.00,0.00,0.00,-100.00,0.00,0,0,1,0
3883,OFF,0,0,0.00,-40.00,-40.00,-100.00,0,0,0.00,0,-64.00,0.00,0.00,0.00,-100.00,0.00,0,0,1,0
3988,OFF,0,0,0.00,-40.00,-40.00,-100.00,0,0,0.00,0,-64.00,0.00,0.00,0.00,-100.00,0.00,0,0,1,0
4093,OFF,0,0,0.00,-40.00,-40.00,-100.00,0,0,0.00,0,-64.00,0.00,0.00,0.00,-100.00,0.00,0,0,1,0
4198,OFF,0,0,0.00,-40.00,-40.00,-100.00,0,0,0.00,0,-64.00,0.00,0.00,0.00,-100.00,0.00,0,0,1,0
4303,OFF,0,0,0.00,-40.00,-40.00,-100.00,0,0,0.00,0,-64.00,0.00,0.00,0.00,-100.00,0.00,0,0,1,0
4408,OFF,0,0,0.00,-40.00,-40.00,-100.00,0,0,0.00,0,-64.00,0.00,0.00,0.00,-100.00,0.00,0,0,1,0
4516,OFF,0,0,0.00,-40.00,-40.00,-100.00,0,0,0.00,0,-64.00,0.00,0.00,0.00,-100.00,0.00,0,0,1,0
4621,OFF,0,0,0.00,-40.00,-40.00,-100.00,0,0,0.00,0,-64.00,0.00,0.00,0.00,-100.00,0.00,0,0,1,0
4726,OFF,0,0,0.00,-40.00,-40.00,-100.00,0,0,0.00,0,-64.00,0.00,0.00,0.00,-100.00,0.00,0,0,1,0
4831,OFF,0,0,0.00,-40.00,-40.00,-100.00,0,0,0.00,0,-64.00,0.00,0.00,0.00,-100.00,0.00,0,0,1,0
4936,OFF,0,0,0.00,-40.00,-40.00,-100.00,0,0,0.00,0,-64.00,0.00,0.00,0.00,-100.00,0.00,0,0,1,0
5041,OFF,0,0,0.00,-40.00,-40.00,-100.00,0,0,0.00,0,-64.00,0.00,0.00,0.00,-100.00,0.00,0,0,1,0
5149,OFF,0,0,0.00,-40.00,-40.00,-100.00,0,0,0.00,0,-64.00,0.00,0.00,0.00,-100.00,0.00,0,0,1,0
5254,OFF,0,0,0.00,-40.00,-40.00,-100.00,0,0,0.00,0,-64.00,0.00,0.00,0.00,-100.00,0.00,0,0,1,0
5359,OFF,0,0,0.00,-40.00,-40.00,-100.00,0,0,0.00,0,-64.00,0.00,0.00,0.00,-100.00,0.00,0,0,1,0
5464,OFF,0,0,0.00,-40.00,-40.00,-100.00,0,0,0.00,0,-64.00,0.00,0.00,0.00,-100.00,0.00,0,0,1,0
5569,OFF,0,0,0.00,-40.00,-40.00,-100.00,0,0,0.00,0,-64.00,0.00,0.00,0.00,-100.00,0.00,0,0,1,0
5674,OFF,0,0,0.00,-40.00,-40.00,-100.00,0,0,0.00,0,-64.00,0.00,0.00,0.00,-100.00,0.00,0,0,1,0
5782,OFF,0,0,0.00,-40.00,-40.00,-100.00,0,0,0.00,0,-64.00,0.00,0.00,0.00,-100.00,0.00,0,0,1,0
5887,OFF,0,0,0.00,-40.00,-40.00,-100.00,0,0,0.00,0,-64.00,0.00,0.00,0.00,-100.00,0.00,0,0,1,0
5992,OFF,0,0,0.00,-40.00,-40.00,-100.00,0,0,0.00,0,-64.00,0.00,0.00,0.00,-100.00,0.00,0,0,1,0
6097,OFF,0,0,0.00,-40.00,-40.00,-100.00,0,0,0.00,0,-64.00,0.00,0.00,0.00,-100.00,0.00,0,0,1,0
6202,OFF,0,0,0.00,-40.00,-40.00,-100.00,0,0,0.00,0,-64.00,0.00,0.00,0.00,-100.00,0.00,0,0,1,0
6307,OFF,0,0,0.00,-40.00,-40.00,-100.00,0,0,0.00,0,-64.00,0.00,0.00,0.00,-100.00,0.00,0,0,1,0
6415,OFF,0,0,0.00,-40.00,-40.00,-100.00,0,0,0.00,0,-64.00,0.00,0.00,0.00,-100.00,0.00,0,0,1,0
6520,OFF,0,0,0.00,-40.00,-40.00,-100.00,0,0,0.00,0,-64.00,0.00,0.00,0.00,-100.00,0.00,0,0,1,0
6625,OFF,0,0,0.00,-40.00,-40.00,-100.00,0,0,0.00,0,-64.00,0.00,0.00,0.00,-100.00,0.00,0,0,1,0
6730,OFF,0,0,0.00,-40.00,-40.00,-100.00,0,0,0.00,0,-64.00,0.00,0.00,0.00,-100.00,0.00,0,0,1,0
6835,OFF,0,0,0.00,-40.00,-40.00,-100.00,0,0,0.00,0,-64.00,0.00,0.00,0.00,-100.00,0.00,0,0,1,0
6940,OFF,0,0,0.00,-40.00,-40.00,-100.00,0,0,0.00,0,-64.00,0.00,0.00,0.00,-100.00,0.00,0,0,1,0
7048,OFF,0,0,0.00,-40.00,-40.00,-100.00,0,0,0.00,0,-64.00,0.00,0.00,0.00,-100.00,0.00,0,0,1,0
7153,OFF,0,0,0.00,-40.00,-40.00,-100.00,0,0,0.00,0,-64.00,0.00,0.00,0.00,-100.00,0.00,0,0,1,0
7258,OFF,0,0,0.00,-40.00,-40.00,-100.00,0,0,0.00,0,-64.00,0.00,0.00,0.00,-100.00,0.00,0,0,1,0
7363,OFF,0,0,0.00,-40.00,-40.00,-100.00,0,0,0.00,0,-64.00,0.00,0.00,0.00,-100.00,0.00,0,0,1,0
7468,ON,1,0,0.00,23.00,28.00,-3.12,146,0,0.00,0,0.00,0.00,0.00,0.00,-100.00,0.00,0,0,1,0
7573,ON,1,0,0.00,23.00,29.00,-3.12,146,146,0.00,0,0.00,30.20,14.90,0.25,0.00,0.00,0,10,1,0
7681,ON,1,0,0.00,23.00,29.00,-3.12,146,146,0.00,0,0.00,30.20,14.90,0.25,0.00,11.56,42,10,1,0
7786,ON,1,0,0.00,23.00,29.00,-3.12,146,146,0.00,0,0.00,30.20,14.90,0.25,0.00,11.56,42,10,1,0
7891,ON,1,0,0.00,23.00,29.00,-3.12,146,146,0.00,0,0.00,30.20,14.90,0.25,0.00,11.56,42,10,1,0
7996,ON,1,0,0.00,23.00,29.00,-3.12,146,146,0.00,0,0.00,30.20,14.90,0.25,0.00,11.56,42,10,1,0
8101,ON,1,0,0.00,23.00,29.00,-3.12,146,146,0.00,0,0.00,30.20,14.90,0.25,0.00,11.56,42,10,1,0
8206,ON,1,0,0.00,23.00,29.00,-3.12,146,146,0.00,0,0.00,30.20,14.90,0.25,0.00,11.56,42,10,1,0
8314,ON,1,0,0.00,23.00,29.00,-3.12,146,146,0.00,0,0.00,30.20,14.90,0.25,0.00,11.56,42,10,1,0
8419,ON,1,0,0.00,23.00,29.00,-3.12,146,146,0.00,0,0.00,30.20,14.90,0.25,0.00,11.56,42,10,1,0
8524,ON,1,0,0.00,23.00,28.00,-3.12,146,146,0.00,0,0.00,30.20,14.90,0.25,0.00,11.56,42,10,1,0
8629,ON,1,0,0.00,23.00,29.00,-3.12,146,146,0.00,0,0.00,30.20,14.90,0.25,0.00,11.48,220,10,1,0
8734,ON,1,0,0.00,23.00,29.00,-3.12,146,146,0.00,0,0.00,30.20,14.90,0.25,0.00,11.48,220,10,1,0
8839,ON,1,0,0.00,24.00,28.00,-3.12,146,146,0.00,0,0.00,30.20,14.90,0.25,0.00,11.48,220,10,1,0
8947,ON,1,0,0.00,23.00,29.00,-3.12,146,146,0.00,0,0.00,30.20,14.90,0.25,0.00,11.48,220,10,1,0
9261,ON,1,0,0.00,23.00,29.00,-3.12,146,146,0.00,0,0.00,30.20,14.90,0.25,0.00,11.48,220,10,1,0
9369,ON,1,0,0.00,24.00,29.00,-3.12,146,146,0.00,0,0.00,30.20,14.90,0.25,0.00,11.48,220,10,1,0
9474,ON,1,0,0.00,24.00,29.00,-3.12,146,146,0.00,0,0.00,30.20,14.90,0.25,0.00,11.48,220,10,1,0
9579,ON,1,0,0.00,24.00,28.00,-3.12,146,146,0.00,0,0.00,30.20,14.90,0.25,0.00,11.48,220,10,1,0
9684,ON,1,0,0.00,24.00,29.00,-3.12,146,146,0.00,0,0.00,30.20,14.90,0.25,0.00,11.48,220,10,1,0
9792,ON,1,0,0.00,24.00,29.00,-3.12,146,146,0.00,0,0.00,30.20,14.90,0.25,0.00,11.48,220,10,1,0
9897,ON,1,0,0.00,24.00,29.00,-3.12,146,146,0.00,0,0.00,30.20,14.90,0.25,0.00,11.48,220,10,1,0
10002,ON,1,0,0.00,23.00,29.00,-3.12,146,146,0.00,0,0.00,30.20,14.90,0.25,0.00,11.48,220,10,1,0
10107,ON,1,0,0.00,24.00,29.00,-3.12,146,146,0.00,0,0.00,30.20,14.90,0.25,0.00,11.48,220,10,1,0
10212,ON,1,0,0.00,24.00,29.00,-3.12,146,146,0.00,0,0.00,30.20,14.90,0.25,0.00,11.48,220,10,1,0
10317,ON,1,0,0.00,24.00,29.00,-3.12,146,146,0.00,0,0.00,30.20,14.90,0.25,0.00,11.48,220,10,1,0
10425,ON,1,0,0.00,24.00,29.00,-3.12,146,146,0.00,0,0.00,30.20,14.90,0.25,0.00,11.48,220,10,1,0
10530,ON,1,0,0.00,24.00,28.00,-3.12,146,146,0.00,0,0.00,30.59,14.90,0.25,0.00,11.48,220,10,1,0
10635,ON,1,0,0.00,23.00,28.00,-3.12,146,146,0.00,0,0.00,30.59,14.90,0.25,0.00,1.25,226,10,1,0
10740,ON,1,0,0.00,24.00,28.00,-3.12,146,146,0.00,0,0.00,30.59,14.90,0.25,0.00,0.00,0,10,1,0
10845,ON,1,0,0.00,24.00,28.00,-3.12,146,146,0.00,0,0.00,30.59,14.90,0.25,0.00,0.00,0,10,1,0
10950,ON,1,0,0.00,23.00,28.00,-3.12,146,146,0.00,0,0.00,30.59,14.90,0.25,0.00,0.00,0,10,1,0
11058,ON,1,0,0.00,24.00,28.00,-3.12,146,146,0.00,0,0.00,30.59,14.90,0.25,0.00,0.00,0,10,1,0
11163,ON,1,0,0.00,24.00,28.00,-3.12,146,146,0.00,0,0.00,30.59,14.90,0.25,0.00,0.00,0,10,1,0
11268,ON,1,0,0.00,24.00,28.00,-3.12,146,146,0.00,0,0.00,30.59,14.90,0.25,0.00,0.00,0,10,1,0
11373,ON,1,0,0.00,24.00,28.00,-3.12,146,146,0.00,0,0.00,30.59,14.90,0.25,0.00,0.00,0,10,1,0
11478,ON,1,0,0.00,24.00,28.00,-3.12,146,146,0.00,0,0.00,30.59,14.90,0.25,0.00,0.00,0,10,1,0
11583,ON,1,0,0.00,23.00,28.00,-3.12,146,146,0.00,0,0.00,30.59,14.90,0.25,0.00,0.00,0,10,1,0
11696,ON,1,0,0.00,24.00,28.00,-3.12,146,146,0.00,0,0.00,30.59,14.90,0.25,0.00,0.00,0,10,1,0
11801,ON,1,0,0.00,24.00,28.00,-3.12,146,146,0.00,0,0.00,30.59,14.90,0.25,0.00,0.00,0,10,1,0
11906,ON,1,0,0.00,24.00,28.00,-3.12,146,146,0.00,0,0.00,30.59,14.90,0.25,0.00,0.00,0,10,1,0
12011,ON,1,0,0.00,24.00,28.00,-3.12,146,146,0.00,0,0.00,30.59,14.90,0.25,0.00,0.00,0,10,1,0
12116,ON,1,0,0.00,24.00,28.00,-3.12,146,146,0.00,0,0.00,30.59,14.90,0.25,0.00,0.00,0,10,1,0
12221,ON,1,0,0.00,24.00,28.00,-3.12,146,146,0.00,0,0.00,30.59,14.90,0.25,0.00,0.00,0,10,1,0
12329,ON,1,0,0.00,24.00,28.00,-3.12,146,146,0.00,0,0.00,30.59,14.90,0.25,0.00,0.00,0,10,1,0
12434,ON,1,0,0.00,23.00,28.00,-3.12,146,146,0.00,0,0.00,30.59,14.90,0.25,0.00,0.00,0,10,1,0
12539,ON,1,0,0.00,24.00,28.00,-3.12,146,146,0.00,0,0.00,30.59,14.90,0.25,0.00,0.00,0,10,1,0
12644,ON,1,0,0.00,24.00,28.00,-3.12,146,146,0.00,0,0.00,30.59,14.90,0.25,0.00,0.00,0,10,1,0
12749,ON,1,0,0.00,23.00,28.00,-3.12,146,146,0.00,0,0.00,30.59,14.90,0.25,0.00,0.00,0,10,1,0
12854,ON,1,0,0.00,24.00,28.00,-3.12,146,146,0.00,0,0.00,30.59,14.90,0.25,0.00,0.00,0,10,1,0
12962,ON,1,0,0.00,24.00,28.00,-3.12,146,146,0.00,0,0.00,30.59,14.90,0.25,0.00,0.00,0,10,1,0
13067,ON,1,0,0.00,23.00,28.00,-3.12,146,146,0.00,0,0.00,30.59,14.90,0.25,0.00,0.00,0,10,1,0
13172,ON,1,0,0.00,24.00,28.00,-3.12,146,146,0.00,0,0.00,30.59,14.90,0.25,0.00,0.00,0,10,1,0
13277,ON,1,0,0.00,24.00,28.00,-3.12,146,146,0.00,0,0.00,30.59,14.90,0.25,0.00,0.00,0,10,1,0
13382,ON,1,0,0.00,24.00,28.00,-3.12,146,146,0.00,0,0.00,30.59,14.90,0.25,0.00,0.00,0,10,1,0
13487,ON,1,0,0.00,24.00,28.00,-3.12,146,146,0.00,0,0.00,30.59,14.90,0.25,0.00,0.00,0,10,1,0
13595,ON,1,0,0.00,24.00,28.00,-3.12,146,146,0.00,0,0.00,30.59,14.90,0.25,0.00,0.00,0,10,1,0
13700,ON,1,0,0.00,23.00,28.00,-3.12,146,146,0.00,0,0.00,30.59,14.90,0.25,0.00,0.00,0,10,1,0
13805,ON,1,0,0.00,24.00,28.00,-3.12,146,146,0.00,0,0.00,30.59,14.90,0.25,0.00,0.00,0,10,1,0
13910,ON,1,0,0.00,24.00,28.00,-3.12,146,146,0.00,0,0.00,30.59,14.90,0.25,0.00,0.00,0,10,1,0
14015,ON,1,0,0.00,23.00,28.00,-3.12,146,146,0.00,0,0.00,30.59,14.90,0.25,0.00,0.00,0,10,1,0
14120,ON,1,0,0.00,24.00,28.00,-3.12,146,146,0.00,0,0.00,30.59,14.90,0.25,0.00,0.00,0,10,1,0
14228,ON,1,0,0.00,24.00,28.00,-3.12,146,146,0.00,0,0.00,30.59,14.90,0.25,0.00,0.00,0,10,1,0
14333,ON,1,0,0.00,24.00,28.00,-3.12,146,146,0.00,0,0.00,30.59,14.90,0.25,0.00,0.00,0,10,1,0
14438,ON,1,0,0.00,24.00,28.00,-3.12,146,146,0.00,0,0.00,30.59,14.90,0.25,0.00,0.00,0,10,1,0
14543,ON,1,0,0.00,24.00,28.00,-3.12,146,146,0.00,0,0.00,30.59,14.90,0.25,0.00,0.00,0,10,1,0
14648,ON,1,0,0.00,24.00,28.00,-3.12,146,146,0.00,0,0.00,30.59,14.90,0.25,0.00,0.00,0,10,1,0
14753,ON,1,0,0.00,24.00,28.00,-3.12,146,146,0.00,0,0.00,30.59,14.90,0.25,0.00,0.00,0,10,1,0
14861,ON,1,0,0.00,24.00,28.00,-3.12,146,146,0.00,0,0.00,30.59,14.90,0.25,0.00,0.00,0,10,1,0
14966,ON,1,0,0.00,24.00,28.00,-3.12,146,146,0.00,0,0.00,30.59,14.90,0.25,0.00,0.00,0,10,1,0
15071,ON,1,0,0.00,24.00,28.00,-3.12,146,146,0.00,0,0.00,30.59,14.90,0.25,0.00,0.00,0,10,1,0
15176,ON,1,0,0.00,24.00,28.00,-3.12,146,146,0.00,0,0.00,30.59,14.90,0.25,0.00,0.00,0,10,1,0
15281,ON,1,0,0.00,24.00,28.00,-3.12,146,146,0.00,0,0.00,30.59,14.90,0.25,0.00,0.00,0,10,1,0
15386,ON,1,0,0.00,24.00,28.00,-3.12,146,146,0.00,0,0.00,30.59,14.90,0.25,0.00,0.00,0,10,1,0
15494,ON,1,0,0.00,24.00,28.00,-3.12,146,146,0.00,0,0.00,30.59,14.90,0.25,0.00,0.00,0,10,1,0
15599,ON,1,0,0.00,24.00,28.00,-3.12,146,146,0.00,0,0.00,30.59,14.90,0.25,0.00,0.00,0,10,1,0
15704,ON,1,0,0.00,24.00,28.00,-3.12,146,146,0.00,0,0.00,30.59,14.90,0.25,0.00,0.00,0,10,1,0
15809,ON,1,0,0.00,24.00,28.00,-3.12,146,146,0.00,0,0.00,30.59,14.90,0.25,0.00,0.00,0,10,1,0
15914,ON,1,0,0.00,24.00,28.00,-3.12,146,146,0.00,0,0.00,30.59,14.90,0.25,0.00,0.00,0,10,1,0
16019,ON,1,0,0.00,24.00,28.00,-3.12,146,146,0.00,0,0.00,30.59,14.90,0.25,0.00,0.00,0,10,1,0
