1127,OFF,0,0,0.00,-40.00,-40.00,-100.00,0,0,0.00,0,-64.00,0.00,0.00,0.00,-100.00,0.00,0,0,0,0
1235,ON,1,0,0.00,26.00,29.00,-3.12,146,146,0.00,0,0.00,42.35,29.41,0.25,0.00,12.19,155,10,0,0
1340,ON,1,0,0.00,26.00,28.00,-3.12,146,146,0.00,0,0.00,42.35,29.41,0.25,0.00,12.11,77,10,0,0
1448,ON,1,0,0.00,26.00,29.00,-3.12,146,146,0.00,0,0.00,42.35,29.41,0.25,0.00,12.11,77,10,0,0
1553,ON,1,0,0.00,26.00,29.00,-3.12,146,146,0.00,0,0.00,42.35,29.41,0.25,0.00,12.19,155,10,0,0
1658,ON,1,0,0.00,26.00,28.00,-3.12,146,146,0.00,0,0.00,42.35,29.41,0.25,0.00,12.11,77,10,0,0
1763,ON,1,0,0.00,26.00,28.00,-3.12,146,146,0.00,0,0.00,42.35,29.41,0.25,0.00,12.11,77,10,0,0
1868,ON,1,0,0.00,26.00,28.00,-3.12,146,146,0.00,0,0.00,42.35,29.41,0.25,0.00,12.11,77,10,0,0
1973,ON,1,0,0.00,26.00,28.00,-3.12,146,146,0.00,0,0.00,42.35,29.41,0.25,0.00,12.19,155,10,0,0
2081,ON,1,0,0.00,26.00,28.00,-3.12,146,146,0.00,0,0.00,42.35,29.41,0.25,0.00,12.19,155,10,0,0
2186,ON,1,0,0.00,26.00,28.00,-3.12,146,146,0.00,0,0.00,42.35,29.41,0.25,0.00,12.19,155,10,0,0
2291,ON,1,0,0.00,26.00,28.00,-3.12,146,146,0.00,0,0.00,42.35,29.41,0.25,0.00,12.19,155,10,0,0
2396,ON,1,0,0.00,26.00,28.00,-3.12,146,146,0.00,0,0.00,41.96,29.41,0.25,0.00,12.11,77,10,0,0
2501,ON,1,0,0.00,26.00,28.00,-3.12,146,146,0.00,0,0.00,41.96,29.41,0.25,0.00,12.19,155,10,0,0
2606,ON,1,0,0.00,26.00,28.00,-3.12,146,146,0.00,0,0.00,42.35,29.41,0.25,0.00,12.19,155,10,0,0
2714,ON,1,0,0.00,26.00,28.00,-3.12,146,146,0.00,0,0.00,42.35,29.41,0.25,0.00,12.19,155,10,0,0
2819,ON,1,0,0.00,26.00,28.00,-3.12,146,146,0.00,0,0.00,42.35,29.41,0.25,0.00,12.19,155,10,0,0
2924,ON,1,0,0.00,26.00,28.00,-3.12,146,146,0.00,0,0.00,42.35,29.41,0.25,0.00,12.19,155,10,0,0
3029,ON,1,0,0.00,26.00,28.00,-3.12,146,146,0.00,0,0.00,42.35,29.41,0.25,0.00,12.19,155,10,0,0
3134,ON,1,0,0.00,26.00,28.00,-3.12,146,146,0.00,0,0.00,42.35,29.41,0.25,0.00,12.19,155,10,0,0
3239,ON,1,0,0.00,26.00,28.00,-3.12,146,146,0.00,0,0.00,42.35,29.41,0.25,0.00,12.19,155,10,0,0
3347,ON,1,0,0.00,26.00,28.00,-3.12,146,146,0.00,0,0.00,42.35,29.41,0.25,0.00,12.19,155,10,0,0
3452,ON,1,0,0.00,26.00,28.00,-3.12,146,146,0.00,0,0.00,42.35,29.41,0.25,0.00,2.66,96,10,0,0
3557,ON,1,0,0.00,26.00,28.00,-3.12,146,146,0.00,0,0.00,42.35,29.41,0.25,0.00,0.00,0,10,0,0
3662,ON,1,0,0.00,26.00,28.00,-3.12,146,146,0.00,0,0.00,42.35,29.41,0.25,0.00,0.00,0,10,0,0
3767,ON,1,0,0.00,26.00,28.00,-3.12,146,146,0.00,0,0.00,42.35,29.41,0.25,0.00,0.00,0,10,0,0
3872,ON,1,0,0.00,26.00,28.00,-3.12,146,146,0.00,0,0.00,42.35,29.41,0.25,0.00,0.00,0,10,0,0
3980,ON,1,0,0.00,26.00,28.00,-3.12,146,146,0.00,0,0.00,42.35,29.41,0.25,0.00,0.00,0,10,0,0
4085,ON,1,0,0.00,26.00,28.00,-3.12,146,146,0.00,0,0.00,42.35,29.41,0.25,0.00,0.00,0,10,0,0
4190,ON,1,0,0.00,26.00,28.00,-3.12,146,146,0.00,0,0.00,42.35,29.41,0.25,0.00,0.00,0,10,0,0
4295,ON,1,0,0.00,26.00,28.00,-3.12,146,146,0.00,0,0.00,42.35,29.41,0.25,0.00,0.00,0,10,0,0
4400,ON,1,0,0.00,26.00,28.00,-3.12,146,146,0.00,0,0.00,42.35,29.41,0.25,0.00,0.00,0,10,0,0
4505,ON,1,0,0.00,26.00,28.00,-3.12,146,146,0.00,0,0.00,42.35,29.41,0.25,0.00,0.00,0,10,0,0
4613,ON,1,0,0.00,26.00,28.00,-3.12,146,146,0.00,0,0.00,42.35,29.41,0.25,0.00,0.00,0,10,0,0
4718,ON,1,0,0.00,26.00,28.00,-3.12,146,146,0.00,0,0.00,42.35,29.41,0.25,0.00,0.00,0,10,0,0
4823,ON,1,0,0.00,26.00,28.00,-3.12,146,146,0.00,0,0.00,42.35,29.41,0.25,0.00,0.00,0,10,0,0
4928,ON,1,0,0.00,26.00,28.00,-3.12,146,146,0.00,0,0.00,42.35,29.41,0.25,0.00,0.00,0,10,0,0
5033,ON,1,0,0.00,26.00,28.00,-3.12,146,146,0.00,0,0.00,42.35,29.41,0.25,0.00,0.00,0,10,0,0
5138,ON,1,0,0.00,26.00,28.00,-3.12,146,146,0.00,0,0.00,42.35,29.41,0.25,0.00,0.00,0,10,0,0
5246,ON,1,0,0.00,26.00,28.00,-3.12,146,146,0.00,0,0.00,42.35,29.41,0.25,0.00,0.00,0,10,0,0
5351,ON,1,0,0.00,26.00,28.00,-3.12,146,146,0.00,0,0.00,42.35,29.41,0.25,0.00,0.00,0,10,0,0
5456,ON,1,0,0.00,26.00,28.00,-3.12,146,146,0.00,0,0.00,42.35,29.41,0.25,0.00,0.00,0,10,0,0
5561,ON,1,0,0.00,26.00,28.00,-3.12,146,146,0.00,0,0.00,42.35,29.41,0.25,0.00,0.00,0,10,0,0
5666,ON,1,0,0.00,26.00,28.00,-3.12,146,146,0.00,0,0.00,42.35,29.41,0.25,0.00,0.00,0,10,0,0
5771,ON,1,0,0.00,26.00,28.00,-3.12,146,146,0.00,0,0.00,42.35,29.41,0.25,0.00,0.00,0,10,0,0
5879,ON,1,0,0.00,26.00,28.00,-3.12,146,146,0.00,0,0.00,42.35,29.41,0.25,0.00,0.00,0,10,0,0
5984,ON,1,0,0.00,26.00,28.00,-3.12,146,146,0.00,0,0.00,42.35,29.41,0.25,0.00,0.00,0,10,0,0
6089,ON,1,0,0.00,26.00,28.00,-3.12,146,146,0.00,0,0.00,42.35,29.41,0.25,0.00,0.00,0,10,0,0
6194,ON,1,0,0.00,26.00,28.00,-3.12,146,146,0.00,0,0.00,42.35,29.41,0.25,0.00,0.00,0,10,0,0
6299,ON,1,0,0.00,26.00,28.00,-3.12,146,146,0.00,0,0.00,42.35,29.41,0.25,0.00,0.00,0,10,0,0
6404,ON,1,0,0.00,26.00,28.00,-3.12,146,146,0.00,0,0.00,42.35,29.41,0.25,0.00,0.00,0,10,0,0
6512,ON,1,0,0.00,26.00,28.00,-3.12,146,146,0.00,0,0.00,42.35,29.41,0.25,0.00,0.00,0,10,0,0
6617,ON,1,0,0.00,26.00,28.00,-3.12,146,146,0.00,0,0.00,42.35,29.41,0.25,0.00,0.00,0,10,0,0
6722,ON,1,0,0.00,26.00,28.00,-3.12,146,146,0.00,0,0.00,42.35,29.41,0.25,0.00,0.00,0,10,0,0
6827,ON,1,0,0.00,26.00,28.00,-3.12,146,146,0.00,0,0.00,42.35,29.41,0.25,0.00,0.00,0,10,0,0
6932,ON,1,0,0.00,26.00,28.00,-3.12,146,146,0.00,0,0.00,42.35,29.41,0.25,0.00,0.00,0,10,0,0
7037,ON,1,0,0.00,26.00,28.00,-3.12,146,146,0.00,0,0.00,42.35,29.41,0.25,0.00,0.00,0,10,0,0
7145,ON,1,0,0.00,26.00,28.00,-3.12,146,146,0.00,0,0.00,42.35,29.41,0.25,0.00,0.00,0,10,0,0
7250,ON,1,0,0.00,26.00,28.00,-3.12,146,146,0.00,0,0.00,42.35,29.41,0.25,0.00,0.00,0,10,0,0
7355,ON,1,0,0.00,26.00,28.00,-3.12,146,146,0.00,0,0.00,42.35,29.41,0.25,0.00,0.00,0,10,0,0
7460,ON,1,0,0.00,26.00,28.00,-3.12,146,146,0.00,0,0.00,42.35,29.41,0.25,0.00,0.00,0,10,0,0
7565,ON,1,0,0.00,26.00,28.00,-3.12,146,146,0.00,0,0.00,42.35,29.41,0.25,0.00,0.00,0,10,0,0
7670,ON,1,0,0.00,26.00,28.00,-3.12,146,146,0.00,0,0.00,42.35,29.41,0.25,0.00,0.00,0,10,0,0
7778,ON,1,0,0.00,26.00,28.00,-3.12,146,146,0.00,0,0.00,42.35,29.41,0.25,0.00,0.00,0,10,0,0
7883,ON,1,0,0.00,26.00,28.00,-3.12,146,146,0.00,0,0.00,42.35,29.41,0.25,0.00,0.00,0,10,0,0
7988,ON,1,0,0.00,26.00,28.00,-3.12,146,146,0.00,0,0.00,42.35,29.41,0.25,0.00,0.00,0,10,0,0
8093,ON,1,0,0.00,26.00,28.00,-3.12,146,146,0.00,0,0.00,42.35,29.41,0.25,0.00,0.00,0,10,0,0
8198,ON,1,0,0.00,26.00,28.00,-3.12,146,146,0.00,0,0.00,42.35,29.41,0.25,0.00,0.00,0,10,0,0
8303,ON,1,0,0.00,26.00,28.00,-3.12,146,146,0.00,0,0.00,42.35,29.41,0.25,0.00,0.00,0,10,0,0
8411,ON,1,0,0.00,26.00,28.00,-3.12,146,146,0.00,0,0.00,42.35,29.41,0.25,0.00,0.00,0,10,0,0
8516,ON,1,0,0.00,26.00,28.00,-3.12,146,146,0.00,0,0.00,42.35,29.41,0.25,0.00,0.00,0,10,0,0
8621,ON,1,0,0.00,26.00,28.00,-3.12,146,146,0.00,0,0.00,42.35,29.41,0.25,0.00,0.00,0,10,0,0
8726,ON,1,0,0.00,26.00,28.00,-3.12,146,146,0.00,0,0.00,42.35,29.41,0.25,0.00,0.00,0,10,0,0
8831,ON,1,0,0.00,26.00,28.00,-3.12,146,146,0.00,0,0.00,42.35,29.41,0.25,0.00,0.00,0,10,0,0
8936,ON,1,0,0.00,26.00,28.00,-3.12,146,146,0.00,0,0.00,42.35,29.41,0.25,0.00,0.00,0,10,0,0
9044,ON,1,0,0.00,26.00,28.00,-3.12,146,146,0.00,0,0.00,42.35,29.41,0.25,0.00,0.00,0,10,0,0
9149,ON,1,0,0.00,26.00,28.00,-3.12,146,146,0.00,0,0.00,42.35,29.41,0.25,0.00,0.00,0,10,0,0
9254,ON,1,0,0.00,26.00,28.00,-3.12,146,146,0.00,0,0.00,42.35,29.41,0.25,0.00,0.00,0,10,0,0
9359,ON,1,0,0.00,26.00,28.00,-3.12,146,146,0.00,0,0.00,42.35,29.41,0.25,0.00,0.00,0,10,0,0
9464,ON,1,0,0.00,26.00,28.00,-3.12,146,146,0.00,0,0.00,42.35,29.41,0.25,0.00,0.00,0,10,0,0
9569,ON,1,0,0.00,26.00,28.00,-3.12,146,146,0.00,0,0.00,42.35,29.41,0.25,0.00,0.00,0,10,0,0
9677,ON,1,0,0.00,26.00,28.00,-3.12,146,146,0.00,0,0.00,42.35,29.41,0.25,0.00,0.00,0,10,0,0
9782,ON,1,0,0.00,26.00,28.00,-3.12,146,146,0.00,0,0.00,42.35,29.41,0.25,0.00,0.00,0,10,0,0
9887,ON,1,0,0.00,26.00,28.00,-3.12,146,146,0.00,0,0.00,42.35,29.41,0.25,0.00,0.00,0,10,0,0
9992,ON,1,0,0.00,26.00,28.00,-3.12,146,146,0.00,0,0.00,42.35,29.41,0.25,0.00,0.00,0,10,0,0
10097,ON,1,0,0.00,26.00,28.00,-3.12,146,146,0.00,0,0.00,42.35,29.41,0.25,0.00,0.00,0,10,0,0
10202,ON,1,0,0.00,26.00,28.00,-3.12,146,146,0.00,0,0.00,42.35,29.41,0.25,0.00,0.00,0,10,0,0
10310,ON,1,0,0.00,26.00,28.00,-3.12,146,146,0.00,0,0.00,42.35,29.41,0.25,0.00,0.00,0,10,0,0
10415,ON,1,0,0.00,26.00,28.00,-3.12,146,146,0.00,0,0.00,42.35,29.41,0.25,0.00,0.00,0,10,0,0
10519,ON,1,0,0.00,26.00,28.00,-3.12,146,146,0.00,0,0.00,42.35,29.41,0.25,0.00,0.00,0,10,0,0
10624,ON,1,0,0.00,26.00,28.00,-3.12,146,146,0.00,0,0.00,42.35,29.41,0.25,0.00,0.00,0,10,0,0
10729,ON,1,0,0.00,26.00,28.00,-3.12,146,146,0.00,0,0.00,42.35,29.41,0.25,0.00,0.00,0,10,0,0
10834,ON,1,0,0.00,26.00,28.00,-3.12,146,146,0.00,0,0.00,42.35,29.41,0.25,0.00,0.00,0,10,0,0
10942,ON,1,0,0.00,26.00,28.00,-3.12,146,146,0.00,0,0.00,42.35,29.41,0.25,0.00,0.00,0,10,0,0
11047,ON,1,0,0.00,26.00,28.00,-3.12,146,146,0.00,0,0.00,42.35,29.41,0.25,0.00,0.00,0,10,0,0
11152,ON,1,0,0.00,26.00,28.00,-3.12,146,146,0.00,0,0.00,42.35,29.41,0.25,0.00,0.00,0,10,0,0
11257,ON,1,0,0.00,26.00,28.00,-3.12,146,146,0.00,0,0.00,42.35,29.41,0.25,0.00,0.00,0,10,0,0
11362,ON,1,0,0.00,26.00,28.00,-3.12,146,146,0.00,0,0.00,42.35,29.41,0.25,0.00,0.00,0,10,0,0
11467,ON,1,0,0.00,26.00,28.00,-3.12,146,146,0.00,0,0.00,42.35,29.41,0.25,0.00,0.00,0,10,0,0
11575,ON,1,0,0.00,26.00,28.00,-3.12,146,146,0.00,0,0.00,42.35,29.41,0.25,0.00,0.00,0,10,0,0
11680,ON,1,0,0.00,26.00,28.00,-3.12,146,146,0.00,0,0.00,42.35,29.41,0.25,0.00,0.00,0,10,0,0
11785,ON,1,0,0.00,26.00,28.00,-3.12,146,146,0.00,0,0.00,42.35,29.41,0.25,0.00,0.00,0,10,0,0
11890,ON,1,0,0.00,26.00,28.00,-3.12,146,146,0.00,0,0.00,42.35,29.41,0.25,0.00,0.00,0,10,0,0
11995,ON,1,0,0.00,26.00,28.00,-3.12,146,146,0.00,0,0.00,42.35,29.41,0.25,0.00,0.00,0,10,0,0
12100,ON,1,0,0.00,26.00,28.00,-3.12,146,146,0.00,0,0.00,42.35,29.41,0.25,0.00,0.00,0,10,0,0
12208,ON,1,0,0.00,26.00,28.00,-3.12,146,146,0.00,0,0.00,42.35,29.41,0.25,0.00,0.00,0,10,0,0
12313,ON,1,0,0.00,26.00,28.00,-3.12,146,146,0.00,0,0.00,42.35,29.41,0.25,0.00,0.00,0,10,0,0
12418,ON,1,0,0.00,26.00,28.00,-3.12,146,146,0.00,0,0.00,42.35,29.41,0.25,0.00,0.00,0,10,0,0
12523,ON,1,0,0.00,26.00,28.00,-3.12,146,146,0.00,0,0.00,42.35,29.41,0.25,0.00,0.00,0,10,0,0
12628,ON,1,0,0.00,26.00,28.00,-3.12,146,146,0.00,0,0.00,42.35,29.41,0.25,0.00,0.00,0,10,0,0
12733,ON,1,0,0.00,26.00,28.00,-3.12,146,146,0.00,0,0.00,42.35,29.41,0.25,0.00,0.00,0,10,0,0
12841,ON,1,0,0.00,26.00,28.00,-3.12,146,146,0.00,0,0.00,42.35,29.41,0.25,0.00,0.00,0,10,0,0
12946,ON,1,0,0.00,26.00,28.00,-3.12,146,146,0.00,0,0.00,42.35,29.41,0.25,0.00,0.00,0,10,0,0
13051,ON,1,0,0.00,26.00,28.00,-3.12,146,146,0.00,0,0.00,42.35,29.41,0.25,0.00,0.00,0,10,0,0
13156,ON,1,0,0.00,26.00,28.00,-3.12,146,146,0.00,0,0.00,42.35,29.41,0.25,0.00,0.00,0,10,0,0
13261,ON,1,0,0.00,26.00,28.00,-3.12,146,146,0.00,0,0.00,42.35,29.41,0.25,0.00,0.00,0,10,0,0
13366,ON,1,0,0.00,26.00,28.00,-3.12,146,146,0.00,0,0.00,42.35,29.41,0.25,0.00,0.00,0,10,0,0
13474,ON,1,0,0.00,26.00,28.00,-3.12,146,146,0.00,0,0.00,42.35,29.41,0.25,0.00,0.00,0,10,0,0
13579,ON,1,0,0.00,26.00,28.00,-3.12,146,146,0.00,0,0.00,42.35,29.41,0.25,0.00,0.00,0,10,0,0
13684,ON,1,0,0.00,26.00,28.00,-3.12,146,146,0.00,0,0.00,42.35,29.41,0.25,0.00,0.00,0,10,0,0
13789,ON,1,0,0.00,26.00,28.00,-3.12,146,146,0.00,0,0.00,42.35,29.41,0.25,0.00,0.00,0,10,0,0
13894,ON,1,0,0.00,26.00,28.00,-3.12,146,146,0.00,0,0.00,42.35,29.41,0.25,0.00,0.00,0,10,0,0
13999,ON,1,0,0.00,26.00,28.00,-3.12,146,146,0.00,0,0.00,42.35,29.41,0.25,0.00,0.00,0,10,0,0
14107,ON,1,0,0.00,26.00,28.00,-3.12,146,146,0.00,0,0.00,42.35,29.41,0.25,0.00,0.00,0,10,0,0
14212,ON,1,0,0.00,26.00,28.00,-3.12,146,146,0.00,0,0.00,42.35,29.41,0.25,0.00,0.00,0,10,0,0
14317,ON,1,0,0.00,26.00,28.00,-3.12,146,146,0.00,0,0.00,42.35,29.41,0.25,0.00,0.00,0,10,0,0
14422,ON,1,0,0.00,26.00,28.00,-3.12,146,146,0.00,0,0.00,42.35,29.41,0.25,0.00,0.00,0,10,0,0
14527,ON,1,0,0.00,26.00,28.00,-3.12,146,146,0.00,0,0.00,42.35,29.41,0.25,0.00,0.00,0,10,0,0
14632,ON,1,0,0.00,26.00,28.00,-3.12,146,146,0.00,0,0.00,42.35,29.41,0.25,0.00,0.00,0,10,0,0
14740,ON,1,0,0.00,26.00,28.00,-3.12,146,146,0.00,0,0.00,42.35,29.41,0.25,0.00,0.00,0,10,0,0
14845,ON,1,0,0.00,26.00,28.00,-3.12,146,146,0.00,0,0.00,42.35,29.41,0.25,0.00,0.00,0,10,0,0
14950,ON,1,0,0.00,26.00,28.00,-3.12,146,146,0.00,0,0.00,42.35,29.41,0.25,0.00,0.00,0,10,0,0
15055,ON,1,0,0.00,26.00,28.00,-3.12,146,146,0.00,0,0.00,42.35,29.41,0.25,0.00,0.00,0,10,0,0
15160,ON,1,0,0.00,26.00,28.00,-3.12,146,146,0.00,0,0.00,42.35,29.41,0.25,0.00,0.00,0,10,0,0
15265,ON,1,0,0.00,26.00,28.00,-3.12,146,146,0.00,0,0.00,42.35,29.41,0.25,0.00,0.00,0,10,0,0
15373,ON,1,0,0.00,26.00,28.00,-3.12,146,146,0.00,0,0.00,42.35,29.41,0.25,0.00,0.00,0,10,0,0
15478,ON,1,0,0.00,26.00,28.00,-3.12,146,146,0.00,0,0.00,42.35,29.41,0.25,0.00,0.00,0,10,0,0
15583,ON,1,0,0.00,26.00,28.00,-3.12,146,146,0.00,0,0.00,42.35,29.41,0.25,0.00,0.00,0,10,0,0
15688,ON,1,0,0.00,26.00,28.00,-3.12,146,146,0.00,0,0.00,42.35,29.41,0.25,0.00,0.00,0,10,0,0
15793,ON,1,0,0.00,26.00,28.00,-3.12,146,146,0.00,0,0.00,42.35,29.41,0.25,0.00,0.00,0,10,0,0
15898,ON,1,0,0.00,26.00,28.00,-3.12,146,146,0.00,0,0.00,42.35,29.41,0.25,0.00,0.00,0,10,0,0
16006,ON,1,0,0.00,26.00,28.00,-3.12,146,146,0.00,0,0.00,42.35,29.41,0.25,0.00,0.00,0,10,0,0
16111,ON,1,0,0.00,26.00,28.00,-3.12,146,146,0.00,0,0.00,42.35,29.41,0.25,0.00,0.00,0,10,0,0
16216,ON,1,0,0.00,26.00,28.00,-3.12,146,146,0.00,0,0.00,42.35,29.41,0.25,0.00,0.00,0,10,0,0
16321,ON,1,0,0.00,26.00,28.00,-3.12,146,146,0.00,0,0.00,42.35,29.41,0.25,0.00,0.00,0,10,0,0
16426,ON,1,0,0.00,26.00,28.00,-3.12,146,146,0.00,0,0.00,42.35,29.41,0.25,0.00,0.00,0,10,0,0
16531,ON,1,0,0.00,26.00,28.00,-3.12,146,146,0.00,0,0.00,42.35,29.41,0.25,0.00,0.00,0,10,0,0
16639,ON,1,0,0.00,26.00,28.00,-3.12,146,146,0.00,0,0.00,42.35,29.41,0.25,0.00,0.00,0,10,0,0
16744,ON,1,0,0.00,26.00,28.00,-3.12,146,146,0.00,0,0.00,42.35,29.41,0.25,0.00,0.00,0,10,0,0
16849,ON,1,0,0.00,26.00,28.00,-3.12,146,146,0.00,0,0.00,42.35,29.41,0.25,0.00,0.00,0,10,0,0
16954,ON,1,0,0.00,26.00,28.00,-3.12,146,146,0.00,0,0.00,42.35,29.41,0.25,0.00,0.00,0,10,0,0
17059,ON,1,0,0.00,26.00,28.00,-3.12,146,146,0.00,0,0.00,42.35,29.41,0.25,0.00,0.00,0,10,0,0
17164,ON,1,0,0.00,26.00,28.00,-3.12,146,146,0.00,0,0.00,42.35,29.41,0.25,0.00,0.00,0,10,0,0
17272,ON,1,0,0.00,26.00,28.00,-3.12,146,146,0.00,0,0.00,42.35,29.41,0.25,0.00,0.00,0,10,0,0
17377,ON,1,0,0.00,26.00,28.00,-3.12,146,146,0.00,0,0.00,42.35,29.41,0.25,0.00,0.00,0,10,0,0
17482,ON,1,0,0.00,26.00,28.00,-3.12,146,146,0.00,0,0.00,42.35,29.41,0.25,0.00,0.00,0,10,0,0
17587,ON,1,0,0.00,26.00,28.00,-3.12,146,146,0.00,0,0.00,42.35,29.41,0.25,0.00,0.00,0,10,0,0
17692,ON,1,0,0.00,26.00,28.00,-3.12,146,146,0.00,0,0.00,42.35,29.41,0.25,0.00,0.00,0,10,0,0
17797,ON,1,0,0.00,26.00,28.00,-3.12,146,146,0.00,0,0.00,42.35,29.41,0.25,0.00,0.00,0,10,0,0
17905,ON,1,0,0.00,26.00,28.00,-3.12,146,146,0.00,0,0.00,42.35,29.41,0.25,0.00,0.00,0,10,0,0
18010,ON,1,0,0.00,26.00,28.00,-3.12,146,146,0.00,0,0.00,42.35,29.41,0.25,0.00,0.00,0,10,0,0
18115,ON,1,0,0.00,26.00,28.00,-3.12,146,146,0.00,0,0.00,42.35,29.41,0.25,0.00,0.00,0,10,0,0
18220,ON,1,0,0.00,26.00,28.00,-3.12,146,146,0.00,0,0.00,42.35,29.41,0.25,0.00,0.00,0,10,0,0
18325,ON,1,0,0.00,26.00,28.00,-3.12,146,146,0.00,0,0.00,42.35,29.41,0.25,0.00,0.00,0,10,0,0
18430,ON,1,0,0.00,26.00,28.00,-3.12,146,146,0.00,0,0.00,42.35,29.41,0.25,0.00,0.00,0,10,0,0
18538,ON,1,0,0.00,26.00,28.00,-3.12,146,146,0.00,0,0.00,42.35,29.41,0.25,0.00,0.00,0,10,0,0
18643,ON,1,0,0.00,26.00,28.00,-3.12,146,146,0.00,0,0.00,42.35,29.41,0.25,0.00,0.00,0,10,0,0
18748,ON,1,0,0.00,26.00,28.00,-3.12,146,146,0.00,0,0.00,42.35,29.41,0.25,0.00,0.00,0,10,0,0
18853,ON,1,0,0.00,26.00,28.00,-3.12,146,146,0.00,0,0.00,42.35,29.41,0.25,0.00,0.00,0,10,0,0
18958,ON,1,0,0.00,26.00,28.00,-3.12,146,146,0.00,0,0.00,42.35,29.41,0.25,0.00,0.00,0,10,0,0
19063,ON,1,0,0.00,26.00,28.00,-3.12,146,146,0.00,0,0.00,42.35,29.41,0.25,0.00,0.00,0,10,0,0
19171,ON,1,0,0.00,26.00,28.00,-3.12,146,146,0.00,0,0.00,42.35,29.41,0.25,0.00,0.00,0,10,0,0
19276,ON,1,0,0.00,26.00,28.00,-3.12,146,146,0.00,0,0.00,42.35,29.41,0.25,0.00,0.00,0,10,0,0
19381,ON,1,0,0.00,26.00,28.00,-3.12,146,146,0.00,0,0.00,42.35,29.41,0.25,0.00,0.00,0,10,0,0
19486,ON,1,0,0.00,26.00,28.00,-3.12,146,146,0.00,0,0.00,42.35,29.41,0.25,0.00,0.00,0,10,0,0
19591,ON,1,0,0.00,26.00,28.00,-3.12,146,146,0.00,0,0.00,42.35,29.41,0.25,0.00,0.00,0,10,0,0
19696,ON,1,0,0.00,26.00,28.00,-3.12,146,146,0.00,0,0.00,42.35,29.41,0.25,0.00,0.00,0,10,0,0
19803,ON,1,0,0.00,26.00,28.00,-3.12,146,146,0.00,0,0.00,42.35,29.41,0.25,0.00,0.00,0,10,0,0
19908,ON,1,0,0.00,26.00,28.00,-3.12,146,146,0.00,0,0.00,42.35,29.41,0.25,0.00,0.00,0,10,0,0
20013,ON,1,0,0.00,26.00,28.00,-3.12,146,146,0.00,0,0.00,42.35,29.41,0.25,0.00,0.00,0,10,0,0
20118,ON,1,0,0.00,26.00,28.00,-3.12,146,146,0.00,0,0.00,42.35,29.41,0.25,0.00,0.00,0,10,0,0
20223,ON,1,0,0.00,26.00,28.00,-3.12,146,146,0.00,0,0.00,42.35,29.41,0.25,0.00,0.00,0,10,0,0
20328,ON,1,0,0.00,26.00,28.00,-3.12,146,146,0.00,0,0.00,42.35,29.41,0.25,0.00,0.00,0,10,0,0
20436,ON,1,0,0.00,26.00,28.00,-3.12,146,146,0.00,0,0.00,42.35,29.41,0.25,0.00,0.00,0,10,0,0
20541,ON,1,0,0.00,26.00,28.00,-3.12,146,146,0.00,0,0.00,42.35,29.41,0.25,0.00,0.00,0,10,0,0
20646,ON,1,0,0.00,26.00,28.00,-3.12,146,146,0.00,0,0.00,42.35,29.41,0.25,0.00,0.00,0,10,0,0
20751,ON,1,0,0.00,26.00,28.00,-3.12,146,146,0.00,0,0.00,42.35,29.41,0.25,0.00,0.00,0,10,0,0
20856,ON,1,0,0.00,26.00,28.00,-3.12,146,146,0.00,0,0.00,42.35,29.41,0.25,0.00,0.00,0,10,0,0
20961,ON,1,0,0.00,26.00,28.00,-3.12,146,146,0.00,0,0.00,42.35,29.41,0.25,0.00,0.00,0,10,0,0
21069,ON,1,0,0.00,26.00,28.00,-3.12,146,146,0.00,0,0.00,42.35,29.41,0.25,0.00,0.00,0,10,0,0
21174,ON,1,0,0.00,26.00,28.00,-3.12,146,146,0.00,0,0.00,42.35,29.41,0.25,0.00,0.00,0,10,0,0
21279,ON,1,0,0.00,26.00,28.00,-3.12,146,146,0.00,0,0.00,42.35,29.41,0.25,0.00,0.00,0,10,0,0
21384,ON,1,0,0.00,26.00,28.00,-3.12,146,146,0.00,0,0.00,42.35,29.41,0.25,0.00,0.00,0,10,0,0
21489,ON,1,0,0.00,26.00,28.00,-3.12,146,146,0.00,0,0.00,42.35,29.41,0.25,0.00,0.00,0,10,0,0
21594,ON,1,0,0.00,26.00,28.00,-3.12,146,146,0.00,0,0.00,42.35,29.41,0.25,0.00,0.00,0,10,0,0
21702,ON,1,0,0.00,26.00,28.00,-3.12,146,146,0.00,0,0.00,42.35,29.41,0.25,0.00,0.00,0,10,0,0
21807,ON,1,0,0.00,26.00,28.00,-3.12,146,146,0.00,0,0.00,42.35,29.41,0.25,0.00,0.00,0,10,0,0
21912,ON,1,0,0.00,26.00,28.00,-3.12,146,146,0.00,0,0.00,42.35,29.41,0.25,0.00,0.00,0,10,0,0
22017,ON,1,0,0.00,26.00,28.00,-3.12,146,146,0.00,0,0.00,42.35,29.41,0.25,0.00,0.00,0,10,0,0
22122,ON,1,0,0.00,26.00,28.00,-3.12,146,146,0.00,0,0.00,42.35,29.41,0.25,0.00,0.00,0,10,0,0
22227,ON,1,0,0.00,26.00,28.00,-3.12,146,146,0.00,0,0.00,42.35,29.41,0.25,0.00,0.00,0,10,0,0
22335,ON,1,0,0.00,26.00,28.00,-3.12,146,146,0.00,0,0.00,42.35,29.41,0.25,0.00,0.00,0,10,0,0
22440,ON,1,0,0.00,26.00,28.00,-3.12,146,146,0.00,0,0.00,42.35,29.41,0.25,0.00,0.00,0,10,0,0
22545,ON,1,0,0.00,26.00,28.00,-3.12,146,146,0.00,0,0.00,42.35,29.41,0.25,0.00,0.00,0,10,0,0
22650,ON,1,0,0.00,26.00,28.00,-3.12,146,146,0.00,0,0.00,42.35,29.41,0.25,0.00,0.00,0,10,0,0
22755,ON,1,0,0.00,26.00,28.00,-3.12,146,146,0.00,0,0.00,42.35,29.41,0.25,0.00,0.00,0,10,0,0
22860,ON,1,0,0.00,26.00,28.00,-3.12,146,146,0.00,0,0.00,42.35,29.41,0.25,0.00,0.00,0,10,0,0
22968,ON,1,0,0.00,26.00,28.00,-3.12,146,146,0.00,0,0.00,42.35,29.41,0.25,0.00,0.00,0,10,0,0
23073,ON,1,0,0.00,26.00,28.00,-3.12,146,146,0.00,0,0.00,42.35,29.41,0.25,0.00,0.00,0,10,0,0
23178,ON,1,0,0.00,26.00,28.00,-3.12,146,146,0.00,0,0.00,42.35,29.41,0.25,0.00,0.00,0,10,0,0
23283,ON,1,0,0.00,26.00,28.00,-3.12,146,146,0.00,0,0.00,42.35,29.41,0.25,0.00,0.00,0,10,0,0
23388,ON,1,0,0.00,26.00,28.00,-3.12,146,146,0.00,0,0.00,42.35,29.41,0.25,0.00,0.00,0,10,0,0
23493,ON,1,0,0.00,26.00,28.00,-3.12,146,146,0.00,0,0.00,42.35,29.41,0.25,0.00,0.00,0,10,0,0
23601,ON,1,0,0.00,26.00,28.00,-3.12,146,146,0.00,0,0.00,42.35,29.41,0.25,0.00,0.00,0,10,0,0
23706,ON,1,0,0.00,26.00,28.00,-3.12,146,146,0.00,0,0.00,42.35,29.41,0.25,0.00,0.00,0,10,0,0
23811,ON,1,0,0.00,26.00,28.00,-3.12,146,146,0.00,0,0.00,42.35,29.41,0.25,0.00,0.00,0,10,0,0
