1119,OFF,0,0,0.00,-40.00,-40.00,-100.00,0,0,0.00,0,-64.00,0.00,0.00,0.00,-100.00,0.00,0,0,0,0
1227,OFF,0,0,0.00,-40.00,-40.00,-100.00,0,0,0.00,0,-64.00,0.00,0.00,0.00,-100.00,0.00,0,0,0,0
1332,OFF,0,0,0.00,-40.00,-40.00,-100.00,0,0,0.00,0,-64.00,0.00,0.00,0.00,-100.00,0.00,0,0,0,0
1437,OFF,0,0,0.00,-40.00,-40.00,-100.00,0,0,0.00,0,-64.00,0.00,0.00,0.00,-100.00,0.00,0,0,0,0
1545,OFF,0,0,0.00,-40.00,-40.00,-100.00,0,0,0.00,0,-64.00,0.00,0.00,0.00,-100.00,0.00,0,0,0,0
1650,OFF,0,0,0.00,-40.00,-40.00,-100.00,0,0,0.00,0,-64.00,0.00,0.00,0.00,-100.00,0.00,0,0,0,0
1755,OFF,0,0,0.00,-40.00,-40.00,-100.00,0,0,0.00,0,-64.00,0.00,0.00,0.00,-100.00,0.00,0,0,0,0
1860,OFF,0,0,0.00,-40.00,-40.00,-100.00,0,0,0.00,0,-64.00,0.00,0.00,0.00,-100.00,0.00,0,0,0,0
1965,OFF,0,0,0.00,-40.00,-40.00,-100.00,0,0,0.00,0,-64.00,0.00,0.00,0.00,-100.00,0.00,0,0,0,0
2070,OFF,0,0,0.00,-40.00,-40.00,-100.00,0,0,0.00,0,-64.00,0.00,0.00,0.00,-100.00,0.00,0,0,0,0
2178,OFF,0,0,0.00,-40.00,-40.00,-100.00,0,0,0.00,0,-64.00,0.00,0.00,0.00,-100.00,0.00,0,0,0,0
2283,OFF,0,0,0.00,-40.00,-40.00,-100.00,0,0,0.00,0,-64.00,0.00,0.00,0.00,-100.00,0.00,0,0,0,0
2388,OFF,0,0,0.00,-40.00,-40.00,-100.00,0,0,0.00,0,-64.00,0.00,0.00,0.00,-100.00,0.00,0,0,0,0
2493,OFF,0,0,0.00,-40.00,-40.00,-100.00,0,0,0.00,0,-64.00,0.00,0.00,0.00,-100.00,0.00,0,0,0,0
2598,OFF,0,0,0.00,-40.00,-40.00,-100.00,0,0,0.00,0,-64.00,0.00,0.00,0.00,-100.00,0.00,0,0,0,0
2703,OFF,0,0,0.00,-40.00,-40.00,-100.00,0,0,0.00,0,-64.00,0.00,0.00,0.00,-100.00,0.00,0,0,0,0
2811,OFF,0,0,0.00,-40.00,-40.00,-100.00,0,0,0.00,0,-64.00,0.00,0.00,0.00,-100.00,0.00,0,0,0,0
2916,OFF,0,0,0.00,-40.00,-40.00,-100.00,0,0,0.00,0,-64.00,0.00,0.00,0.00,-100.00,0.00,0,0,0,0
3021,OFF,0,0,0.00,-40.00,-40.00,-100.00,0,0,0.00,0,-64.00,0.00,0.00,0.00,-100.00,0.00,0,0,0,0
3126,OFF,0,0,0.00,-40.00,-40.00,-100.00,0,0,0.00,0,-64.00,0.00,0.00,0.00,-100.00,0.00,0,0,0,0
3231,OFF,0,0,0.00,-40.00,-40.00,-100.00,0,0,0.00,0,-64.00,0.00,0.00,0.00,-100.00,0.00,0,0,0,0
3336,OFF,0,0,0.00,-40.00,-40.00,-100.00,0,0,0.00,0,-64.00,0.00,0.00,0.00,-100.00,0.00,0,0,0,0
3444,OFF,0,0,0.00,-40.00,-40.00,-100.00,0,0,0.00,0,-64.00,0.00,0.00,0.00,-100.00,0.00,0,0,0,0
3549,OFF,0,0,0.00,-40.00,-40.00,-100.00,0,0,0.00,0,-64.00,0.00,0.00,0.00,-100.00,0.00,0,0,0,0
3654,OFF,0,0,0.00,-40.00,-40.00,-100.00,0,0,0.00,0,-64.00,0.00,0.00,0.00,-100.00,0.00,0,0,0,0
3759,OFF,0,0,0.00,-40.00,-40.00,-100.00,0,0,0.00,0,-64.00,0.00,0.00,0.00,-100.00,0.00,0,0,0,0
3864,OFF,0,0,0.00,-40.00,-40.00,-100.00,0,0,0.00,0,-64.00,0.00,0.00,0.00,-100.00,0.00,0,0,0,0
3969,OFF,0,0,0.00,-40.00,-40.00,-100.00,0,0,0.00,0,-64.00,0.00,0.00,0.00,-100.00,0.00,0,0,0,0
4077,OFF,0,0,0.00,-40.00,-40.00,-100.00,0,0,0.00,0,-64.00,0.00,0.00,0.00,-100.00,0.00,0,0,0,0
4182,OFF,0,0,0.00,-40.00,-40.00,-100.00,0,0,0.00,0,-64.00,0.00,0.00,0.00,-100.00,0.00,0,0,0,0
4287,OFF,0,0,0.00,-40.00,-40.00,-100.00,0,0,0.00,0,-64.00,0.00,0.00,0.00,-100.00,0.00,0,0,0,0
4392,OFF,0,0,0.00,-40.00,-40.00,-100.00,0,0,0.00,0,-64.00,0.00,0.00,0.00,-100.00,0.00,0,0,0,0
4497,OFF,0,0,0.00,-40.00,-40.00,-100.00,0,0,0.00,0,-64.00,0.00,0.00,0.00,-100.00,0.00,0,0,0,0
4602,OFF,0,0,0.00,-40.00,-40.00,-100.00,0,0,0.00,0,-64.00,0.00,0.00,0.00,-100.00,0.00,0,0,0,0
4710,OFF,0,0,0.00,-40.00,-40.00,-100.00,0,0,0.00,0,-64.00,0.00,0.00,0.00,-100.00,0.00,0,0,0,0
4815,OFF,0,0,0.00,-40.00,-40.00,-100.00,0,0,0.00,0,-64.00,0.00,0.00,0.00,-100.00,0.00,0,0,0,0
4920,OFF,0,0,0.00,-40.00,-40.00,-100.00,0,0,0.00,0,-64.00,0.00,0.00,0.00,-100.00,0.00,0,0,0,0
5025,OFF,0,0,0.00,-40.00,-40.00,-100.00,0,0,0.00,0,-64.00,0.00,0.00,0.00,-100.00,0.00,0,0,0,0
5130,OFF,0,0,0.00,-40.00,-40.00,-100.00,0,0,0.00,0,-64.00,0.00,0.00,0.00,-100.00,0.00,0,0,0,0
5235,OFF,0,0,0.00,-40.00,-40.00,-100.00,0,0,0.00,0,-64.00,0.00,0.00,0.00,-100.00,0.00,0,0,0,0
5343,OFF,0,0,0.00,-40.00,-40.00,-100.00,0,0,0.00,0,-64.00,0.00,0.00,0.00,-100.00,0.00,0,0,0,0
5448,OFF,0,0,0.00,-40.00,-40.00,-100.00,0,0,0.00,0,-64.00,0.00,0.00,0.00,-100.00,0.00,0,0,0,0
5553,OFF,0,0,0.00,-40.00,-40.00,-100.00,0,0,0.00,0,-64.00,0.00,0.00,0.00,-100.00,0.00,0,0,0,0
5658,OFF,0,0,0.00,-40.00,-40.00,-100.00,0,0,0.00,0,-64.00,0.00,0.00,0.00,-100.00,0.00,0,0,0,0
5763,OFF,0,0,0.00,-40.00,-40.00,-100.00,0,0,0.00,0,-64.00,0.00,0.00,0.00,-100.00,0.00,0,0,0,0
5868,OFF,0,0,0.00,-40.00,-40.00,-100.00,0,0,0.00,0,-64.00,0.00,0.00,0.00,-100.00,0.00,0,0,0,0
5976,OFF,0,0,0.00,-40.00,-40.00,-100.00,0,0,0.00,0,-64.00,0.00,0.00,0.00,-100.00,0.00,0,0,0,0
6081,OFF,0,0,0.00,-40.00,-40.00,-100.00,0,0,0.00,0,-64.00,0.00,0.00,0.00,-100.00,0.00,0,0,0,0
6186,OFF,0,0,0.00,-40.00,-40.00,-100.00,0,0,0.00,0,-64.00,0.00,0.00,0.00,-100.00,0.00,0,0,0,0
6291,OFF,0,0,0.00,-40.00,-40.00,-100.00,0,0,0.00,0,-64.00,0.00,0.00,0.00,-100.00,0.00,0,0,0,0
6396,OFF,0,0,0.00,-40.00,-40.00,-100.00,0,0,0.00,0,-64.00,0.00,0.00,0.00,-100.00,0.00,0,0,0,0
6501,OFF,0,0,0.00,-40.00,-40.00,-100.00,0,0,0.00,0,-64.00,0.00,0.00,0.00,-100.00,0.00,0,0,0,0
6609,OFF,0,0,0.00,-40.00,-40.00,-100.00,0,0,0.00,0,-64.00,0.00,0.00,0.00,-100.00,0.00,0,0,0,0
6714,OFF,0,0,0.00,-40.00,-40.00,-100.00,0,0,0.00,0,-64.00,0.00,0.00,0.00,-100.00,0.00,0,0,0,0
6819,OFF,0,0,0.00,-40.00,-40.00,-100.00,0,0,0.00,0,-64.00,0.00,0.00,0.00,-100.00,0.00,0,0,0,0
6924,OFF,0,0,0.00,-40.00,-40.00,-100.00,0,0,0.00,0,-64.00,0.00,0.00,0.00,-100.00,0.00,0,0,0,0
7029,OFF,0,0,0.00,-40.00,-40.00,-100.00,0,0,0.00,0,-64.00,0.00,0.00,0.00,-100.00,0.00,0,0,0,0
7134,OFF,0,0,0.00,-40.00,-40.00,-100.00,0,0,0.00,0,-64.00,0.00,0.00,0.00,-100.00,0.00,0,0,0,0
7242,OFF,0,0,0.00,-40.00,-40.00,-100.00,0,0,0.00,0,-64.00,0.00,0.00,0.00,-100.00,0.00,0,0,0,0
7347,OFF,0,0,0.00,-40.00,-40.00,-100.00,0,0,0.00,0,-64.00,0.00,0.00,0.00,-100.00,0.00,0,0,0,0
7452,OFF,0,0,0.00,-40.00,-40.00,-100.00,0,0,0.00,0,-64.00,0.00,0.00,0.00,-100.00,0.00,0,0,0,0
7557,OFF,0,0,0.00,-40.00,-40.00,-100.00,0,0,0.00,0,-64.00,0.00,0.00,0.00,-100.00,0.00,0,0,0,0
7662,OFF,0,0,0.00,-40.00,-40.00,-100.00,0,0,0.00,0,-64.00,0.00,0.00,0.00,-100.00,0.00,0,0,0,0
7767,OFF,0,0,0.00,-40.00,-40.00,-100.00,0,0,0.00,0,-64.00,0.00,0.00,0.00,-100.00,0.00,0,0,0,0
7875,OFF,0,0,0.00,-40.00,-40.00,-100.00,0,0,0.00,0,-64.00,0.00,0.00,0.00,-100.00,0.00,0,0,0,0
7980,OFF,0,0,0.00,-40.00,-40.00,-100.00,0,0,0.00,0,-64.00,0.00,0.00,0.00,-100.00,0.00,0,0,0,0
8085,OFF,0,0,0.00,-40.00,-40.00,-100.00,0,0,0.00,0,-64.00,0.00,0.00,0.00,-100.00,0.00,0,0,0,0
8190,OFF,0,0,0.00,-40.00,-40.00,-100.00,0,0,0.00,0,-64.00,0.00,0.00,0.00,-100.00,0.00,0,0,0,0
8295,OFF,0,0,0.00,-40.00,-40.00,-100.00,0,0,0.00,0,-64.00,0.00,0.00,0.00,-100.00,0.00,0,0,0,0
8400,OFF,0,0,0.00,-40.00,-40.00,-100.00,0,0,0.00,0,-64.00,0.00,0.00,0.00,-100.00,0.00,0,0,0,0
8508,OFF,0,0,0.00,-40.00,-40.00,-100.00,0,0,0.00,0,-64.00,0.00,0.00,0.00,-100.00,0.00,0,0,0,0
8613,OFF,0,0,0.00,-40.00,-40.00,-100.00,0,0,0.00,0,-64.00,0.00,0.00,0.00,-100.00,0.00,0,0,0,0
8718,OFF,0,0,0.00,-40.00,-40.00,-100.00,0,0,0.00,0,-64.00,0.00,0.00,0.00,-100.00,0.00,0,0,0,0
8823,OFF,0,0,0.00,-40.00,-40.00,-100.00,0,0,0.00,0,-64.00,0.00,0.00,0.00,-100.00,0.00,0,0,0,0
8928,OFF,0,0,0.00,-40.00,-40.00,-100.00,0,0,0.00,0,-64.00,0.00,0.00,0.00,-100.00,0.00,0,0,0,0
9033,OFF,0,0,0.00,-40.00,-40.00,-100.00,0,0,0.00,0,-64.00,0.00,0.00,0.00,-100.00,0.00,0,0,0,0
9141,OFF,0,0,0.00,-40.00,-40.00,-100.00,0,0,0.00,0,-64.00,0.00,0.00,0.00,-100.00,0.00,0,0,0,0
9246,OFF,0,0,0.00,-40.00,-40.00,-100.00,0,0,0.00,0,-64.00,0.00,0.00,0.00,-100.00,0.00,0,0,0,0
9351,OFF,0,0,0.00,-40.00,-40.00,-100.00,0,0,0.00,0,-64.00,0.00,0.00,0.00,-100.00,0.00,0,0,0,0
9456,OFF,0,0,0.00,-40.00,-40.00,-100.00,0,0,0.00,0,-64.00,0.00,0.00,0.00,-100.00,0.00,0,0,0,0
9561,OFF,0,0,0.00,-40.00,-40.00,-100.00,0,0,0.00,0,-64.00,0.00,0.00,0.00,-100.00,0.00,0,0,0,0
9666,OFF,0,0,0.00,-40.00,-40.00,-100.00,0,0,0.00,0,-64.00,0.00,0.00,0.00,-100.00,0.00,0,0,0,0
9774,OFF,0,0,0.00,-40.00,-40.00,-100.00,0,0,0.00,0,-64.00,0.00,0.00,0.00,-100.00,0.00,0,0,0,0
9879,OFF,0,0,0.00,-40.00,-40.00,-100.00,0,0,0.00,0,-64.00,0.00,0.00,0.00,-100.00,0.00,0,0,0,0
9984,OFF,0,0,0.00,-40.00,-40.00,-100.00,0,0,0.00,0,-64.00,0.00,0.00,0.00,-100.00,0.00,0,0,0,0
10089,OFF,0,0,0.00,-40.00,-40.00,-100.00,0,0,0.00,0,-64.00,0.00,0.00,0.00,-100.00,0.00,0,0,0,0
10194,OFF,0,0,0.00,-40.00,-40.00,-100.00,0,0,0.00,0,-64.00,0.00,0.00,0.00,-100.00,0.00,0,0,0,0
10298,OFF,0,0,0.00,-40.00,-40.00,-100.00,0,0,0.00,0,-64.00,0.00,0.00,0.00,-100.00,0.00,0,0,0,0
10406,OFF,0,0,0.00,-40.00,-40.00,-100.00,0,0,0.00,0,-64.00,0.00,0.00,0.00,-100.00,0.00,0,0,0,0
10511,OFF,0,0,0.00,-40.00,-40.00,-100.00,0,0,0.00,0,-64.00,0.00,0.00,0.00,-100.00,0.00,0,0,0,0
10616,OFF,0,0,0.00,-40.00,-40.00,-100.00,0,0,0.00,0,-64.00,0.00,0.00,0.00,-100.00,0.00,0,0,0,0
10721,OFF,0,0,0.00,-40.00,-40.00,-100.00,0,0,0.00,0,-64.00,0.00,0.00,0.00,-100.00,0.00,0,0,0,0
10826,OFF,0,0,0.00,-40.00,-40.00,-100.00,0,0,0.00,0,-64.00,0.00,0.00,0.00,-100.00,0.00,0,0,0,0
10931,OFF,0,0,0.00,-40.00,-40.00,-100.00,0,0,0.00,0,-64.00,0.00,0.00,0.00,-100.00,0.00,0,0,0,0
11039,ON,1,0,0.00,28.00,29.00,-3.12,146,0,0.00,0,0.00,71.37,0.00,0.00,-100.00,0.00,0,0,0,0
11144,ON,1,0,0.00,28.00,29.00,-3.12,146,146,0.00,0,0.00,70.98,64.71,0.25,0.00,10.70,207,10,0,0
11249,ON,1,0,0.00,28.00,29.00,-3.12,146,146,0.00,0,0.00,70.98,64.71,0.25,0.00,10.70,207,10,0,0
11354,ON,1,0,0.00,28.00,29.00,-3.12,146,146,0.00,0,0.00,70.98,64.71,0.25,0.00,10.70,207,10,0,0
11459,ON,1,0,0.00,28.00,29.00,-3.12,146,146,0.00,0,0.00,70.98,64.71,0.25,0.00,10.70,207,10,0,0
11564,ON,1,0,0.00,28.00,29.00,-3.12,146,146,0.00,0,0.00,70.98,64.71,0.25,0.00,10.70,207,10,0,0
11672,ON,1,0,0.00,28.00,29.00,-3.12,146,146,0.00,0,0.00,70.98,64.71,0.25,0.00,10.70,207,10,0,0
11777,ON,1,0,0.00,28.00,29.00,-3.12,146,146,0.00,0,0.00,70.98,64.71,0.25,0.00,10.70,207,10,0,0
11882,ON,1,0,0.00,28.00,29.00,-3.12,146,146,0.00,0,0.00,70.98,64.71,0.25,0.00,10.70,207,10,0,0
11987,ON,1,0,0.00,28.00,29.00,-3.12,146,146,0.00,0,0.00,70.98,64.71,0.25,0.00,10.70,207,10,0,0
12092,ON,1,0,0.00,28.00,29.00,-3.12,146,146,0.00,0,0.00,70.98,64.71,0.25,0.00,10.70,207,10,0,0
12197,ON,1,0,0.00,28.00,29.00,-3.12,146,146,0.00,0,0.00,70.98,64.71,0.25,0.00,10.70,207,10,0,0
12305,ON,1,0,0.00,28.00,29.00,-3.12,146,146,0.00,0,0.00,70.98,64.71,0.25,0.00,10.70,207,10,0,0
12410,ON,1,0,0.00,28.00,29.00,-3.12,146,146,0.00,0,0.00,70.98,64.71,0.25,0.00,10.70,207,10,0,0
12515,ON,1,0,0.00,28.00,29.00,-3.12,146,146,0.00,0,0.00,70.98,64.71,0.25,0.00,10.70,207,10,0,0
12620,ON,1,0,0.00,28.00,29.00,-3.12,146,146,0.00,0,0.00,70.98,64.71,0.25,0.00,10.70,207,10,0,0
12725,ON,1,0,0.00,28.00,29.00,-3.12,146,146,0.00,0,0.00,70.98,64.71,0.25,0.00,10.70,207,10,0,0
12830,ON,1,0,0.00,28.00,29.00,-3.12,146,146,0.00,0,0.00,71.37,64.71,0.25,0.00,10.70,207,10,0,0
12938,ON,1,0,0.00,28.00,29.00,-3.12,146,146,0.00,0,0.00,71.37,64.71,0.25,0.00,10.62,129,10,0,0
13043,ON,1,0,0.00,28.00,29.00,-3.12,146,146,0.00,0,0.00,70.98,64.71,0.25,0.00,10.70,207,10,0,0
13148,ON,1,0,0.00,28.00,29.00,-3.12,146,146,0.00,0,0.00,71.37,64.71,0.25,0.00,10.70,207,10,0,0
13253,ON,1,0,0.00,28.00,29.00,-3.12,146,146,0.00,0,0.00,71.37,64.71,0.25,0.00,10.70,207,10,0,0
13358,ON,1,0,0.00,28.00,29.00,-3.12,146,146,0.00,0,0.00,71.37,64.71,0.25,0.00,10.62,129,10,0,0
13463,ON,1,0,0.00,28.00,29.00,-3.12,146,146,0.00,0,0.00,71.37,64.71,0.25,0.00,12.03,255,10,0,0
13571,ON,1,0,0.00,28.00,28.00,-3.12,146,146,0.00,0,0.00,71.37,64.71,0.25,0.00,12.03,255,10,0,0
13676,ON,1,0,0.00,28.00,29.00,-3.12,146,146,0.00,0,0.00,71.37,64.71,0.25,0.00,12.03,255,10,0,0
13781,ON,1,0,0.00,28.00,29.00,-3.12,146,146,0.00,0,0.00,71.37,64.71,0.25,0.00,12.03,255,10,0,0
13886,ON,1,0,0.00,28.00,29.00,-3.12,146,146,0.00,0,0.00,71.37,64.71,0.25,0.00,12.03,255,10,0,0
13991,ON,1,0,0.00,28.00,29.00,-3.12,146,146,0.00,0,0.00,71.37,64.71,0.25,0.00,12.03,255,10,0,0
14096,ON,1,0,0.00,28.00,29.00,-3.12,146,146,0.00,0,0.00,71.37,64.71,0.25,0.00,12.03,255,10,0,0
14204,ON,1,0,0.00,28.00,29.00,-3.12,146,146,0.00,0,0.00,71.37,64.71,0.25,0.00,0.00,0,10,0,0
14309,ON,1,0,0.00,28.00,29.00,-3.12,146,146,0.00,0,0.00,71.37,64.71,0.25,0.00,0.00,0,10,0,0
14414,ON,1,0,0.00,28.00,29.00,-3.12,146,146,0.00,0,0.00,71.37,64.71,0.25,0.00,0.00,0,10,0,0
14519,ON,1,0,0.00,28.00,29.00,-3.12,146,146,0.00,0,0.00,71.37,64.71,0.25,0.00,0.00,0,10,0,0
14624,ON,1,0,0.00,28.00,29.00,-3.12,146,146,0.00,0,0.00,71.37,64.71,0.25,0.00,0.00,0,10,0,0
14729,ON,1,0,0.00,28.00,29.00,-3.12,146,146,0.00,0,0.00,56.08,63.14,0.25,0.00,0.00,0,10,0,0
14837,ON,1,0,0.00,28.00,29.00,-3.12,146,146,0.00,0,0.00,41.57,28.63,0.25,0.00,0.00,0,10,0,0
14942,ON,1,0,0.00,28.00,29.00,-3.12,146,146,0.00,0,0.00,41.57,28.63,0.25,0.00,0.00,0,10,0,0
15047,ON,1,0,0.00,28.00,28.00,-3.12,146,146,0.00,0,0.00,41.57,28.63,0.25,0.00,0.00,0,10,0,0
15152,ON,1,0,0.00,28.00,29.00,-3.12,146,146,0.00,0,0.00,41.57,28.63,0.25,0.00,0.00,0,10,0,0
15257,ON,1,0,0.00,28.00,29.00,-3.12,146,146,0.00,0,0.00,41.57,28.63,0.25,0.00,0.00,0,10,0,0
15362,ON,1,0,0.00,28.00,29.00,-3.12,146,146,0.00,0,0.00,41.57,28.63,0.25,0.00,0.00,0,10,0,0
15470,ON,1,0,0.00,28.00,29.00,-3.12,146,146,0.00,0,0.00,41.57,28.63,0.25,0.00,0.00,0,10,0,0
15575,ON,1,0,0.00,28.00,29.00,-3.12,146,146,0.00,0,0.00,41.57,28.63,0.25,0.00,0.00,0,10,0,0
15680,ON,1,0,0.00,28.00,29.00,-3.12,146,146,0.00,0,0.00,41.57,28.63,0.25,0.00,0.00,0,10,0,0
15785,ON,1,0,0.00,28.00,29.00,-3.12,146,146,0.00,0,0.00,41.57,28.63,0.25,0.00,0.00,0,10,0,0
15890,ON,1,0,0.00,28.00,29.00,-3.12,146,146,0.00,0,0.00,41.57,28.63,0.25,0.00,0.00,0,10,0,0
15995,ON,1,0,0.00,28.00,29.00,-3.12,146,146,0.00,0,0.00,41.57,28.63,0.25,0.00,0.00,0,10,0,0
16103,ON,1,0,0.00,28.00,29.00,-3.12,146,146,0.00,0,0.00,41.57,28.63,0.25,0.00,0.00,0,10,0,0
16208,ON,1,0,0.00,28.00,29.00,-3.12,146,146,0.00,0,0.00,41.57,28.63,0.25,0.00,0.00,0,10,0,0
16313,ON,1,0,0.00,28.00,29.00,-3.12,146,146,0.00,0,0.00,41.57,28.63,0.25,0.00,0.00,0,10,0,0
16418,ON,1,0,0.00,28.00,29.00,-3.12,146,146,0.00,0,0.00,41.57,28.63,0.25,0.00,0.00,0,10,0,0
16523,ON,1,0,0.00,28.00,29.00,-3.12,146,146,0.00,0,0.00,41.57,28.63,0.25,0.00,0.00,0,10,0,0
16628,ON,1,0,0.00,28.00,29.00,-3.12,146,146,0.00,0,0.00,41.57,28.63,0.25,0.00,0.00,0,10,0,0
16736,ON,1,0,0.00,28.00,29.00,-3.12,146,146,0.00,0,0.00,41.57,28.63,0.25,0.00,0.00,0,10,0,0
16841,ON,1,0,0.00,28.00,29.00,-3.12,146,146,0.00,0,0.00,41.57,28.63,0.25,0.00,0.00,0,10,0,0
16946,ON,1,0,0.00,28.00,29.00,-3.12,146,146,0.00,0,0.00,41.57,28.63,0.25,0.00,0.00,0,10,0,0
17051,ON,1,0,0.00,28.00,29.00,-3.12,146,146,0.00,0,0.00,41.57,28.63,0.25,0.00,0.00,0,10,0,0
17156,ON,1,0,0.00,28.00,29.00,-3.12,146,146,0.00,0,0.00,41.57,28.63,0.25,0.00,0.00,0,10,0,0
17261,ON,1,0,0.00,28.00,29.00,-3.12,146,146,0.00,0,0.00,41.57,28.63,0.25,0.00,0.00,0,10,0,0
17369,ON,1,0,0.00,28.00,29.00,-3.12,146,146,0.00,0,0.00,41.57,28.63,0.25,0.00,0.00,0,10,0,0
17474,ON,1,0,0.00,28.00,29.00,-3.12,146,146,0.00,0,0.00,41.57,28.63,0.25,0.00,0.00,0,10,0,0
17579,ON,1,0,0.00,28.00,29.00,-3.12,146,146,0.00,0,0.00,41.57,28.63,0.25,0.00,0.00,0,10,0,0
17684,ON,1,0,0.00,28.00,29.00,-3.12,146,146,0.00,0,0.00,41.57,28.63,0.25,0.00,0.00,0,10,0,0
17789,ON,1,0,0.00,28.00,29.00,-3.12,146,146,0.00,0,0.00,41.57,28.63,0.25,0.00,0.00,0,10,0,0
17894,ON,1,0,0.00,28.00,29.00,-3.12,146,146,0.00,0,0.00,41.57,28.63,0.25,0.00,0.00,0,10,0,0
18002,ON,1,0,0.00,28.00,29.00,-3.12,146,146,0.00,0,0.00,41.57,28.63,0.25,0.00,0.00,0,10,0,0
18107,ON,1,0,0.00,28.00,29.00,-3.12,146,146,0.00,0,0.00,41.57,28.63,0.25,0.00,0.00,0,10,0,0
18212,ON,1,0,0.00,28.00,29.00,-3.12,146,146,0.00,0,0.00,41.57,28.63,0.25,0.00,0.00,0,10,0,0
18317,ON,1,0,0.00,28.00,29.00,-3.12,146,146,0.00,0,0.00,41.57,28.63,0.25,0.00,0.00,0,10,0,0
18422,ON,1,0,0.00,28.00,29.00,-3.12,146,146,0.00,0,0.00,41.57,28.63,0.25,0.00,0.00,0,10,0,0
18527,ON,1,0,0.00,28.00,29.00,-3.12,146,146,0.00,0,0.00,41.57,28.63,0.25,0.00,0.00,0,10,0,0
18635,ON,1,0,0.00,28.00,29.00,-3.12,146,146,0.00,0,0.00,41.57,28.63,0.25,0.00,0.00,0,10,0,0
18740,ON,1,0,0.00,28.00,29.00,-3.12,146,146,0.00,0,0.00,41.57,28.63,0.25,0.00,0.00,0,10,0,0
18845,ON,1,0,0.00,28.00,29.00,-3.12,146,146,0.00,0,0.00,41.57,28.63,0.25,0.00,0.00,0,10,0,0
18950,ON,1,0,0.00,28.00,29.00,-3.12,146,146,0.00,0,0.00,41.57,28.63,0.25,0.00,0.00,0,10,0,0
19055,ON,1,0,0.00,28.00,29.00,-3.12,146,146,0.00,0,0.00,41.57,28.63,0.25,0.00,0.00,0,10,0,0
19160,ON,1,0,0.00,28.00,29.00,-3.12,146,146,0.00,0,0.00,41.57,28.63,0.25,0.00,0.00,0,10,0,0
