1155,OFF,0,0,0.00,-40.00,-40.00,-100.00,0,0,0.00,0,-64.00,0.00,0.00,0.00,-100.00,0.00,0,0,1,0
1264,OFF,0,0,0.00,-40.00,-40.00,-100.00,0,0,0.00,0,-64.00,0.00,0.00,0.00,-100.00,0.00,0,0,1,0
1372,OFF,0,0,0.00,-40.00,-40.00,-100.00,0,0,0.00,0,-64.00,0.00,0.00,0.00,-100.00,0.00,0,0,1,0
1477,OFF,0,0,0.00,-40.00,-40.00,-100.00,0,0,0.00,0,-64.00,0.00,0.00,0.00,-100.00,0.00,0,0,1,0
1582,OFF,0,0,0.00,-40.00,-40.00,-100.00,0,0,0.00,0,-64.00,0.00,0.00,0.00,-100.00,0.00,0,0,1,0
1687,OFF,0,0,0.00,-40.00,-40.00,-100.00,0,0,0.00,0,-64.00,0.00,0.00,0.00,-100.00,0.00,0,0,1,0
1792,OFF,0,0,0.00,-40.00,-40.00,-100.00,0,0,0.00,0,-64.00,0.00,0.00,0.00,-100.00,0.00,0,0,1,0
1897,OFF,0,0,0.00,-40.00,-40.00,-100.00,0,0,0.00,0,-64.00,0.00,0.00,0.00,-100.00,0.00,0,0,1,0
2005,OFF,0,0,0.00,-40.00,-40.00,-100.00,0,0,0.00,0,-64.00,0.00,0.00,0.00,-100.00,0.00,0,0,1,0
2110,OFF,0,0,0.00,-40.00,-40.00,-100.00,0,0,0.00,0,-64.00,0.00,0.00,0.00,-100.00,0.00,0,0,1,0
2215,OFF,0,0,0.00,-40.00,-40.00,-100.00,0,0,0.00,0,-64.00,0.00,0.00,0.00,-100.00,0.00,0,0,1,0
2320,OFF,0,0,0.00,-40.00,-40.00,-100.00,0,0,0.00,0,-64.00,0.00,0.00,0.00,-100.00,0.00,0,0,1,0
2425,OFF,0,0,0.00,-40.00,-40.00,-100.00,0,0,0.00,0,-64.00,0.00,0.00,0.00,-100.00,0.00,0,0,1,0
2530,OFF,0,0,0.00,-40.00,-40.00,-100.00,0,0,0.00,0,-64.00,0.00,0.00,0.00,-100.00,0.00,0,0,1,0
2638,OFF,0,0,0.00,-40.00,-40.00,-100.00,0,0,0.00,0,-64.00,0.00,0.00,0.00,-100.00,0.00,0,0,1,0
2743,OFF,0,0,0.00,-40.00,-40.00,-100.00,0,0,0.00,0,-64.00,0.00,0.00,0.00,-100.00,0.00,0,0,1,0
2848,OFF,0,0,0.00,-40.00,-40.00,-100.00,0,0,0.00,0,-64.00,0.00,0.00,0.00,-100.00,0.00,0,0,1,0
2953,OFF,0,0,0.00,-40.00,-40.00,-100.00,0,0,0.00,0,-64.00,0.00,0.00,0.00,-100.00,0.00,0,0,1,0
3058,OFF,0,0,0.00,-40.00,-40.00,-100.00,0,0,0.00,0,-64.00,0.00,0.00,0.00,-100.00,0.00,0,0,1,0
3163,OFF,0,0,0.00,-40.00,-40.00,-100.00,0,0,0.00,0,-64.00,0.00,0.00,0.00,-100.00,0.00,0,0,1,0
3271,OFF,0,0,0.00,-40.00,-40.00,-100.00,0,0,0.00,0,-64.00,0.00,0.00,0.00,-100.00,0.00,0,0,1,0
3376,OFF,0,0,0.00,-40.00,-40.00,-100.00,0,0,0.00,0,-64.00,0.00,0.00,0.00,-100.00,0.00,0,0,1,0
3481,OFF,0,0,0.00,-40.00,-40.00,-100.00,0,0,0.00,0,-64.00,0.00,0.00,0.00,-100.00,0.00,0,0,1,0
3586,OFF,0,0,0.00,-40.00,-40.00,-100.00,0,0,0.00,0,-64.00,0.00,0.00,0.00,-100.00,0.00,0,0,1,0
3691,OFF,0,0,0.00,-40.00,-40.00,-100.00,0,0,0.00,0,-64.00,0.00,0.00,0.00,-100.00,0.00,0,0,1,0
3796,OFF,0,0,0.00,-40.00,-40.00,-100.00,0,0,0.00,0,-64.00,0.00,0.00,0.00,-100.00,0.00,0,0,1,0
3904,OFF,0,0,0.00,-40.00,-40.00,-100.00,0,0,0.00,0,-64.00,0.00,0.00,0.00,-100.00,0.00,0,0,1,0
4009,OFF,0,0,0.00,-40.00,-40.00,-100.00,0,0,0.00,0,-64.00,0.00,0.00,0.00,-100.00,0.00,0,0,1,0
4114,OFF,0,0,0.00,-40.00,-40.00,-100.00,0,0,0.00,0,-64.00,0.00,0.00,0.00,-100.00,0.00,0,0,1,0
4219,OFF,0,0,0.00,-40.00,-40.00,-100.00,0,0,0.00,0,-64.00,0.00,0.00,0.00,-100.00,0.00,0,0,1,0
4324,OFF,0,0,0.00,-40.00,-40.00,-100.00,0,0,0.00,0,-64.00,0.00,0.00,0.00,-100.00,0.00,0,0,1,0
4429,OFF,0,0,0.00,-40.00,-40.00,-100.00,0,0,0.00,0,-64.00,0.00,0.00,0.00,-100.00,0.00,0,0,1,0
4537,OFF,0,0,0.00,-40.00,-40.00,-100.00,0,0,0.00,0,-64.00,0.00,0.00,0.00,-100.00,0.00,0,0,1,0
4642,OFF,0,0,0.00,-40.00,-40.00,-100.00,0,0,0.00,0,-64.00,0.00,0.00,0.00,-100.00,0.00,0,0,1,0
4747,OFF,0,0,0.00,-40.00,-40.00,-100.00,0,0,0.00,0,-64.00,0.00,0.00,0.00,-100.00,0.00,0,0,1,0
4852,OFF,0,0,0.00,-40.00,-40.00,-100.00,0,0,0.00,0,-64.00,0.00,0.00,0.00,-100.00,0.00,0,0,1,0
4957,OFF,0,0,0.00,-40.00,-40.00,-100.00,0,0,0.00,0,-64.00,0.00,0.00,0.00,-100.00,0.00,0,0,1,0
5062,OFF,0,0,0.00,-40.00,-40.00,-100.00,0,0,0.00,0,-64.00,0.00,0.00,0.00,-100.00,0.00,0,0,1,0
5179,OFF,0,0,0.00,-40.00,-40.00,-100.00,0,0,0.00,0,-64.00,0.00,0.00,0.00,-100.00,0.00,0,0,1,0
5293,OFF,0,0,0.00,-40.00,-40.00,-100.00,0,0,0.00,0,-64.00,0.00,0.00,0.00,-100.00,0.00,0,0,1,0
5398,OFF,0,0,0.00,-40.00,-40.00,-100.00,0,0,0.00,0,-64.00,0.00,0.00,0.00,-100.00,0.00,0,0,1,0
5503,OFF,0,0,0.00,-40.00,-40.00,-100.00,0,0,0.00,0,-64.00,0.00,0.00,0.00,-100.00,0.00,0,0,1,0
5608,OFF,0,0,0.00,-40.00,-40.00,-100.00,0,0,0.00,0,-64.00,0.00,0.00,0.00,-100.00,0.00,0,0,1,0
5713,OFF,0,0,0.00,-40.00,-40.00,-100.00,0,0,0.00,0,-64.00,0.00,0.00,0.00,-100.00,0.00,0,0,1,0
5821,OFF,0,0,0.00,-40.00,-40.00,-100.00,0,0,0.00,0,-64.00,0.00,0.00,0.00,-100.00,0.00,0,0,1,0
5926,OFF,0,0,0.00,-40.00,-40.00,-100.00,0,0,0.00,0,-64.00,0.00,0.00,0.00,-100.00,0.00,0,0,1,0
6031,OFF,0,0,0.00,-40.00,-40.00,-100.00,0,0,0.00,0,-64.00,0.00,0.00,0.00,-100.00,0.00,0,0,1,0
6141,OFF,0,0,0.00,-40.00,-40.00,-100.00,0,0,0.00,0,-64.00,0.00,0.00,0.00,-100.00,0.00,0,0,1,0
6246,OFF,0,0,0.00,-40.00,-40.00,-100.00,0,0,0.00,0,-64.00,0.00,0.00,0.00,-100.00,0.00,0,0,1,0
6351,OFF,0,0,0.00,-40.00,-40.00,-100.00,0,0,0.00,0,-64.00,0.00,0.00,0.00,-100.00,0.00,0,0,1,0
6459,OFF,0,0,0.00,-40.00,-40.00,-100.00,0,0,0.00,0,-64.00,0.00,0.00,0.00,-100.00,0.00,0,0,1,0
6564,OFF,0,0,0.00,-40.00,-40.00,-100.00,0,0,0.00,0,-64.00,0.00,0.00,0.00,-100.00,0.00,0,0,1,0
6669,OFF,0,0,0.00,-40.00,-40.00,-100.00,0,0,0.00,0,-64.00,0.00,0.00,0.00,-100.00,0.00,0,0,1,0
6774,OFF,0,0,0.00,-40.00,-40.00,-100.00,0,0,0.00,0,-64.00,0.00,0.00,0.00,-100.00,0.00,0,0,1,0
6879,OFF,0,0,0.00,-40.00,-40.00,-100.00,0,0,0.00,0,-64.00,0.00,0.00,0.00,-100.00,0.00,0,0,1,0
6984,OFF,0,0,0.00,-40.00,-40.00,-100.00,0,0,0.00,0,-64.00,0.00,0.00,0.00,-100.00,0.00,0,0,1,0
7092,OFF,0,0,0.00,-40.00,-40.00,-100.00,0,0,0.00,0,-64.00,0.00,0.00,0.00,-100.00,0.00,0,0,1,0
7197,OFF,0,0,0.00,-40.00,-40.00,-100.00,0,0,0.00,0,-64.00,0.00,0.00,0.00,-100.00,0.00,0,0,1,0
7302,OFF,0,0,0.00,-40.00,-40.00,-100.00,0,0,0.00,0,-64.00,0.00,0.00,0.00,-100.00,0.00,0,0,1,0
7407,OFF,0,0,0.00,-40.00,-40.00,-100.00,0,0,0.00,0,-64.00,0.00,0.00,0.00,-100.00,0.00,0,0,1,0
7512,OFF,0,0,0.00,-40.00,-40.00,-100.00,0,0,0.00,0,-64.00,0.00,0.00,0.00,-100.00,0.00,0,0,1,0
7617,OFF,0,0,0.00,-40.00,-40.00,-100.00,0,0,0.00,0,-64.00,0.00,0.00,0.00,-100.00,0.00,0,0,1,0
7725,ON,1,0,0.00,69.00,29.00,-3.12,146,146,0.00,0,0.00,23.92,0.00,0.25,0.00,0.00,0,0,1,0
7830,ON,1,0,0.00,70.00,29.00,-3.12,146,146,0.00,0,0.00,23.92,7.06,0.25,0.00,12.50,212,4,1,0
7935,ON,1,0,0.00,70.00,29.00,-3.12,146,146,0.00,0,0.00,23.92,7.06,0.25,0.00,12.50,212,4,1,0
8040,ON,1,0,0.00,70.00,29.00,-3.12,146,146,0.00,0,0.00,23.92,7.06,0.25,0.00,12.50,212,4,1,0
8145,ON,1,0,0.00,70.00,29.00,-3.12,146,146,0.00,0,0.00,23.92,7.06,0.25,0.00,12.50,212,4,1,0
8250,ON,1,0,0.00,70.00,29.00,-3.12,146,146,0.00,0,0.00,23.92,7.06,0.25,0.00,12.50,212,4,1,0
8358,ON,1,0,0.00,70.00,29.00,-3.12,146,146,0.00,0,0.00,23.92,7.06,0.25,0.00,12.50,212,4,1,0
8463,ON,1,0,0.00,70.00,29.00,-3.12,146,146,0.00,0,0.00,23.92,7.06,0.25,0.00,12.50,212,4,1,0
8568,ON,1,0,0.00,70.00,29.00,-3.12,146,146,0.00,0,0.00,23.92,7.06,0.25,0.00,12.50,212,4,1,0
8673,ON,1,0,0.00,70.00,29.00,-3.12,146,146,0.00,0,0.00,23.92,7.06,0.25,0.00,12.50,212,4,1,0
8778,ON,1,0,0.00,70.00,29.00,-3.12,146,146,0.00,0,0.00,23.92,7.06,0.25,0.00,12.50,212,4,1,0
8883,ON,1,0,0.00,70.00,29.00,-3.12,146,146,0.00,0,0.00,23.92,7.06,0.25,0.00,12.50,212,4,1,0
8991,ON,1,0,0.00,70.00,29.00,-3.12,146,146,0.00,0,0.00,23.92,7.06,0.25,0.00,12.50,212,4,1,0
9096,ON,1,0,0.00,70.00,29.00,-3.12,146,146,0.00,0,0.00,23.92,7.06,0.25,0.00,12.50,212,4,1,0
9201,ON,1,0,0.00,70.00,29.00,-3.12,146,146,0.00,0,0.00,23.92,7.06,0.25,0.00,12.50,212,4,1,0
9306,ON,1,0,0.00,70.00,29.00,-3.12,146,146,0.00,0,0.00,23.92,7.06,0.25,0.00,12.50,212,4,1,0
9411,ON,1,0,0.00,70.00,29.00,-3.12,146,146,0.00,0,0.00,23.92,7.06,0.25,0.00,0.16,156,4,1,0
9516,ON,1,0,0.00,70.00,29.00,-3.12,146,146,0.00,0,0.00,23.92,7.06,0.25,0.00,0.16,156,4,1,0
9624,ON,1,0,0.00,70.00,29.00,-3.12,146,146,0.00,0,0.00,23.92,7.06,0.25,0.00,0.16,156,4,1,0
9729,ON,1,0,0.00,70.00,29.00,-3.12,146,146,0.00,0,0.00,23.92,7.06,0.25,0.00,0.16,156,4,1,0
9834,ON,1,0,0.00,70.00,29.00,-3.12,146,146,0.00,0,0.00,23.92,7.06,0.25,0.00,0.16,156,4,1,0
9939,ON,1,0,0.00,70.00,29.00,-3.12,146,146,0.00,0,0.00,23.92,7.06,0.25,0.00,0.16,156,4,1,0
10044,ON,1,0,0.00,70.00,29.00,-3.12,146,146,0.00,0,0.00,23.92,7.06,0.25,0.00,0.16,156,4,1,0
10149,ON,1,0,0.00,70.00,29.00,-3.12,146,146,0.00,0,0.00,23.92,7.06,0.25,0.00,0.16,156,4,1,0
10257,ON,1,0,0.00,70.00,29.00,-3.12,146,146,0.00,0,0.00,23.92,7.06,0.25,0.00,0.16,156,4,1,0
10361,ON,1,0,0.00,70.00,29.00,-3.12,146,146,0.00,0,0.00,23.92,7.06,0.25,0.00,0.16,156,4,1,0
10466,ON,1,0,0.00,70.00,29.00,-3.12,146,146,0.00,0,0.00,23.92,7.06,0.25,0.00,0.16,156,4,1,0
10571,ON,1,0,0.00,70.00,29.00,-3.12,146,146,0.00,0,0.00,23.92,7.06,0.25,0.00,0.16,156,4,1,0
10676,ON,1,0,0.00,70.00,29.00,-3.12,146,146,0.00,0,0.00,23.92,7.06,0.25,0.00,0.16,156,4,1,0
10781,ON,1,0,0.00,70.00,29.00,-3.12,146,146,0.00,0,0.00,23.92,7.06,0.25,0.00,0.16,156,4,1,0
10889,ON,1,0,0.00,70.00,29.00,-3.12,146,146,0.00,0,0.00,23.92,7.06,0.25,0.00,0.16,156,4,1,0
10994,ON,1,0,0.00,70.00,29.00,-3.12,146,146,0.00,0,0.00,23.92,7.06,0.25,0.00,0.16,156,4,1,0
11099,ON,1,0,0.00,70.00,29.00,-3.12,146,146,0.00,0,0.00,23.92,7.06,0.25,0.00,0.16,156,4,1,0
11204,ON,1,0,0.00,70.00,29.00,-3.12,146,146,0.00,0,0.00,23.92,7.06,0.25,0.00,0.16,156,4,1,0
11309,ON,1,0,0.00,70.00,29.00,-3.12,146,146,0.00,0,0.00,23.92,7.06,0.25,0.00,0.16,156,4,1,0
11414,ON,1,0,0.00,70.00,29.00,-3.12,146,146,0.00,0,0.00,23.92,7.06,0.25,0.00,0.16,156,4,1,0
11522,ON,1,0,0.00,70.00,29.00,-3.12,146,146,0.00,0,0.00,23.92,7.06,0.25,0.00,0.16,156,4,1,0
11627,ON,1,0,0.00,70.00,29.00,-3.12,146,146,0.00,0,0.00,23.92,7.06,0.25,0.00,0.16,156,4,1,0
11732,ON,1,0,0.00,70.00,29.00,-3.12,146,146,0.00,0,0.00,23.92,7.06,0.25,0.00,0.16,156,4,1,0
11837,ON,1,0,0.00,70.00,29.00,-3.12,146,146,0.00,0,0.00,23.92,7.06,0.25,0.00,0.16,156,4,1,0
11942,ON,1,0,0.00,70.00,29.00,-3.12,146,146,0.00,0,0.00,23.92,7.06,0.25,0.00,0.16,156,4,1,0
12047,ON,1,0,0.00,70.00,29.00,-3.12,146,146,0.00,0,0.00,23.92,7.06,0.25,0.00,0.16,156,4,1,0
12155,ON,1,0,0.00,70.00,29.00,-3.12,146,146,0.00,0,0.00,23.92,7.06,0.25,0.00,0.16,156,4,1,0
12260,ON,1,0,0.00,70.00,29.00,-3.12,146,146,0.00,0,0.00,23.92,7.06,0.25,0.00,0.16,156,4,1,0
12365,ON,1,0,0.00,70.00,29.00,-3.12,146,146,0.00,0,0.00,23.92,7.06,0.25,0.00,0.16,156,4,1,0
12470,ON,1,0,0.00,70.00,29.00,-3.12,146,146,0.00,0,0.00,23.92,7.06,0.25,0.00,0.16,156,4,1,0
12575,ON,1,0,0.00,70.00,29.00,-3.12,146,146,0.00,0,0.00,23.92,7.06,0.25,0.00,0.16,156,4,1,0
12680,ON,1,0,0.00,70.00,29.00,-3.12,146,146,0.00,0,0.00,23.92,7.06,0.25,0.00,0.16,156,4,1,0
12788,ON,1,0,0.00,70.00,29.00,-3.12,146,146,0.00,0,0.00,23.92,7.06,0.25,0.00,0.16,156,4,1,0
12893,ON,1,0,0.00,70.00,29.00,-3.12,146,146,0.00,0,0.00,23.92,7.06,0.25,0.00,12.50,212,4,1,0
12998,ON,1,0,0.00,70.00,29.00,-3.12,146,146,0.00,0,0.00,23.92,7.06,0.25,0.00,12.50,212,4,1,0
13103,ON,1,0,0.00,70.00,29.00,-3.12,146,146,0.00,0,0.00,23.92,7.06,0.25,0.00,12.50,212,4,1,0
13208,ON,1,0,0.00,70.00,29.00,-3.12,146,146,0.00,0,0.00,23.92,7.06,0.25,0.00,12.50,212,4,1,0
13313,ON,1,0,0.00,70.00,29.00,-3.12,146,146,0.00,0,0.00,23.92,7.06,0.25,0.00,12.50,212,4,1,0
13421,ON,1,0,0.00,70.00,29.00,-3.12,146,146,0.00,0,0.00,23.92,7.06,0.25,0.00,12.50,212,4,1,0
13526,ON,1,0,0.00,70.00,29.00,-3.12,146,146,0.00,0,0.00,23.92,7.06,0.25,0.00,12.50,212,4,1,0
13631,ON,1,0,0.00,70.00,29.00,-3.12,146,146,0.00,0,0.00,23.92,7.06,0.25,0.00,12.50,212,4,1,0
13736,ON,1,0,0.00,70.00,29.00,-3.12,146,146,0.00,0,0.00,23.92,7.06,0.25,0.00,12.50,212,4,1,0
13841,ON,1,0,0.00,70.00,29.00,-3.12,146,146,0.00,0,0.00,23.92,7.06,0.25,0.00,12.50,212,4,1,0
13946,ON,1,0,0.00,70.00,29.00,-3.12,146,146,0.00,0,0.00,23.92,7.06,0.25,0.00,12.50,212,4,1,0
14054,ON,1,0,0.00,70.00,29.00,-3.12,146,146,0.00,0,0.00,23.92,7.06,0.25,0.00,12.50,212,4,1,0
14159,ON,1,0,0.00,70.00,29.00,-3.12,146,146,0.00,0,0.00,23.92,7.06,0.25,0.00,12.50,212,4,1,0
14264,ON,1,0,0.00,70.00,29.00,-3.12,146,146,0.00,0,0.00,23.92,7.06,0.25,0.00,12.50,212,4,1,0
14369,ON,1,0,0.00,70.00,29.00,-3.12,146,146,0.00,0,0.00,23.92,7.06,0.25,0.00,12.50,212,4,1,0
14474,ON,1,0,0.00,70.00,29.00,-3.12,146,146,0.00,0,0.00,23.92,7.06,0.25,0.00,12.50,212,4,1,0
14579,ON,1,0,0.00,70.00,29.00,-3.12,146,146,0.00,1,0.00,24.31,7.06,0.25,0.00,12.50,212,4,1,0
14687,ON,1,0,0.00,70.00,29.00,-3.12,146,146,0.00,1,0.00,24.31,7.06,0.25,0.00,0.00,0,4,1,0
14792,ON,1,0,0.00,70.00,29.00,-3.12,146,146,0.00,1,0.00,24.31,7.06,0.25,0.00,0.00,0,4,1,0
14897,ON,1,0,0.00,70.00,29.00,-3.12,146,146,0.00,1,0.00,24.31,7.06,0.25,0.00,0.00,0,4,1,0
15002,ON,1,0,0.00,70.00,29.00,-3.12,146,146,0.00,1,0.00,24.31,7.06,0.25,0.00,0.00,0,4,1,0
15107,ON,1,0,0.00,70.00,29.00,-3.12,146,146,0.00,1,0.00,24.31,7.06,0.25,0.00,0.00,0,4,1,0
15212,ON,1,0,0.00,70.00,29.00,-3.12,146,146,0.00,1,0.00,24.31,7.06,0.25,0.00,0.00,0,4,1,0
15320,ON,1,0,0.00,70.00,29.00,-3.12,146,146,0.00,1,0.00,24.31,7.06,0.25,0.00,0.00,0,4,1,0
15425,ON,1,0,0.00,70.00,29.00,-3.12,146,146,0.00,1,0.00,24.31,7.06,0.25,0.00,0.00,0,4,1,0
15530,ON,1,0,0.00,70.00,29.00,-3.12,146,146,0.00,1,0.00,24.31,7.06,0.25,0.00,0.00,0,4,1,0
15635,ON,1,0,0.00,70.00,29.00,-3.12,146,146,0.00,1,0.00,24.31,7.06,0.25,0.00,0.00,0,4,1,0
15740,ON,1,0,0.00,70.00,29.00,-3.12,146,146,0.00,1,0.00,24.31,7.06,0.25,0.00,0.00,0,4,1,0
15845,ON,1,0,0.00,70.00,29.00,-3.12,146,146,0.00,1,0.00,24.31,7.06,0.25,0.00,0.00,0,4,1,0
15953,ON,1,0,0.00,70.00,29.00,-3.12,146,146,0.00,1,0.00,24.31,7.06,0.25,0.00,0.00,0,4,1,0
16058,ON,1,0,0.00,70.00,29.00,-3.12,146,146,0.00,1,0.00,24.31,7.06,0.25,0.00,0.00,0,4,1,0
16163,ON,1,0,0.00,70.00,29.00,-3.12,146,146,0.00,1,0.00,24.31,7.06,0.25,0.00,0.00,0,4,1,0
16268,ON,1,0,0.00,70.00,29.00,-3.12,146,146,0.00,1,0.00,24.31,7.06,0.25,0.00,0.00,0,4,1,0
16373,ON,1,0,0.00,70.00,29.00,-3.12,146,146,0.00,1,0.00,24.31,7.06,0.25,0.00,0.00,0,4,1,0
16478,ON,1,0,0.00,70.00,29.00,-3.12,146,146,0.00,1,0.00,24.31,7.06,0.25,0.00,0.00,0,4,1,0
16586,ON,1,0,0.00,70.00,29.00,-3.12,146,146,0.00,1,0.00,24.31,7.06,0.25,0.00,0.00,0,4,1,0
16691,ON,1,0,0.00,70.00,29.00,-3.12,146,146,0.00,1,0.00,24.31,7.06,0.25,0.00,0.00,0,4,1,0
16796,ON,1,0,0.00,70.00,29.00,-3.12,146,146,0.00,1,0.00,24.31,7.06,0.25,0.00,0.00,0,4,1,0
16901,ON,1,0,0.00,70.00,29.00,-3.12,146,146,0.00,1,0.00,24.31,7.06,0.25,0.00,0.00,0,4,1,0
17006,ON,1,0,0.00,70.00,29.00,-3.12,146,146,0.00,1,0.00,24.31,7.06,0.25,0.00,0.00,0,4,1,0
17111,ON,1,0,0.00,70.00,29.00,-3.12,146,146,0.00,1,0.00,24.31,7.06,0.25,0.00,0.00,0,4,1,0
17219,ON,1,0,0.00,70.00,29.00,-3.12,146,146,0.00,1,0.00,24.31,7.06,0.25,0.00,0.00,0,4,1,0
17324,ON,1,0,0.00,70.00,29.00,-3.12,146,146,0.00,1,0.00,24.31,7.06,0.25,0.00,0.00,0,4,1,0
17429,ON,1,0,0.00,70.00,29.00,-3.12,146,146,0.00,1,0.00,24.31,7.06,0.25,0.00,0.00,0,4,1,0
17534,ON,1,0,0.00,70.00,29.00,-3.12,146,146,0.00,1,0.00,24.31,7.06,0.25,0.00,0.00,0,4,1,0
17639,ON,1,0,0.00,70.00,29.00,-3.12,146,146,0.00,1,0.00,24.31,7.06,0.25,0.00,0.00,0,4,1,0
17744,ON,1,0,0.00,70.00,29.00,-3.12,146,146,0.00,1,0.00,24.31,7.06,0.25,0.00,0.00,0,4,1,0
17852,ON,1,0,0.00,70.00,29.00,-3.12,146,146,0.00,1,0.00,24.31,7.06,0.25,0.00,0.00,0,4,1,0
17957,ON,1,0,0.00,70.00,29.00,-3.12,146,146,0.00,1,0.00,24.31,7.06,0.25,0.00,0.00,0,4,1,0
18062,ON,1,0,0.00,70.00,29.00,-3.12,146,146,0.00,1,0.00,24.31,7.06,0.25,0.00,0.00,0,4,1,0
18167,ON,1,0,0.00,70.00,29.00,-3.12,146,146,0.00,1,0.00,24.31,7.06,0.25,0.00,0.00,0,4,1,0
18272,ON,1,0,0.00,70.00,29.00,-3.12,146,146,0.00,1,0.00,24.31,7.06,0.25,0.00,0.00,0,4,1,0
18377,ON,1,0,0.00,70.00,29.00,-3.12,146,146,0.00,1,0.00,24.31,7.06,0.25,0.00,0.00,0,4,1,0
18485,ON,1,0,0.00,70.00,29.00,-3.12,146,146,0.00,1,0.00,24.31,7.06,0.25,0.00,0.00,0,4,1,0
18590,ON,1,0,0.00,70.00,29.00,-3.12,146,146,0.00,1,0.00,24.31,7.06,0.25,0.00,0.00,0,4,1,0
18695,ON,1,0,0.00,70.00,29.00,-3.12,146,146,0.00,1,0.00,24.31,7.06,0.25,0.00,0.00,0,4,1,0
18800,ON,1,0,0.00,70.00,29.00,-3.12,146,146,0.00,1,0.00,24.31,7.06,0.25,0.00,0.00,0,4,1,0
18905,ON,1,0,0.00,70.00,29.00,-3.12,146,146,0.00,1,0.00,24.31,7.06,0.25,0.00,0.00,0,4,1,0
19010,ON,1,0,0.00,70.00,29.00,-3.12,146,146,0.00,1,0.00,24.31,7.06,0.25,0.00,0.00,0,4,1,0
19118,ON,1,0,0.00,70.00,29.00,-3.12,146,146,0.00,1,0.00,24.31,7.06,0.25,0.00,0.00,0,4,1,0
19223,ON,1,0,0.00,70.00,29.00,-3.12,146,146,0.00,1,0.00,24.31,7.06,0.25,0.00,0.00,0,4,1,0
19328,ON,1,0,0.00,70.00,29.00,-3.12,146,146,0.00,1,0.00,24.31,7.06,0.25,0.00,0.00,0,4,1,0
19433,ON,1,0,0.00,70.00,29.00,-3.12,146,146,0.00,1,0.00,24.31,7.06,0.25,0.00,0.00,0,4,1,0
19538,ON,1,0,0.00,70.00,29.00,-3.12,146,146,0.00,1,0.00,24.31,7.06,0.25,0.00,0.00,0,4,1,0
19643,ON,1,0,0.00,70.00,29.00,-3.12,146,146,0.00,1,0.00,24.31,7.06,0.25,0.00,0.00,0,4,1,0
19751,ON,1,0,0.00,70.00,29.00,-3.12,146,146,0.00,1,0.00,24.31,7.06,0.25,0.00,0.00,0,4,1,0
19856,ON,1,0,0.00,70.00,29.00,-3.12,146,146,0.00,1,0.00,24.31,7.06,0.25,0.00,0.00,0,4,1,0
19961,ON,1,0,0.00,70.00,29.00,-3.12,146,146,0.00,1,0.00,24.31,7.06,0.25,0.00,0.00,0,4,1,0
20066,ON,1,0,0.00,70.00,29.00,-3.12,146,146,0.00,1,0.00,24.31,7.06,0.25,0.00,0.00,0,4,1,0
20171,ON,1,0,0.00,70.00,29.00,-3.12,146,146,0.00,1,0.00,24.31,7.06,0.25,0.00,0.00,0,4,1,0
20276,ON,1,0,0.00,70.00,29.00,-3.12,146,146,0.00,1,0.00,24.31,7.06,0.25,0.00,0.00,0,4,1,0
20384,ON,1,0,0.00,70.00,29.00,-3.12,146,146,0.00,1,0.00,24.31,7.06,0.25,0.00,0.00,0,4,1,0
20489,ON,1,0,0.00,70.00,29.00,-3.12,146,146,0.00,1,0.00,24.31,7.06,0.25,0.00,0.00,0,4,1,0
20594,ON,1,0,0.00,70.00,29.00,-3.12,146,146,0.00,1,0.00,24.31,7.06,0.25,0.00,0.00,0,4,1,0
20699,ON,1,0,0.00,70.00,29.00,-3.12,146,146,0.00,1,0.00,24.31,7.06,0.25,0.00,0.00,0,4,1,0
20804,ON,1,0,0.00,70.00,29.00,-3.12,146,146,0.00,1,0.00,24.31,7.06,0.25,0.00,0.00,0,4,1,0
20909,ON,1,0,0.00,70.00,29.00,-3.12,146,146,0.00,1,0.00,24.31,7.06,0.25,0.00,0.00,0,4,1,0
21017,ON,1,0,0.00,70.00,29.00,-3.12,146,146,0.00,1,0.00,24.31,7.06,0.25,0.00,0.00,0,4,1,0
21122,ON,1,0,0.00,70.00,29.00,-3.12,146,146,0.00,1,0.00,24.31,7.06,0.25,0.00,0.00,0,4,1,0
21227,ON,1,0,0.00,70.00,29.00,-3.12,146,146,0.00,1,0.00,24.31,7.06,0.25,0.00,0.00,0,4,1,0
21332,ON,1,0,0.00,70.00,29.00,-3.12,146,146,0.00,1,0.00,24.31,7.06,0.25,0.00,0.00,0,4,1,0
21437,ON,1,0,0.00,70.00,29.00,-3.12,146,146,0.00,1,0.00,24.31,7.06,0.25,0.00,0.00,0,4,1,0
21542,ON,1,0,0.00,70.00,29.00,-3.12,146,146,0.00,1,0.00,24.31,7.06,0.25,0.00,0.00,0,4,1,0
21650,ON,1,0,0.00,70.00,29.00,-3.12,146,146,0.00,1,0.00,24.31,7.06,0.25,0.00,0.00,0,4,1,0
21755,ON,1,0,0.00,70.00,29.00,-3.12,146,146,0.00,1,0.00,24.31,7.06,0.25,0.00,0.00,0,4,1,0
21860,ON,1,0,0.00,70.00,29.00,-3.12,146,146,0.00,1,0.00,24.31,7.06,0.25,0.00,0.00,0,4,1,0
21965,ON,1,0,0.00,70.00,29.00,-3.12,146,146,0.00,1,0.00,24.31,7.06,0.25,0.00,0.00,0,4,1,0
22070,ON,1,0,0.00,70.00,29.00,-3.12,146,146,0.00,1,0.00,24.31,7.06,0.25,0.00,0.00,0,4,1,0
22175,ON,1,0,0.00,70.00,29.00,-3.12,146,146,0.00,1,0.00,24.31,7.06,0.25,0.00,0.00,0,4,1,0
22283,ON,1,0,0.00,70.00,29.00,-3.12,146,146,0.00,1,0.00,24.31,7.06,0.25,0.00,0.00,0,4,1,0
22388,ON,1,0,0.00,70.00,29.00,-3.12,146,146,0.00,1,0.00,24.31,7.06,0.25,0.00,0.00,0,4,1,0
22493,ON,1,0,0.00,70.00,29.00,-3.12,146,146,0.00,1,0.00,24.31,7.06,0.25,0.00,0.00,0,4,1,0
22598,ON,1,0,0.00,70.00,29.00,-3.12,146,146,0.00,1,0.00,24.31,7.06,0.25,0.00,0.00,0,4,1,0
22703,ON,1,0,0.00,70.00,29.00,-3.12,146,146,0.00,1,0.00,24.31,7.06,0.25,0.00,0.00,0,4,1,0
22808,ON,1,0,0.00,70.00,29.00,-3.12,146,146,0.00,1,0.00,24.31,7.06,0.25,0.00,0.00,0,4,1,0
22916,ON,1,0,0.00,70.00,29.00,-3.12,146,146,0.00,1,0.00,24.31,7.06,0.25,0.00,0.00,0,4,1,0
23021,ON,1,0,0.00,70.00,29.00,-3.12,146,146,0.00,1,0.00,24.31,7.06,0.25,0.00,0.00,0,4,1,0
23126,ON,1,0,0.00,70.00,29.00,-3.12,146,146,0.00,1,0.00,24.31,7.06,0.25,0.00,0.00,0,4,1,0
23231,ON,1,0,0.00,70.00,29.00,-3.12,146,146,0.00,1,0.00,24.31,7.06,0.25,0.00,0.00,0,4,1,0
23336,ON,1,0,0.00,70.00,29.00,-3.12,146,146,0.00,1,0.00,24.31,7.06,0.25,0.00,0.00,0,4,1,0
23441,ON,1,0,0.00,70.00,29.00,-3.12,146,146,0.00,1,0.00,24.31,7.06,0.25,0.00,0.00,0,4,1,0
23549,ON,1,0,0.00,70.00,29.00,-3.12,146,146,0.00,1,0.00,24.31,7.06,0.25,0.00,0.00,0,4,1,0
23654,ON,1,0,0.00,70.00,29.00,-3.12,146,146,0.00,1,0.00,24.31,7.06,0.25,0.00,0.00,0,4,1,0
23759,ON,1,0,0.00,70.00,29.00,-3.12,146,146,0.00,1,0.00,24.31,7.06,0.25,0.00,0.00,0,4,1,0
23864,ON,1,0,0.00,70.00,29.00,-3.12,146,146,0.00,1,0.00,24.31,7.06,0.25,0.00,0.00,0,4,1,0
23969,ON,1,0,0.00,70.00,29.00,-3.12,146,146,0.00,1,0.00,24.31,7.06,0.25,0.00,0.00,0,4,1,0
24074,ON,1,0,0.00,70.00,29.00,-3.12,146,146,0.00,1,0.00,24.31,7.06,0.25,0.00,0.00,0,4,1,0
24182,ON,1,0,0.00,70.00,29.00,-3.12,146,146,0.00,1,0.00,24.31,7.06,0.25,0.00,0.00,0,4,1,0
24287,ON,1,0,0.00,70.00,29.00,-3.12,146,146,0.00,1,0.00,24.31,7.06,0.25,0.00,0.00,0,4,1,0
24392,ON,1,0,0.00,70.00,29.00,-3.12,146,146,0.00,1,0.00,24.31,7.06,0.25,0.00,0.00,0,4,1,0
24497,ON,1,0,0.00,70.00,29.00,-3.12,146,146,0.00,1,0.00,24.31,7.06,0.25,0.00,0.00,0,4,1,0
24602,ON,1,0,0.00,70.00,29.00,-3.12,146,146,0.00,1,0.00,24.31,7.06,0.25,0.00,0.00,0,4,1,0
24707,ON,1,0,0.00,70.00,29.00,-3.12,146,146,0.00,1,0.00,24.31,7.06,0.25,0.00,0.00,0,4,1,0
24815,ON,1,0,0.00,70.00,29.00,-3.12,146,146,0.00,1,0.00,24.31,7.06,0.25,0.00,0.00,0,4,1,0
24920,ON,1,0,0.00,70.00,29.00,-3.12,146,146,0.00,1,0.00,24.31,7.06,0.25,0.00,0.00,0,4,1,0
25025,ON,1,0,0.00,70.00,29.00,-3.12,146,146,0.00,1,0.00,24.31,7.06,0.25,0.00,0.00,0,4,1,0
25130,ON,1,0,0.00,70.00,29.00,-3.12,146,146,0.00,1,0.00,24.31,7.06,0.25,0.00,0.00,0,4,1,0
25235,ON,1,0,0.00,70.00,29.00,-3.12,146,146,0.00,1,0.00,24.31,7.06,0.25,0.00,0.00,0,4,1,0
25340,ON,1,0,0.00,70.00,29.00,-3.12,146,146,0.00,1,0.00,24.31,7.06,0.25,0.00,0.00,0,4,1,0
25448,ON,1,0,0.00,70.00,29.00,-3.12,146,146,0.00,1,0.00,24.31,7.06,0.25,0.00,0.00,0,4,1,0
25553,ON,1,0,0.00,70.00,29.00,-3.12,146,146,0.00,1,0.00,24.31,7.06,0.25,0.00,0.00,0,4,1,0
25658,ON,1,0,0.00,70.00,29.00,-3.12,146,146,0.00,1,0.00,24.31,7.06,0.25,0.00,0.00,0,4,1,0
25763,ON,1,0,0.00,70.00,29.00,-3.12,146,146,0.00,1,0.00,24.31,7.06,0.25,0.00,0.00,0,4,1,0
25868,ON,1,0,0.00,70.00,29.00,-3.12,146,146,0.00,1,0.00,24.31,7.06,0.25,0.00,0.00,0,4,1,0
25973,ON,1,0,0.00,70.00,29.00,-3.12,146,146,0.00,1,0.00,24.31,7.06,0.25,0.00,0.00,0,4,1,0
26081,ON,1,0,0.00,70.00,29.00,-3.12,146,146,0.00,1,0.00,24.31,7.06,0.25,0.00,0.00,0,4,1,0
26186,ON,1,0,0.00,70.00,29.00,-3.12,146,146,0.00,1,0.00,24.31,7.06,0.25,0.00,0.00,0,4,1,0
26291,ON,1,0,0.00,70.00,29.00,-3.12,146,146,0.00,1,0.00,24.31,7.06,0.25,0.00,0.00,0,4,1,0
26396,ON,1,0,0.00,70.00,29.00,-3.12,146,146,0.00,1,0.00,24.31,7.06,0.25,0.00,0.00,0,4,1,0
26501,ON,1,0,0.00,70.00,29.00,-3.12,146,146,0.00,1,0.00,24.31,7.06,0.25,0.00,0.00,0,4,1,0
26606,ON,1,0,0.00,70.00,29.00,-3.12,146,146,0.00,1,0.00,24.31,7.06,0.25,0.00,0.00,0,4,1,0
26714,ON,1,0,0.00,70.00,29.00,-3.12,146,146,0.00,1,0.00,24.31,7.06,0.25,0.00,0.00,0,4,1,0
26819,ON,1,0,0.00,70.00,29.00,-3.12,146,146,0.00,1,0.00,24.31,7.06,0.25,0.00,0.00,0,4,1,0
26924,ON,1,0,0.00,70.00,29.00,-3.12,146,146,0.00,1,0.00,24.31,7.06,0.25,0.00,0.00,0,4,1,0
27029,ON,1,0,0.00,70.00,29.00,-3.12,146,146,0.00,1,0.00,24.31,7.06,0.25,0.00,0.00,0,4,1,0
27134,ON,1,0,0.00,70.00,29.00,-3.12,146,146,0.00,1,0.00,24.31,7.06,0.25,0.00,0.00,0,4,1,0
27239,ON,1,0,0.00,70.00,29.00,-3.12,146,146,0.00,1,0.00,24.31,7.06,0.25,0.00,0.00,0,4,1,0
27347,ON,1,0,0.00,70.00,29.00,-3.12,146,146,0.00,1,0.00,24.31,7.06,0.25,0.00,0.00,0,4,1,0
27452,ON,1,0,0.00,70.00,29.00,-3.12,146,146,0.00,1,0.00,24.31,7.06,0.25,0.00,0.00,0,4,1,0
27557,ON,1,0,0.00,70.00,29.00,-3.12,146,146,0.00,1,0.00,24.31,7.06,0.25,0.00,0.00,0,4,1,0
27662,ON,1,0,0.00,70.00,29.00,-3.12,146,146,0.00,1,0.00,24.31,7.06,0.25,0.00,0.00,0,4,1,0
27767,ON,1,0,0.00,70.00,29.00,-3.12,146,146,0.00,1,0.00,24.31,7.06,0.25,0.00,0.00,0,4,1,0
27872,ON,1,0,0.00,70.00,29.00,-3.12,146,146,0.00,1,0.00,24.31,7.06,0.25,0.00,0.00,0,4,1,0
27980,ON,1,0,0.00,70.00,29.00,-3.12,146,146,0.00,1,0.00,24.31,7.06,0.25,0.00,0.00,0,4,1,0
28085,ON,1,0,0.00,70.00,29.00,-3.12,146,146,0.00,1,0.00,24.31,7.06,0.25,0.00,0.00,0,4,1,0
28190,ON,1,0,0.00,70.00,29.00,-3.12,146,146,0.00,1,0.00,24.31,7.06,0.25,0.00,0.00,0,4,1,0
28295,ON,1,0,0.00,70.00,29.00,-3.12,146,146,0.00,1,0.00,24.31,7.06,0.25,0.00,0.00,0,4,1,0
28400,ON,1,0,0.00,70.00,29.00,-3.12,146,146,0.00,1,0.00,24.31,7.06,0.25,0.00,0.00,0,4,1,0
28505,ON,1,0,0.00,70.00,29.00,-3.12,146,146,0.00,1,0.00,24.31,7.06,0.25,0.00,0.00,0,4,1,0
28613,ON,1,0,0.00,70.00,29.00,-3.12,146,146,0.00,1,0.00,24.31,7.06,0.25,0.00,0.00,0,4,1,0
28718,ON,1,0,0.00,70.00,29.00,-3.12,146,146,0.00,1,0.00,24.31,7.06,0.25,0.00,0.00,0,4,1,0
28823,ON,1,0,0.00,70.00,29.00,-3.12,146,146,0.00,1,0.00,24.31,7.06,0.25,0.00,0.00,0,4,1,0
28928,ON,1,0,0.00,70.00,29.00,-3.12,146,146,0.00,1,0.00,24.31,7.06,0.25,0.00,0.00,0,4,1,0
29033,ON,1,0,0.00,70.00,29.00,-3.12,146,146,0.00,1,0.00,24.31,7.06,0.25,0.00,0.00,0,4,1,0
29138,ON,1,0,0.00,70.00,29.00,-3.12,146,146,0.00,1,0.00,24.31,7.06,0.25,0.00,0.00,0,4,1,0
29246,ON,1,0,0.00,70.00,29.00,-3.12,146,146,0.00,1,0.00,24.31,7.06,0.25,0.00,0.00,0,4,1,0
29351,ON,1,0,0.00,70.00,29.00,-3.12,146,146,0.00,1,0.00,24.31,7.06,0.25,0.00,0.00,0,4,1,0
29456,ON,1,0,0.00,70.00,29.00,-3.12,146,146,0.00,1,0.00,24.31,7.06,0.25,0.00,0.00,0,4,1,0
29561,ON,1,0,0.00,70.00,29.00,-3.12,146,146,0.00,1,0.00,24.31,7.06,0.25,0.00,0.00,0,4,1,0
29666,ON,1,0,0.00,70.00,29.00,-3.12,146,146,0.00,1,0.00,24.31,7.06,0.25,0.00,0.00,0,4,1,0
29771,ON,1,0,0.00,70.00,29.00,-3.12,146,146,0.00,1,0.00,24.31,7.06,0.25,0.00,0.00,0,4,1,0
29879,ON,1,0,0.00,70.00,29.00,-3.12,146,146,0.00,1,0.00,24.31,7.06,0.25,0.00,0.00,0,4,1,0
29984,ON,1,0,0.00,70.00,29.00,-3.12,146,146,0.00,1,0.00,24.31,7.06,0.25,0.00,0.00,0,4,1,0
30089,ON,1,0,0.00,70.00,29.00,-3.12,146,146,0.00,1,0.00,24.31,7.06,0.25,0.00,0.00,0,4,1,0
30194,ON,1,0,0.00,70.00,29.00,-3.12,146,146,0.00,1,0.00,24.31,7.06,0.25,0.00,0.00,0,4,1,0
30299,ON,1,0,0.00,70.00,29.00,-3.12,146,146,0.00,1,0.00,24.31,7.06,0.25,0.00,0.00,0,4,1,0
30404,ON,1,0,0.00,70.00,29.00,-3.12,146,146,0.00,1,0.00,24.31,7.06,0.25,0.00,0.00,0,4,1,0
30512,ON,1,0,0.00,70.00,29.00,-3.12,146,146,0.00,1,0.00,24.31,7.06,0.25,0.00,0.00,0,4,1,0
30617,ON,1,0,0.00,70.00,29.00,-3.12,146,146,0.00,1,0.00,24.31,7.06,0.25,0.00,0.00,0,4,1,0
30722,ON,1,0,0.00,70.00,29.00,-3.12,146,146,0.00,1,0.00,24.31,7.06,0.25,0.00,0.00,0,4,1,0
30827,ON,1,0,0.00,70.00,29.00,-3.12,146,146,0.00,1,0.00,24.31,7.06,0.25,0.00,0.00,0,4,1,0
30932,ON,1,0,0.00,70.00,29.00,-3.12,146,146,0.00,1,0.00,24.31,7.06,0.25,0.00,0.00,0,4,1,0
31037,ON,1,0,0.00,70.00,29.00,-3.12,146,146,0.00,1,0.00,24.31,7.06,0.25,0.00,0.00,0,4,1,0
31145,ON,1,0,0.00,70.00,29.00,-3.12,146,146,0.00,1,0.00,24.31,7.06,0.25,0.00,0.00,0,4,1,0
31250,ON,1,0,0.00,70.00,29.00,-3.12,146,146,0.00,1,0.00,24.31,7.06,0.25,0.00,0.00,0,4,1,0
31355,ON,1,0,0.00,70.00,29.00,-3.12,146,146,0.00,1,0.00,24.31,7.06,0.25,0.00,0.00,0,4,1,0
31460,ON,1,0,0.00,70.00,29.00,-3.12,146,146,0.00,1,0.00,24.31,7.06,0.25,0.00,0.00,0,4,1,0
31565,ON,1,0,0.00,70.00,29.00,-3.12,146,146,0.00,1,0.00,24.31,7.06,0.25,0.00,0.00,0,4,1,0
31670,ON,1,0,0.00,70.00,29.00,-3.12,146,146,0.00,1,0.00,24.31,7.06,0.25,0.00,0.00,0,4,1,0
31778,ON,1,0,0.00,70.00,29.00,-3.12,146,146,0.00,1,0.00,24.31,7.06,0.25,0.00,0.00,0,4,1,0
31883,ON,1,0,0.00,70.00,29.00,-3.12,146,146,0.00,1,0.00,24.31,7.06,0.25,0.00,0.00,0,4,1,0
31988,ON,1,0,0.00,70.00,29.00,-3.12,146,146,0.00,1,0.00,24.31,7.06,0.25,0.00,0.00,0,4,1,0
32093,ON,1,0,0.00,70.00,29.00,-3.12,146,146,0.00,1,0.00,24.31,7.06,0.25,0.00,0.00,0,4,1,0
32198,ON,1,0,0.00,70.00,29.00,-3.12,146,146,0.00,1,0.00,24.31,7.06,0.25,0.00,0.00,0,4,1,0
32303,ON,1,0,0.00,70.00,29.00,-3.12,146,146,0.00,1,0.00,24.31,7.06,0.25,0.00,0.00,0,4,1,0
32411,ON,1,0,0.00,70.00,29.00,-3.12,146,146,0.00,1,0.00,24.31,7.06,0.25,0.00,0.00,0,4,1,0
32516,ON,1,0,0.00,70.00,29.00,-3.12,146,146,0.00,1,0.00,24.31,7.06,0.25,0.00,0.00,0,4,1,0
32621,ON,1,0,0.00,70.00,29.00,-3.12,146,146,0.00,1,0.00,24.31,7.06,0.25,0.00,0.00,0,4,1,0
32726,ON,1,0,0.00,70.00,29.00,-3.12,146,146,0.00,1,0.00,24.31,7.06,0.25,0.00,0.00,0,4,1,0
32831,ON,1,0,0.00,70.00,29.00,-3.12,146,146,0.00,1,0.00,24.31,7.06,0.25,0.00,0.00,0,4,1,0
32936,ON,1,0,0.00,70.00,29.00,-3.12,146,146,0.00,1,0.00,24.31,7.06,0.25,0.00,0.00,0,4,1,0
33044,ON,1,0,0.00,70.00,29.00,-3.12,146,146,0.00,1,0.00,24.31,7.06,0.25,0.00,0.00,0,4,1,0
33149,ON,1,0,0.00,70.00,29.00,-3.12,146,146,0.00,1,0.00,24.31,7.06,0.25,0.00,0.00,0,4,1,0
33254,ON,1,0,0.00,70.00,29.00,-3.12,146,146,0.00,1,0.00,24.31,7.06,0.25,0.00,0.00,0,4,1,0
33359,ON,1,0,0.00,70.00,29.00,-3.12,146,146,0.00,1,0.00,24.31,7.06,0.25,0.00,0.00,0,4,1,0
33464,ON,1,0,0.00,70.00,29.00,-3.12,146,146,0.00,1,0.00,24.31,7.06,0.25,0.00,0.00,0,4,1,0
33569,ON,1,0,0.00,69.00,29.00,-3.12,146,146,0.00,1,0.00,23.92,7.06,0.25,0.00,0.00,0,4,1,0
33677,ON,1,0,0.00,70.00,30.00,-3.12,146,146,0.00,0,0.00,23.53,6.27,0.25,0.00,10.94,185,4,1,0
33782,ON,1,0,0.00,70.00,29.00,-3.12,146,146,0.00,0,0.00,23.53,6.27,0.25,0.00,11.17,163,4,1,0
33887,ON,1,0,0.00,70.00,29.00,-3.12,146,146,0.00,0,0.00,23.53,6.27,0.25,0.00,11.17,163,4,1,0
33992,ON,1,0,0.00,70.00,29.00,-3.12,146,146,0.00,0,0.00,23.53,6.27,0.25,0.00,11.17,163,4,1,0
34097,ON,1,0,0.00,70.00,29.00,-3.12,146,146,0.00,0,0.00,23.53,6.27,0.25,0.00,11.17,163,4,1,0
34202,ON,1,0,0.00,70.00,29.00,-3.12,146,146,0.00,0,0.00,23.53,6.27,0.25,0.00,11.17,163,4,1,0
34310,ON,1,0,0.00,70.00,29.00,-3.12,146,146,0.00,0,0.00,23.53,6.27,0.25,0.00,11.17,163,4,1,0
34415,ON,1,0,0.00,70.00,29.00,-3.12,146,146,0.00,0,0.00,23.53,6.27,0.25,0.00,11.17,163,4,1,0
34520,ON,1,0,0.00,70.00,29.00,-3.12,146,146,0.00,0,0.00,23.53,6.27,0.25,0.00,11.17,163,4,1,0
34625,ON,1,0,0.00,70.00,29.00,-3.12,146,146,0.00,0,0.00,23.53,6.27,0.25,0.00,11.17,163,4,1,0
34730,ON,1,0,0.00,70.00,29.00,-3.12,146,146,0.00,0,0.00,23.53,6.27,0.25,0.00,11.17,163,4,1,0
34835,ON,1,0,0.00,70.00,29.00,-3.12,146,146,0.00,0,0.00,23.53,6.27,0.25,0.00,11.09,85,4,1,0
34943,ON,1,0,0.00,70.00,29.00,-3.12,146,146,0.00,0,0.00,23.53,6.27,0.25,0.00,11.09,85,4,1,0
35048,ON,1,0,0.00,70.00,29.00,-3.12,146,146,0.00,0,0.00,23.53,6.27,0.25,0.00,11.09,85,4,1,0
35153,ON,1,0,0.00,70.00,29.00,-3.12,146,146,0.00,0,0.00,23.53,6.27,0.25,0.00,11.09,85,4,1,0
35258,ON,1,0,0.00,70.00,29.00,-3.12,146,146,0.00,0,0.00,23.53,6.27,0.25,0.00,11.17,163,4,1,0
35363,ON,1,0,0.00,70.00,29.00,-3.12,146,146,0.00,0,0.00,23.53,6.27,0.25,0.00,11.09,85,4,1,0
35468,ON,1,0,0.00,70.00,29.00,-3.12,146,146,0.00,0,0.00,23.53,6.27,0.25,0.00,11.09,85,4,1,0
35576,ON,1,0,0.00,70.00,29.00,-3.12,146,146,0.00,0,0.00,23.53,6.27,0.25,0.00,11.09,85,4,1,0
35681,ON,1,0,0.00,70.00,29.00,-3.12,146,146,0.00,0,0.00,23.53,6.27,0.25,0.00,11.09,85,4,1,0
35786,ON,1,0,0.00,70.00,29.00,-3.12,146,146,0.00,0,0.00,23.53,6.27,0.25,0.00,11.09,85,4,1,0
35891,ON,1,0,0.00,70.00,29.00,-3.12,146,146,0.00,0,0.00,23.53,6.27,0.25,0.00,11.09,85,4,1,0
35996,ON,1,0,0.00,70.00,29.00,-3.12,146,146,0.00,0,0.00,23.53,6.27,0.25,0.00,11.17,163,4,1,0
36101,ON,1,0,0.00,70.00,29.00,-3.12,146,146,0.00,0,0.00,23.53,6.27,0.25,0.00,11.09,85,4,1,0
36209,ON,1,0,0.00,70.00,29.00,-3.12,146,146,0.00,1,0.00,23.92,7.06,0.25,0.00,1.48,204,4,1,0
36314,ON,1,0,0.00,70.00,29.00,-3.12,146,146,0.00,3,0.00,23.92,7.06,0.25,0.00,0.00,0,4,1,0
36419,ON,1,0,0.00,70.00,29.00,-3.12,146,146,0.00,3,0.00,23.92,7.06,0.25,0.00,0.00,0,4,1,0
36524,ON,1,0,0.00,70.00,29.00,-3.12,146,146,0.00,3,0.00,23.92,7.06,0.25,0.00,0.00,0,4,1,0
36629,ON,1,0,0.00,70.00,29.00,-3.12,146,146,0.00,3,0.00,23.92,7.06,0.25,0.00,0.00,0,4,1,0
36734,ON,1,0,0.00,70.00,29.00,-3.12,146,146,0.00,3,0.00,23.92,7.06,0.25,0.00,0.00,0,4,1,0
36842,ON,1,0,0.00,70.00,29.00,-3.12,146,146,0.00,3,0.00,23.92,7.06,0.25,0.00,0.00,0,4,1,0
36947,ON,1,0,0.00,70.00,29.00,-3.12,146,146,0.00,3,0.00,23.92,7.06,0.25,0.00,0.00,0,4,1,0
37052,ON,1,0,0.00,70.00,29.00,-3.12,146,146,0.00,3,0.00,23.92,7.06,0.25,0.00,0.00,0,4,1,0
37157,ON,1,0,0.00,70.00,29.00,-3.12,146,146,0.00,3,0.00,23.92,7.06,0.25,0.00,0.00,0,4,1,0
37262,ON,1,0,0.00,70.00,29.00,-3.12,146,146,0.00,3,0.00,23.92,7.06,0.25,0.00,0.00,0,4,1,0
37367,ON,1,0,0.00,70.00,29.00,-3.12,146,146,0.00,3,0.00,23.92,7.06,0.25,0.00,0.00,0,4,1,0
37475,ON,1,0,0.00,70.00,29.00,-3.12,146,146,0.00,3,0.00,23.92,7.06,0.25,0.00,0.00,0,4,1,0
37580,ON,1,0,0.00,70.00,29.00,-3.12,146,146,0.00,3,0.00,23.92,7.06,0.25,0.00,0.00,0,4,1,0
37685,ON,1,0,0.00,70.00,29.00,-3.12,146,146,0.00,3,0.00,23.92,7.06,0.25,0.00,0.00,0,4,1,0
37790,ON,1,0,0.00,70.00,29.00,-3.12,146,146,0.00,3,0.00,23.92,7.06,0.25,0.00,0.00,0,4,1,0
37895,ON,1,0,0.00,70.00,29.00,-3.12,146,146,0.00,3,0.00,23.92,7.06,0.25,0.00,0.00,0,4,1,0
38000,ON,1,0,0.00,70.00,29.00,-3.12,146,146,0.00,3,0.00,23.92,7.06,0.25,0.00,0.00,0,4,1,0
38108,ON,1,0,0.00,70.00,29.00,-3.12,146,146,0.00,3,0.00,23.92,7.06,0.25,0.00,0.00,0,4,1,0
38213,ON,1,0,0.00,70.00,29.00,-3.12,146,146,0.00,3,0.00,23.92,7.06,0.25,0.00,0.00,0,4,1,0
38318,ON,1,0,0.00,70.00,29.00,-3.12,146,146,0.00,3,0.00,23.92,7.06,0.25,0.00,0.00,0,4,1,0
38423,ON,1,0,0.00,70.00,29.00,-3.12,146,146,0.00,3,0.00,23.92,7.06,0.25,0.00,0.00,0,4,1,0
38528,ON,1,0,0.00,70.00,29.00,-3.12,146,146,0.00,3,0.00,23.92,7.06,0.25,0.00,0.00,0,4,1,0
38633,ON,1,0,0.00,70.00,29.00,-3.12,146,146,0.00,3,0.00,23.92,7.06,0.25,0.00,0.00,0,4,1,0
38743,ON,1,0,0.00,70.00,29.00,-3.12,146,146,0.00,3,0.00,23.92,7.06,0.25,0.00,0.00,0,4,1,0
38848,ON,1,0,0.00,70.00,29.00,-3.12,146,146,0.00,3,0.00,23.92,7.06,0.25,0.00,0.00,0,4,1,0
38953,ON,1,0,0.00,70.00,29.00,-3.12,146,146,0.00,3,0.00,23.92,7.06,0.25,0.00,0.00,0,4,1,0
39058,ON,1,0,0.00,70.00,29.00,-3.12,146,146,0.00,3,0.00,23.92,7.06,0.25,0.00,0.00,0,4,1,0
39163,ON,1,0,0.00,70.00,29.00,-3.12,146,146,0.00,3,0.00,23.92,7.06,0.25,0.00,0.00,0,4,1,0
39271,ON,1,0,0.00,70.00,29.00,-3.12,146,146,0.00,3,0.00,23.92,7.06,0.25,0.00,0.00,0,4,1,0
39376,ON,1,0,0.00,70.00,29.00,-3.12,146,146,0.00,3,0.00,23.92,7.06,0.25,0.00,0.00,0,4,1,0
39481,ON,1,0,0.00,70.00,29.00,-3.12,146,146,0.00,3,0.00,23.92,7.06,0.25,0.00,0.00,0,4,1,0
39586,ON,1,0,0.00,70.00,29.00,-3.12,146,146,0.00,3,0.00,23.92,7.06,0.25,0.00,0.00,0,4,1,0
39691,ON,1,0,0.00,70.00,29.00,-3.12,146,146,0.00,3,0.00,23.92,7.06,0.25,0.00,0.00,0,4,1,0
39796,ON,1,0,0.00,70.00,29.00,-3.12,146,146,0.00,3,0.00,23.92,7.06,0.25,0.00,0.00,0,4,1,0
39904,ON,1,0,0.00,70.00,29.00,-3.12,146,146,0.00,3,0.00,23.92,7.06,0.25,0.00,0.00,0,4,1,0
40009,ON,1,0,0.00,70.00,29.00,-3.12,146,146,0.00,3,0.00,23.92,7.06,0.25,0.00,0.00,0,4,1,0
40114,ON,1,0,0.00,70.00,29.00,-3.12,146,146,0.00,3,0.00,23.92,7.06,0.25,0.00,0.00,0,4,1,0
40219,ON,1,0,0.00,70.00,29.00,-3.12,146,146,0.00,3,0.00,23.92,7.06,0.25,0.00,0.00,0,4,1,0
40324,ON,1,0,0.00,70.00,29.00,-3.12,146,146,0.00,3,0.00,23.92,7.06,0.25,0.00,0.00,0,4,1,0
40429,ON,1,0,0.00,70.00,29.00,-3.12,146,146,0.00,3,0.00,23.92,7.06,0.25,0.00,0.00,0,4,1,0
40537,ON,1,0,0.00,70.00,29.00,-3.12,146,146,0.00,3,0.00,23.92,7.06,0.25,0.00,0.00,0,4,1,0
40642,ON,1,0,0.00,70.00,29.00,-3.12,146,146,0.00,3,0.00,23.92,7.06,0.25,0.00,0.00,0,4,1,0
40747,ON,1,0,0.00,70.00,29.00,-3.12,146,146,0.00,3,0.00,23.92,7.06,0.25,0.00,0.00,0,4,1,0
40852,ON,1,0,0.00,70.00,29.00,-3.12,146,146,0.00,3,0.00,23.92,7.06,0.25,0.00,0.00,0,4,1,0
40957,ON,1,0,0.00,70.00,29.00,-3.12,146,146,0.00,3,0.00,23.92,7.06,0.25,0.00,0.00,0,4,1,0
41062,ON,1,0,0.00,70.00,29.00,-3.12,146,146,0.00,3,0.00,23.92,7.06,0.25,0.00,0.00,0,4,1,0
41170,ON,1,0,0.00,70.00,29.00,-3.12,146,146,0.00,3,0.00,23.92,7.06,0.25,0.00,0.00,0,4,1,0
41275,ON,1,0,0.00,70.00,29.00,-3.12,146,146,0.00,3,0.00,23.92,7.06,0.25,0.00,0.00,0,4,1,0
41380,ON,1,0,0.00,70.00,29.00,-3.12,146,146,0.00,3,0.00,23.92,7.06,0.25,0.00,0.00,0,4,1,0
41485,ON,1,0,0.00,70.00,29.00,-3.12,146,146,0.00,3,0.00,23.92,7.06,0.25,0.00,0.00,0,4,1,0
41590,ON,1,0,0.00,70.00,29.00,-3.12,146,146,0.00,3,0.00,23.92,7.06,0.25,0.00,0.00,0,4,1,0
41695,ON,1,0,0.00,70.00,29.00,-3.12,146,146,0.00,3,0.00,23.92,7.06,0.25,0.00,0.00,0,4,1,0
41803,ON,1,0,0.00,70.00,29.00,-3.12,146,146,0.00,3,0.00,23.92,7.06,0.25,0.00,0.00,0,4,1,0
41908,ON,1,0,0.00,70.00,29.00,-3.12,146,146,0.00,3,0.00,23.92,7.06,0.25,0.00,0.00,0,4,1,0
42013,ON,1,0,0.00,70.00,29.00,-3.12,146,146,0.00,3,0.00,23.92,7.06,0.25,0.00,0.00,0,4,1,0
42118,ON,1,0,0.00,70.00,29.00,-3.12,146,146,0.00,3,0.00,23.92,7.06,0.25,0.00,0.00,0,4,1,0
42223,ON,1,0,0.00,70.00,29.00,-3.12,146,146,0.00,3,0.00,23.92,7.06,0.25,0.00,0.00,0,4,1,0
42328,ON,1,0,0.00,70.00,29.00,-3.12,146,146,0.00,3,0.00,23.92,7.06,0.25,0.00,0.00,0,4,1,0
42436,ON,1,0,0.00,70.00,29.00,-3.12,146,146,0.00,3,0.00,23.92,7.06,0.25,0.00,0.00,0,4,1,0
42541,ON,1,0,0.00,70.00,29.00,-3.12,146,146,0.00,3,0.00,23.92,7.06,0.25,0.00,0.00,0,4,1,0
42646,ON,1,0,0.00,70.00,29.00,-3.12,146,146,0.00,3,0.00,23.92,7.06,0.25,0.00,0.00,0,4,1,0
42751,ON,1,0,0.00,70.00,29.00,-3.12,146,146,0.00,3,0.00,23.92,7.06,0.25,0.00,0.00,0,4,1,0
42856,ON,1,0,0.00,70.00,29.00,-3.12,146,146,0.00,3,0.00,23.92,7.06,0.25,0.00,0.00,0,4,1,0
42961,ON,1,0,0.00,70.00,29.00,-3.12,146,146,0.00,3,0.00,23.92,7.06,0.25,0.00,0.00,0,4,1,0
43069,ON,1,0,0.00,70.00,29.00,-3.12,146,146,0.00,3,0.00,23.92,7.06,0.25,0.00,0.00,0,4,1,0
43174,ON,1,0,0.00,70.00,29.00,-3.12,146,146,0.00,3,0.00,23.92,7.06,0.25,0.00,0.00,0,4,1,0
43279,ON,1,0,0.00,70.00,29.00,-3.12,146,146,0.00,3,0.00,23.92,7.06,0.25,0.00,0.00,0,4,1,0
43384,ON,1,0,0.00,70.00,29.00,-3.12,146,146,0.00,3,0.00,23.92,7.06,0.25,0.00,0.00,0,4,1,0
43489,ON,1,0,0.00,70.00,29.00,-3.12,146,146,0.00,3,0.00,23.92,7.06,0.25,0.00,0.00,0,4,1,0
43594,ON,1,0,0.00,70.00,29.00,-3.12,146,146,0.00,3,0.00,23.92,7.06,0.25,0.00,0.00,0,4,1,0
43702,ON,1,0,0.00,70.00,29.00,-3.12,146,146,0.00,3,0.00,23.92,7.06,0.25,0.00,0.00,0,4,1,0
43807,ON,1,0,0.00,70.00,29.00,-3.12,146,146,0.00,3,0.00,23.92,7.06,0.25,0.00,0.00,0,4,1,0
43912,ON,1,0,0.00,70.00,29.00,-3.12,146,146,0.00,3,0.00,23.92,7.06,0.25,0.00,0.00,0,4,1,0
44017,ON,1,0,0.00,70.00,29.00,-3.12,146,146,0.00,3,0.00,23.92,7.06,0.25,0.00,0.00,0,4,1,0
44122,ON,1,0,0.00,70.00,29.00,-3.12,146,146,0.00,3,0.00,23.92,7.06,0.25,0.00,0.00,0,4,1,0
44227,ON,1,0,0.00,70.00,29.00,-3.12,146,146,0.00,3,0.00,23.92,7.06,0.25,0.00,0.00,0,4,1,0
44335,ON,1,0,0.00,70.00,29.00,-3.12,146,146,0.00,3,0.00,23.92,7.06,0.25,0.00,0.00,0,4,1,0
44440,ON,1,0,0.00,70.00,29.00,-3.12,146,146,0.00,3,0.00,23.92,7.06,0.25,0.00,0.00,0,4,1,0
44545,ON,1,0,0.00,70.00,29.00,-3.12,146,146,0.00,3,0.00,23.92,7.06,0.25,0.00,0.00,0,4,1,0
44650,ON,1,0,0.00,70.00,29.00,-3.12,146,146,0.00,3,0.00,23.92,7.06,0.25,0.00,0.00,0,4,1,0
44755,ON,1,0,0.00,70.00,29.00,-3.12,146,146,0.00,3,0.00,23.92,7.06,0.25,0.00,0.00,0,4,1,0
44860,ON,1,0,0.00,70.00,29.00,-3.12,146,146,0.00,3,0.00,23.92,7.06,0.25,0.00,0.00,0,4,1,0
44968,ON,1,0,0.00,70.00,29.00,-3.12,146,146,0.00,3,0.00,23.92,7.06,0.25,0.00,0.00,0,4,1,0
45073,ON,1,0,0.00,70.00,29.00,-3.12,146,146,0.00,3,0.00,23.92,7.06,0.25,0.00,0.00,0,4,1,0
45178,ON,1,0,0.00,70.00,29.00,-3.12,146,146,0.00,3,0.00,23.92,7.06,0.25,0.00,0.00,0,4,1,0
45283,ON,1,0,0.00,70.00,29.00,-3.12,146,146,0.00,3,0.00,23.92,7.06,0.25,0.00,0.00,0,4,1,0
45388,ON,1,0,0.00,70.00,29.00,-3.12,146,146,0.00,3,0.00,23.92,7.06,0.25,0.00,0.00,0,4,1,0
45493,ON,1,0,0.00,70.00,29.00,-3.12,146,146,0.00,3,0.00,23.92,7.06,0.25,0.00,0.00,0,4,1,0
45601,ON,1,0,0.00,70.00,29.00,-3.12,146,146,0.00,3,0.00,23.92,7.06,0.25,0.00,0.00,0,4,1,0
45706,ON,1,0,0.00,70.00,29.00,-3.12,146,146,0.00,3,0.00,23.92,7.06,0.25,0.00,0.00,0,4,1,0
45811,ON,1,0,0.00,70.00,29.00,-3.12,146,146,0.00,3,0.00,23.92,7.06,0.25,0.00,0.00,0,4,1,0
45916,ON,1,0,0.00,70.00,29.00,-3.12,146,146,0.00,3,0.00,23.92,7.06,0.25,0.00,0.00,0,4,1,0
46021,ON,1,0,0.00,70.00,29.00,-3.12,146,146,0.00,3,0.00,23.92,7.06,0.25,0.00,0.00,0,4,1,0
46126,ON,1,0,0.00,70.00,29.00,-3.12,146,146,0.00,3,0.00,23.92,7.06,0.25,0.00,0.00,0,4,1,0
46234,ON,1,0,0.00,70.00,29.00,-3.12,146,146,0.00,3,0.00,23.92,7.06,0.25,0.00,0.00,0,4,1,0
46339,ON,1,0,0.00,70.00,29.00,-3.12,146,146,0.00,3,0.00,23.92,7.06,0.25,0.00,0.00,0,4,1,0
