1132,OFF,0,0,0.00,-40.00,-40.00,-100.00,0,0,0.00,0,-64.00,0.00,0.00,0.00,-100.00,0.00,0,0,0,0
1241,ON,1,0,0.00,28.00,29.00,-3.12,146,146,0.00,0,0.00,27.84,11.76,0.25,0.00,12.50,212,20,0,0
1346,ON,1,0,0.00,28.00,29.00,-3.12,146,146,0.00,0,0.00,27.84,11.76,0.25,0.00,12.50,212,20,0,0
1454,ON,1,0,0.00,28.00,29.00,-3.12,146,146,0.00,0,0.00,27.84,11.76,0.25,0.00,12.50,212,20,0,0
1559,ON,1,0,0.00,28.00,29.00,-3.12,146,146,0.00,0,0.00,27.84,11.76,0.25,0.00,12.50,212,20,0,0
1664,ON,1,0,0.00,28.00,29.00,-3.12,146,146,0.00,0,0.00,27.84,11.76,0.25,0.00,12.50,212,20,0,0
1769,ON,1,0,0.00,28.00,29.00,-3.12,146,146,0.00,0,0.00,27.84,11.76,0.25,0.00,12.50,212,20,0,0
1874,ON,1,0,0.00,28.00,29.00,-3.12,146,146,0.00,0,0.00,27.84,11.76,0.25,0.00,12.50,212,20,0,0
1979,ON,1,0,0.00,28.00,29.00,-3.12,146,146,0.00,0,0.00,27.84,11.76,0.25,0.00,12.50,212,20,0,0
2087,ON,1,0,0.00,28.00,29.00,-3.12,146,146,0.00,0,0.00,27.84,11.76,0.25,0.00,12.50,212,20,0,0
2192,ON,1,0,0.00,28.00,29.00,-3.12,146,146,0.00,0,0.00,27.84,11.76,0.25,0.00,12.50,212,20,0,0
2297,ON,1,0,0.00,28.00,29.00,-3.12,146,146,0.00,0,0.00,27.84,11.76,0.25,0.00,12.50,212,20,0,0
2402,ON,1,0,0.00,28.00,29.00,-3.12,146,146,0.00,0,0.00,27.84,11.76,0.25,0.00,12.50,212,20,0,0
2507,ON,1,0,0.00,28.00,29.00,-3.12,146,146,0.00,0,0.00,27.84,11.76,0.25,0.00,12.50,212,20,0,0
2612,ON,1,0,0.00,28.00,29.00,-3.12,146,146,0.00,0,0.00,27.84,11.76,0.25,0.00,12.50,212,20,0,0
2720,ON,1,0,0.00,28.00,29.00,-3.12,146,146,0.00,0,0.00,27.84,11.76,0.25,0.00,12.50,212,20,0,0
2825,ON,1,0,0.00,28.00,29.00,-3.12,146,146,0.00,0,0.00,27.84,11.76,0.25,0.00,12.50,212,20,0,0
2930,ON,1,0,0.00,28.00,29.00,-3.12,146,146,0.00,0,0.00,27.84,11.76,0.25,0.00,12.50,212,20,0,0
3035,ON,1,0,0.00,28.00,29.00,-3.12,146,146,0.00,0,0.00,27.84,11.76,0.25,0.00,12.50,212,20,0,0
3140,ON,1,0,0.00,28.00,29.00,-3.12,146,146,0.00,0,0.00,27.84,11.76,0.25,0.00,12.50,212,20,0,0
3245,ON,1,0,0.00,28.00,29.00,-3.12,146,146,0.00,0,0.00,27.84,11.76,0.25,0.00,12.50,212,20,0,0
3353,ON,1,0,0.00,28.00,29.00,-3.12,146,146,0.00,0,0.00,27.84,11.76,0.25,0.00,12.50,212,20,0,0
3458,ON,1,0,0.00,28.00,29.00,-3.12,146,146,0.00,0,0.00,27.84,11.76,0.25,0.00,1.88,83,20,0,0
3563,ON,1,0,0.00,28.00,29.00,-3.12,146,146,0.00,0,0.00,27.84,11.76,0.25,0.00,0.00,0,20,0,0
3668,ON,1,0,0.00,28.00,29.00,-3.12,146,146,0.00,0,0.00,27.84,11.76,0.25,0.00,0.00,0,20,0,0
3773,ON,1,0,0.00,28.00,29.00,-3.12,146,146,0.00,0,0.00,27.84,11.76,0.25,0.00,0.00,0,20,0,0
3878,ON,1,0,0.00,28.00,29.00,-3.12,146,146,0.00,0,0.00,27.84,11.76,0.25,0.00,0.00,0,20,0,0
3986,ON,1,0,0.00,28.00,29.00,-3.12,146,146,0.00,0,0.00,27.84,11.76,0.25,0.00,0.00,0,20,0,0
4091,ON,1,0,0.00,28.00,29.00,-3.12,146,146,0.00,0,0.00,27.84,11.76,0.25,0.00,0.00,0,20,0,0
4196,ON,1,0,0.00,28.00,29.00,-3.12,146,146,0.00,0,0.00,27.84,11.76,0.25,0.00,0.00,0,20,0,0
4301,ON,1,0,0.00,28.00,29.00,-3.12,146,146,0.00,0,0.00,27.84,11.76,0.25,0.00,0.00,0,20,0,0
4406,ON,1,0,0.00,28.00,29.00,-3.12,146,146,0.00,0,0.00,27.84,11.76,0.25,0.00,0.00,0,20,0,0
4511,ON,1,0,0.00,28.00,29.00,-3.12,146,146,0.00,0,0.00,27.84,11.76,0.25,0.00,0.00,0,20,0,0
4619,ON,1,0,0.00,28.00,29.00,-3.12,146,146,0.00,0,0.00,27.84,11.76,0.25,0.00,0.00,0,20,0,0
4724,ON,1,0,0.00,28.00,29.00,-3.12,146,146,0.00,0,0.00,27.84,11.76,0.25,0.00,0.00,0,20,0,0
4829,ON,1,0,0.00,28.00,29.00,-3.12,146,146,0.00,0,0.00,27.84,11.76,0.25,0.00,0.00,0,20,0,0
4939,ON,1,0,0.00,28.00,29.00,-3.12,146,146,0.00,0,0.00,27.84,11.76,0.25,0.00,0.00,0,20,0,0
5044,ON,1,0,0.00,28.00,29.00,-3.12,146,146,0.00,0,0.00,27.84,11.76,0.25,0.00,0.00,0,20,0,0
5149,ON,1,0,0.00,28.00,29.00,-3.12,146,146,0.00,0,0.00,27.84,11.76,0.25,0.00,0.00,0,20,0,0
5257,ON,1,0,0.00,28.00,29.00,-3.12,146,146,0.00,0,0.00,27.84,11.76,0.25,0.00,0.00,0,20,0,0
5362,ON,1,0,0.00,28.00,29.00,-3.12,146,146,0.00,0,0.00,27.84,11.76,0.25,0.00,0.00,0,20,0,0
5467,ON,1,0,0.00,28.00,29.00,-3.12,146,146,0.00,0,0.00,27.84,11.76,0.25,0.00,0.00,0,20,0,0
5572,ON,1,0,0.00,28.00,28.00,-3.12,146,146,0.00,0,0.00,27.84,11.76,0.25,0.00,0.00,0,20,0,0
5677,ON,1,0,0.00,28.00,29.00,-3.12,146,146,0.00,0,0.00,27.84,11.76,0.25,0.00,0.00,0,20,0,0
5782,ON,1,0,0.00,28.00,29.00,-3.12,146,146,0.00,0,0.00,27.84,11.76,0.25,0.00,0.00,0,20,0,0
5890,ON,1,0,0.00,28.00,29.00,-3.12,146,146,0.00,0,0.00,27.84,11.76,0.25,0.00,0.00,0,20,0,0
5995,ON,1,0,0.00,28.00,29.00,-3.12,146,146,0.00,0,0.00,27.84,11.76,0.25,0.00,0.00,0,20,0,0
6100,ON,1,0,0.00,28.00,29.00,-3.12,146,146,0.00,0,0.00,27.84,11.76,0.25,0.00,0.00,0,20,0,0
6205,ON,1,0,0.00,28.00,29.00,-3.12,146,146,0.00,0,0.00,27.84,11.76,0.25,0.00,0.00,0,20,0,0
6310,ON,1,0,0.00,28.00,29.00,-3.12,146,146,0.00,0,0.00,27.84,11.76,0.25,0.00,0.00,0,20,0,0
6415,ON,1,0,0.00,28.00,29.00,-3.12,146,146,0.00,0,0.00,27.84,11.76,0.25,0.00,0.00,0,20,0,0
6523,ON,1,0,0.00,28.00,29.00,-3.12,146,146,0.00,0,0.00,27.84,11.76,0.25,0.00,0.00,0,20,0,0
6628,ON,1,0,0.00,28.00,29.00,-3.12,146,146,0.00,0,0.00,27.84,11.76,0.25,0.00,0.00,0,20,0,0
6733,ON,1,0,0.00,28.00,29.00,-3.12,146,146,0.00,0,0.00,27.84,11.76,0.25,0.00,0.00,0,20,0,0
6838,ON,1,0,0.00,28.00,29.00,-3.12,146,146,0.00,0,0.00,27.84,11.76,0.25,0.00,0.00,0,20,0,0
6943,ON,1,0,0.00,28.00,29.00,-3.12,146,146,0.00,0,0.00,27.84,11.76,0.25,0.00,0.00,0,20,0,0
7048,ON,1,0,0.00,28.00,29.00,-3.12,146,146,0.00,0,0.00,27.84,11.76,0.25,0.00,0.00,0,20,0,0
7156,ON,1,0,0.00,28.00,29.00,-3.12,146,146,0.00,0,0.00,27.84,11.76,0.25,0.00,0.00,0,20,0,0
7261,ON,1,0,0.00,28.00,29.00,-3.12,146,146,0.00,0,0.00,27.84,11.76,0.25,0.00,0.00,0,20,0,0
7366,ON,1,0,0.00,28.00,29.00,-3.12,146,146,0.00,0,0.00,27.84,11.76,0.25,0.00,0.00,0,20,0,0
7471,ON,1,0,0.00,28.00,29.00,-3.12,146,146,0.00,0,0.00,27.84,11.76,0.25,0.00,0.00,0,20,0,0
7576,ON,1,0,0.00,28.00,29.00,-3.12,146,146,0.00,0,0.00,27.84,11.76,0.25,0.00,0.00,0,20,0,0
7681,ON,1,0,0.00,28.00,29.00,-3.12,146,146,0.00,0,0.00,27.84,11.76,0.25,0.00,0.00,0,20,0,0
7789,ON,1,0,0.00,28.00,29.00,-3.12,146,146,0.00,0,0.00,27.84,11.76,0.25,0.00,0.00,0,20,0,0
7894,ON,1,0,0.00,28.00,29.00,-3.12,146,146,0.00,0,0.00,27.84,11.76,0.25,0.00,0.00,0,20,0,0
7999,ON,1,0,0.00,28.00,29.00,-3.12,146,146,0.00,0,0.00,27.84,11.76,0.25,0.00,0.00,0,20,0,0
8104,ON,1,0,0.00,28.00,29.00,-3.12,146,146,0.00,0,0.00,27.84,11.76,0.25,0.00,0.00,0,20,0,0
8209,ON,1,0,0.00,28.00,29.00,-3.12,146,146,0.00,0,0.00,27.84,11.76,0.25,0.00,0.00,0,20,0,0
8314,ON,1,0,0.00,28.00,29.00,-3.12,146,146,0.00,0,0.00,27.84,11.76,0.25,0.00,0.00,0,20,0,0
8422,ON,1,0,0.00,28.00,29.00,-3.12,146,146,0.00,0,0.00,27.84,11.76,0.25,0.00,0.00,0,20,0,0
8527,ON,1,0,0.00,28.00,29.00,-3.12,146,146,0.00,0,0.00,27.84,11.76,0.25,0.00,0.00,0,20,0,0
8632,ON,1,0,0.00,28.00,29.00,-3.12,146,146,0.00,0,0.00,27.84,11.76,0.25,0.00,0.00,0,20,0,0
8737,ON,1,0,0.00,28.00,29.00,-3.12,146,146,0.00,0,0.00,27.84,11.76,0.25,0.00,0.00,0,20,0,0
8842,ON,1,0,0.00,28.00,29.00,-3.12,146,146,0.00,0,0.00,27.84,11.76,0.25,0.00,0.00,0,20,0,0
8947,ON,1,0,0.00,28.00,29.00,-3.12,146,146,0.00,0,0.00,27.84,11.76,0.25,0.00,0.00,0,20,0,0
9055,ON,1,0,0.00,28.00,29.00,-3.12,146,146,0.00,0,0.00,27.84,11.76,0.25,0.00,0.00,0,20,0,0
9160,ON,1,0,0.00,28.00,29.00,-3.12,146,146,0.00,0,0.00,27.84,11.76,0.25,0.00,0.00,0,20,0,0
9265,ON,1,0,0.00,28.00,29.00,-3.12,146,146,0.00,0,0.00,27.84,11.76,0.25,0.00,0.00,0,20,0,0
9370,ON,1,0,0.00,28.00,29.00,-3.12,146,146,0.00,0,0.00,27.84,11.76,0.25,0.00,0.00,0,20,0,0
9475,ON,1,0,0.00,28.00,29.00,-3.12,146,146,0.00,0,0.00,27.84,11.76,0.25,0.00,0.00,0,20,0,0
9580,ON,1,0,0.00,28.00,29.00,-3.12,146,146,0.00,0,0.00,27.84,11.76,0.25,0.00,0.00,0,20,0,0
9688,ON,1,0,0.00,28.00,29.00,-3.12,146,146,0.00,0,0.00,27.84,11.76,0.25,0.00,0.00,0,20,0,0
9793,ON,1,0,0.00,28.00,29.00,-3.12,146,146,0.00,0,0.00,27.84,11.76,0.25,0.00,0.00,0,20,0,0
9898,ON,1,0,0.00,28.00,29.00,-3.12,146,146,0.00,0,0.00,27.84,11.76,0.25,0.00,0.00,0,20,0,0
10003,ON,1,0,0.00,28.00,29.00,-3.12,146,146,0.00,0,0.00,27.84,11.76,0.25,0.00,0.00,0,20,0,0
10108,ON,1,0,0.00,28.00,29.00,-3.12,146,146,0.00,0,0.00,27.84,11.76,0.25,0.00,0.00,0,20,0,0
10213,ON,1,0,0.00,28.00,29.00,-3.12,146,146,0.00,0,0.00,27.84,11.76,0.25,0.00,0.00,0,20,0,0
10321,ON,1,0,0.00,28.00,29.00,-3.12,146,146,0.00,0,0.00,27.84,11.76,0.25,0.00,0.00,0,20,0,0
10426,ON,1,0,0.00,28.00,29.00,-3.12,146,146,0.00,0,0.00,27.84,11.76,0.25,0.00,0.00,0,20,0,0
10530,ON,1,0,0.00,28.00,29.00,-3.12,146,146,0.00,0,0.00,27.84,11.76,0.25,0.00,0.00,0,20,0,0
10635,ON,1,0,0.00,28.00,29.00,-3.12,146,146,0.00,0,0.00,27.84,11.76,0.25,0.00,0.00,0,20,0,0
10740,ON,1,0,0.00,28.00,29.00,-3.12,146,146,0.00,0,0.00,27.84,11.76,0.25,0.00,0.00,0,20,0,0
10845,ON,1,0,0.00,28.00,29.00,-3.12,146,146,0.00,0,0.00,27.84,11.76,0.25,0.00,0.00,0,20,0,0
10953,ON,1,0,0.00,28.00,29.00,-3.12,146,146,0.00,0,0.00,27.84,11.76,0.25,0.00,0.00,0,20,0,0
11058,ON,1,0,0.00,28.00,29.00,-3.12,146,146,0.00,0,0.00,27.84,11.76,0.25,0.00,0.00,0,20,0,0
11163,ON,1,0,0.00,28.00,29.00,-3.12,146,146,0.00,0,0.00,27.84,11.76,0.25,0.00,0.00,0,20,0,0
11268,ON,1,0,0.00,28.00,29.00,-3.12,146,146,0.00,0,0.00,27.84,11.76,0.25,0.00,0.00,0,20,0,0
11373,ON,1,0,0.00,28.00,29.00,-3.12,146,146,0.00,0,0.00,27.84,11.76,0.25,0.00,0.00,0,20,0,0
11478,ON,1,0,0.00,28.00,29.00,-3.12,146,146,0.00,0,0.00,27.84,11.76,0.25,0.00,0.00,0,20,0,0
11586,ON,1,0,0.00,28.00,29.00,-3.12,146,146,0.00,0,0.00,27.84,11.76,0.25,0.00,0.00,0,20,0,0
11691,ON,1,0,0.00,28.00,29.00,-3.12,146,146,0.00,0,0.00,27.84,11.76,0.25,0.00,0.00,0,20,0,0
11796,ON,1,0,0.00,28.00,29.00,-3.12,146,146,0.00,0,0.00,27.84,11.76,0.25,0.00,0.00,0,20,0,0
11901,ON,1,0,0.00,28.00,29.00,-3.12,146,146,0.00,0,0.00,27.84,11.76,0.25,0.00,0.00,0,20,0,0
12006,ON,1,0,0.00,28.00,29.00,-3.12,146,146,0.00,0,0.00,27.84,11.76,0.25,0.00,0.00,0,20,0,0
12111,ON,1,0,0.00,28.00,29.00,-3.12,146,146,0.00,0,0.00,27.84,11.76,0.25,0.00,0.00,0,20,0,0
12219,ON,1,0,0.00,28.00,29.00,-3.12,146,146,0.00,0,0.00,27.84,11.76,0.25,0.00,0.00,0,20,0,0
12324,ON,1,0,0.00,28.00,29.00,-3.12,146,146,0.00,0,0.00,27.84,11.76,0.25,0.00,0.00,0,20,0,0
12429,ON,1,0,0.00,28.00,29.00,-3.12,146,146,0.00,0,0.00,27.84,11.76,0.25,0.00,0.00,0,20,0,0
12534,ON,1,0,0.00,28.00,29.00,-3.12,146,146,0.00,0,0.00,27.84,11.76,0.25,0.00,0.00,0,20,0,0
12639,ON,1,0,0.00,28.00,29.00,-3.12,146,146,0.00,0,0.00,27.84,11.76,0.25,0.00,0.00,0,20,0,0
12744,ON,1,0,0.00,28.00,29.00,-3.12,146,146,0.00,0,0.00,27.84,11.76,0.25,0.00,0.00,0,20,0,0
12852,ON,1,0,0.00,28.00,29.00,-3.12,146,146,0.00,0,0.00,27.84,11.76,0.25,0.00,0.00,0,20,0,0
12957,ON,1,0,0.00,28.00,29.00,-3.12,146,146,0.00,0,0.00,27.84,11.76,0.25,0.00,0.00,0,20,0,0
13062,ON,1,0,0.00,28.00,29.00,-3.12,146,146,0.00,0,0.00,27.84,11.76,0.25,0.00,0.00,0,20,0,0
13167,ON,1,0,0.00,28.00,29.00,-3.12,146,146,0.00,0,0.00,27.84,11.76,0.25,0.00,0.00,0,20,0,0
13272,ON,1,0,0.00,28.00,29.00,-3.12,146,146,0.00,0,0.00,27.84,11.76,0.25,0.00,0.00,0,20,0,0
13377,ON,1,0,0.00,28.00,29.00,-3.12,146,146,0.00,0,0.00,27.84,11.76,0.25,0.00,0.00,0,20,0,0
13485,ON,1,0,0.00,28.00,29.00,-3.12,146,146,0.00,0,0.00,27.84,11.76,0.25,0.00,0.00,0,20,0,0
13590,ON,1,0,0.00,28.00,29.00,-3.12,146,146,0.00,0,0.00,27.84,11.76,0.25,0.00,0.00,0,20,0,0
13695,ON,1,0,0.00,28.00,29.00,-3.12,146,146,0.00,0,0.00,27.84,11.76,0.25,0.00,0.00,0,20,0,0
13800,ON,1,0,0.00,28.00,29.00,-3.12,146,146,0.00,0,0.00,27.84,11.76,0.25,0.00,0.00,0,20,0,0
13905,ON,1,0,0.00,28.00,29.00,-3.12,146,146,0.00,0,0.00,27.84,11.76,0.25,0.00,0.00,0,20,0,0
14010,ON,1,0,0.00,28.00,29.00,-3.12,146,146,0.00,0,0.00,27.84,11.76,0.25,0.00,0.00,0,20,0,0
14118,ON,1,0,0.00,28.00,29.00,-3.12,146,146,0.00,0,0.00,27.84,11.76,0.25,0.00,0.00,0,20,0,0
14223,ON,1,0,0.00,28.00,29.00,-3.12,146,146,0.00,0,0.00,27.84,11.76,0.25,0.00,0.00,0,20,0,0
14328,ON,1,0,0.00,28.00,29.00,-3.12,146,146,0.00,0,0.00,27.84,11.76,0.25,0.00,0.00,0,20,0,0
14433,ON,1,0,0.00,28.00,29.00,-3.12,146,146,0.00,0,0.00,27.84,11.76,0.25,0.00,0.00,0,20,0,0
14538,ON,1,0,0.00,28.00,29.00,-3.12,146,146,0.00,0,0.00,27.84,11.76,0.25,0.00,0.00,0,20,0,0
14643,ON,1,0,0.00,28.00,29.00,-3.12,146,146,0.00,0,0.00,27.84,11.76,0.25,0.00,0.00,0,20,0,0
14751,ON,1,0,0.00,28.00,29.00,-3.12,146,146,0.00,0,0.00,27.84,11.76,0.25,0.00,0.00,0,20,0,0
14856,ON,1,0,0.00,28.00,29.00,-3.12,146,146,0.00,0,0.00,27.84,11.76,0.25,0.00,0.00,0,20,0,0
14961,ON,1,0,0.00,28.00,29.00,-3.12,146,146,0.00,0,0.00,27.84,11.76,0.25,0.00,0.00,0,20,0,0
15066,ON,1,0,0.00,28.00,29.00,-3.12,146,146,0.00,0,0.00,27.84,11.76,0.25,0.00,0.00,0,20,0,0
15171,ON,1,0,0.00,28.00,29.00,-3.12,146,146,0.00,0,0.00,27.84,11.76,0.25,0.00,0.00,0,20,0,0
15276,ON,1,0,0.00,28.00,29.00,-3.12,146,146,0.00,0,0.00,27.84,11.76,0.25,0.00,0.00,0,20,0,0
15384,ON,1,0,0.00,28.00,29.00,-3.12,146,146,0.00,0,0.00,27.84,11.76,0.25,0.00,0.00,0,20,0,0
15489,ON,1,0,0.00,28.00,29.00,-3.12,146,146,0.00,0,0.00,27.84,11.76,0.25,0.00,0.00,0,20,0,0
15594,ON,1,0,0.00,28.00,29.00,-3.12,146,146,0.00,0,0.00,27.84,11.76,0.25,0.00,0.00,0,20,0,0
15699,ON,1,0,0.00,28.00,29.00,-3.12,146,146,0.00,0,0.00,27.84,11.76,0.25,0.00,0.00,0,20,0,0
15804,ON,1,0,0.00,28.00,29.00,-3.12,146,146,0.00,0,0.00,27.84,11.76,0.25,0.00,0.00,0,20,0,0
15909,ON,1,0,0.00,28.00,29.00,-3.12,146,146,0.00,0,0.00,27.84,11.76,0.25,0.00,0.00,0,20,0,0
16017,ON,1,0,0.00,28.00,29.00,-3.12,146,146,0.00,0,0.00,27.84,11.76,0.25,0.00,0.00,0,20,0,0
16122,ON,1,0,0.00,28.00,29.00,-3.12,146,146,0.00,0,0.00,27.84,11.76,0.25,0.00,0.00,0,20,0,0
16227,ON,1,0,0.00,28.00,29.00,-3.12,146,146,0.00,0,0.00,27.84,11.76,0.25,0.00,0.00,0,20,0,0
16332,ON,1,0,0.00,28.00,29.00,-3.12,146,146,0.00,0,0.00,27.84,11.76,0.25,0.00,0.00,0,20,0,0
16437,ON,1,0,0.00,28.00,29.00,-3.12,146,146,0.00,0,0.00,27.84,11.76,0.25,0.00,0.00,0,20,0,0
16542,ON,1,0,0.00,28.00,29.00,-3.12,146,146,0.00,0,0.00,27.84,11.76,0.25,0.00,12.03,255,20,0,0
16650,ON,1,0,0.00,28.00,29.00,-3.12,146,146,0.00,0,0.00,27.84,11.76,0.25,0.00,12.42,133,20,0,0
16755,ON,1,0,0.00,28.00,29.00,-3.12,146,146,0.00,0,0.00,27.84,11.76,0.25,0.00,12.42,133,20,0,0
16860,ON,1,0,0.00,28.00,29.00,-3.12,146,146,0.00,0,0.00,27.84,11.76,0.25,0.00,12.42,133,20,0,0
16965,ON,1,0,0.00,28.00,29.00,-3.12,146,146,0.00,0,0.00,27.84,11.76,0.25,0.00,12.42,133,20,0,0
17070,ON,1,0,0.00,28.00,29.00,-3.12,146,146,0.00,0,0.00,27.84,11.76,0.25,0.00,12.42,133,20,0,0
17175,ON,1,0,0.00,28.00,29.00,-3.12,146,146,0.00,0,0.00,27.84,11.76,0.25,0.00,12.42,133,20,0,0
17283,ON,1,0,0.00,28.00,29.00,-3.12,146,146,0.00,0,0.00,27.84,11.76,0.25,0.00,12.42,133,20,0,0
17388,ON,1,0,0.00,28.00,29.00,-3.12,146,146,0.00,0,0.00,27.84,11.76,0.25,0.00,12.42,133,20,0,0
17493,ON,1,0,0.00,28.00,29.00,-3.12,146,146,0.00,0,0.00,27.84,11.76,0.25,0.00,12.42,133,20,0,0
17598,ON,1,0,0.00,28.00,29.00,-3.12,146,146,0.00,0,0.00,27.84,11.76,0.25,0.00,12.42,133,20,0,0
17703,ON,1,0,0.00,28.00,29.00,-3.12,146,146,0.00,0,0.00,27.84,11.76,0.25,0.00,12.42,133,20,0,0
17808,ON,1,0,0.00,28.00,29.00,-3.12,146,146,0.00,0,0.00,27.84,11.76,0.25,0.00,12.42,133,20,0,0
17916,ON,1,0,0.00,28.00,29.00,-3.12,146,146,0.00,0,0.00,27.84,11.76,0.25,0.00,12.42,133,20,0,0
18021,ON,1,0,0.00,28.00,29.00,-3.12,146,146,0.00,0,0.00,27.84,11.76,0.25,0.00,12.42,133,20,0,0
18126,ON,1,0,0.00,28.00,29.00,-3.12,146,146,0.00,0,0.00,27.84,11.76,0.25,0.00,12.42,133,20,0,0
18231,ON,1,0,0.00,28.00,29.00,-3.12,146,146,0.00,0,0.00,27.84,11.76,0.25,0.00,12.42,133,20,0,0
18336,ON,1,0,0.00,28.00,29.00,-3.12,146,146,0.00,0,0.00,27.84,11.76,0.25,0.00,12.42,133,20,0,0
18441,ON,1,0,0.00,28.00,29.00,-3.12,146,146,0.00,0,0.00,27.84,11.76,0.25,0.00,12.42,133,20,0,0
18549,ON,1,0,0.00,28.00,29.00,-3.12,146,146,0.00,0,0.00,27.84,11.76,0.25,0.00,12.42,133,20,0,0
18654,ON,1,0,0.00,28.00,29.00,-3.12,146,146,0.00,0,0.00,27.84,11.76,0.25,0.00,12.42,133,20,0,0
18759,ON,1,0,0.00,28.00,29.00,-3.12,146,146,0.00,0,0.00,27.84,11.76,0.25,0.00,12.42,133,20,0,0
18864,ON,1,0,0.00,28.00,29.00,-3.12,146,146,0.00,0,0.00,27.84,11.76,0.25,0.00,12.42,133,20,0,0
18969,ON,1,0,0.00,28.00,29.00,-3.12,146,146,0.00,0,0.00,27.84,11.76,0.25,0.00,12.42,133,20,0,0
19074,ON,1,0,0.00,28.00,29.00,-3.12,146,146,0.00,0,0.00,27.84,11.76,0.25,0.00,12.42,133,20,0,0
19182,ON,1,0,0.00,28.00,29.00,-3.12,146,146,0.00,0,0.00,27.84,11.76,0.25,0.00,12.42,133,20,0,0
19287,ON,1,0,0.00,28.00,29.00,-3.12,146,146,0.00,0,0.00,27.84,11.76,0.25,0.00,12.42,133,20,0,0
19392,ON,1,0,0.00,28.00,29.00,-3.12,146,146,0.00,0,0.00,27.84,11.76,0.25,0.00,12.42,133,20,0,0
19497,ON,1,0,0.00,28.00,29.00,-3.12,146,146,0.00,0,0.00,27.84,11.76,0.25,0.00,3.91,66,20,0,0
19602,ON,1,0,0.00,28.00,29.00,-3.12,146,146,0.00,0,0.00,27.84,11.76,0.25,0.00,0.00,0,20,0,0
19706,ON,1,0,0.00,28.00,29.00,-3.12,146,146,0.00,0,0.00,27.84,11.76,0.25,0.00,0.00,0,20,0,0
19814,ON,1,0,0.00,28.00,29.00,-3.12,146,146,0.00,0,0.00,27.84,11.76,0.25,0.00,0.00,0,20,0,0
19919,ON,1,0,0.00,28.00,29.00,-3.12,146,146,0.00,0,0.00,27.84,11.76,0.25,0.00,0.00,0,20,0,0
20024,ON,1,0,0.00,28.00,29.00,-3.12,146,146,0.00,0,0.00,27.84,11.76,0.25,0.00,0.00,0,20,0,0
20129,ON,1,0,0.00,28.00,29.00,-3.12,146,146,0.00,0,0.00,27.84,11.76,0.25,0.00,0.00,0,20,0,0
20234,ON,1,0,0.00,28.00,29.00,-3.12,146,146,0.00,0,0.00,27.84,11.76,0.25,0.00,0.00,0,20,0,0
20339,ON,1,0,0.00,28.00,29.00,-3.12,146,146,0.00,0,0.00,27.84,11.76,0.25,0.00,0.00,0,20,0,0
20447,ON,1,0,0.00,28.00,29.00,-3.12,146,146,0.00,0,0.00,27.84,11.76,0.25,0.00,0.00,0,20,0,0
20552,ON,1,0,0.00,28.00,29.00,-3.12,146,146,0.00,0,0.00,27.84,11.76,0.25,0.00,0.00,0,20,0,0
20657,ON,1,0,0.00,28.00,29.00,-3.12,146,146,0.00,0,0.00,27.84,11.76,0.25,0.00,0.00,0,20,0,0
20762,ON,1,0,0.00,28.00,29.00,-3.12,146,146,0.00,0,0.00,27.84,11.76,0.25,0.00,0.00,0,20,0,0
20867,ON,1,0,0.00,28.00,29.00,-3.12,146,146,0.00,0,0.00,27.84,11.76,0.25,0.00,0.00,0,20,0,0
20972,ON,1,0,0.00,28.00,29.00,-3.12,146,146,0.00,0,0.00,27.84,11.76,0.25,0.00,0.00,0,20,0,0
21080,ON,1,0,0.00,28.00,29.00,-3.12,146,146,0.00,0,0.00,27.84,11.76,0.25,0.00,0.00,0,20,0,0
21185,ON,1,0,0.00,28.00,29.00,-3.12,146,146,0.00,0,0.00,27.84,11.76,0.25,0.00,0.00,0,20,0,0
21290,ON,1,0,0.00,28.00,29.00,-3.12,146,146,0.00,0,0.00,27.84,11.76,0.25,0.00,0.00,0,20,0,0
21395,ON,1,0,0.00,28.00,29.00,-3.12,146,146,0.00,0,0.00,27.84,11.76,0.25,0.00,0.00,0,20,0,0
21500,ON,1,0,0.00,28.00,29.00,-3.12,146,146,0.00,0,0.00,27.84,11.76,0.25,0.00,0.00,0,20,0,0
21605,ON,1,0,0.00,28.00,29.00,-3.12,146,146,0.00,0,0.00,27.84,11.76,0.25,0.00,0.00,0,20,0,0
21713,ON,1,0,0.00,28.00,29.00,-3.12,146,146,0.00,0,0.00,27.84,11.76,0.25,0.00,0.00,0,20,0,0
21818,ON,1,0,0.00,28.00,29.00,-3.12,146,146,0.00,0,0.00,27.84,11.76,0.25,0.00,0.00,0,20,0,0
21923,ON,1,0,0.00,28.00,29.00,-3.12,146,146,0.00,0,0.00,27.84,11.76,0.25,0.00,0.00,0,20,0,0
22028,ON,1,0,0.00,28.00,29.00,-3.12,146,146,0.00,0,0.00,27.84,11.76,0.25,0.00,0.00,0,20,0,0
22133,ON,1,0,0.00,28.00,29.00,-3.12,146,146,0.00,0,0.00,27.84,11.76,0.25,0.00,0.00,0,20,0,0
22238,ON,1,0,0.00,28.00,29.00,-3.12,146,146,0.00,0,0.00,27.84,11.76,0.25,0.00,0.00,0,20,0,0
22346,ON,1,0,0.00,28.00,29.00,-3.12,146,146,0.00,0,0.00,27.84,11.76,0.25,0.00,0.00,0,20,0,0
22451,ON,1,0,0.00,28.00,29.00,-3.12,146,146,0.00,0,0.00,27.84,11.76,0.25,0.00,0.00,0,20,0,0
22556,ON,1,0,0.00,28.00,29.00,-3.12,146,146,0.00,0,0.00,27.84,11.76,0.25,0.00,0.00,0,20,0,0
22661,ON,1,0,0.00,28.00,29.00,-3.12,146,146,0.00,0,0.00,27.84,11.76,0.25,0.00,0.00,0,20,0,0
22766,ON,1,0,0.00,28.00,29.00,-3.12,146,146,0.00,0,0.00,27.84,11.76,0.25,0.00,0.00,0,20,0,0
22871,ON,1,0,0.00,28.00,29.00,-3.12,146,146,0.00,0,0.00,27.84,11.76,0.25,0.00,0.00,0,20,0,0
22979,ON,1,0,0.00,28.00,29.00,-3.12,146,146,0.00,0,0.00,27.84,11.76,0.25,0.00,0.00,0,20,0,0
23084,ON,1,0,0.00,28.00,29.00,-3.12,146,146,0.00,0,0.00,27.84,11.76,0.25,0.00,0.00,0,20,0,0
23189,ON,1,0,0.00,28.00,29.00,-3.12,146,146,0.00,0,0.00,27.84,11.76,0.25,0.00,0.00,0,20,0,0
23294,ON,1,0,0.00,28.00,29.00,-3.12,146,146,0.00,0,0.00,27.84,11.76,0.25,0.00,0.00,0,20,0,0
23399,ON,1,0,0.00,28.00,29.00,-3.12,146,146,0.00,0,0.00,27.84,11.76,0.25,0.00,0.00,0,20,0,0
23504,ON,1,0,0.00,28.00,29.00,-3.12,146,146,0.00,0,0.00,27.84,11.76,0.25,0.00,0.00,0,20,0,0
23612,ON,1,0,0.00,28.00,29.00,-3.12,146,146,0.00,0,0.00,27.84,11.76,0.25,0.00,0.00,0,20,0,0
23717,ON,1,0,0.00,28.00,29.00,-3.12,146,146,0.00,0,0.00,27.84,11.76,0.25,0.00,0.00,0,20,0,0
23822,ON,1,0,0.00,28.00,29.00,-3.12,146,146,0.00,0,0.00,27.84,11.76,0.25,0.00,0.00,0,20,0,0
23927,ON,1,0,0.00,28.00,29.00,-3.12,146,146,0.00,0,0.00,27.84,11.76,0.25,0.00,0.00,0,20,0,0
24032,ON,1,0,0.00,28.00,29.00,-3.12,146,146,0.00,0,0.00,27.84,11.76,0.25,0.00,0.00,0,20,0,0
24137,ON,1,0,0.00,28.00,29.00,-3.12,146,146,0.00,0,0.00,27.84,11.76,0.25,0.00,0.00,0,20,0,0
24245,ON,1,0,0.00,28.00,29.00,-3.12,146,146,0.00,0,0.00,27.84,11.76,0.25,0.00,0.00,0,20,0,0
24350,ON,1,0,0.00,28.00,29.00,-3.12,146,146,0.00,0,0.00,27.84,11.76,0.25,0.00,0.00,0,20,0,0
24455,ON,1,0,0.00,28.00,29.00,-3.12,146,146,0.00,0,0.00,27.84,11.76,0.25,0.00,0.00,0,20,0,0
24560,ON,1,0,0.00,28.00,29.00,-3.12,146,146,0.00,0,0.00,27.84,11.76,0.25,0.00,0.00,0,20,0,0
24665,ON,1,0,0.00,28.00,29.00,-3.12,146,146,0.00,0,0.00,27.84,11.76,0.25,0.00,0.00,0,20,0,0
24770,ON,1,0,0.00,28.00,29.00,-3.12,146,146,0.00,0,0.00,27.84,11.76,0.25,0.00,0.00,0,20,0,0
24878,ON,1,0,0.00,28.00,29.00,-3.12,146,146,0.00,0,0.00,27.84,11.76,0.25,0.00,0.00,0,20,0,0
24983,ON,1,0,0.00,28.00,29.00,-3.12,146,146,0.00,0,0.00,27.84,11.76,0.25,0.00,0.00,0,20,0,0
25088,ON,1,0,0.00,28.00,29.00,-3.12,146,146,0.00,0,0.00,27.84,11.76,0.25,0.00,0.00,0,20,0,0
25193,ON,1,0,0.00,28.00,29.00,-3.12,146,146,0.00,0,0.00,27.84,11.76,0.25,0.00,0.00,0,20,0,0
25298,ON,1,0,0.00,28.00,29.00,-3.12,146,146,0.00,0,0.00,27.84,11.76,0.25,0.00,0.00,0,20,0,0
25403,ON,1,0,0.00,28.00,29.00,-3.12,146,146,0.00,0,0.00,27.84,11.76,0.25,0.00,0.00,0,20,0,0
25511,ON,1,0,0.00,28.00,29.00,-3.12,146,146,0.00,0,0.00,27.84,11.76,0.25,0.00,0.00,0,20,0,0
25616,ON,1,0,0.00,28.00,29.00,-3.12,146,146,0.00,0,0.00,27.84,11.76,0.25,0.00,0.00,0,20,0,0
25721,ON,1,0,0.00,28.00,29.00,-3.12,146,146,0.00,0,0.00,27.84,11.76,0.25,0.00,0.00,0,20,0,0
25826,ON,1,0,0.00,28.00,29.00,-3.12,146,146,0.00,0,0.00,27.84,11.76,0.25,0.00,0.00,0,20,0,0
25931,ON,1,0,0.00,28.00,29.00,-3.12,146,146,0.00,0,0.00,27.84,11.76,0.25,0.00,0.00,0,20,0,0
26036,ON,1,0,0.00,28.00,29.00,-3.12,146,146,0.00,0,0.00,27.84,11.76,0.25,0.00,0.00,0,20,0,0
26144,ON,1,0,0.00,28.00,29.00,-3.12,146,146,0.00,0,0.00,27.84,11.76,0.25,0.00,0.00,0,20,0,0
26249,ON,1,0,0.00,28.00,29.00,-3.12,146,146,0.00,0,0.00,27.84,11.76,0.25,0.00,0.00,0,20,0,0
26354,ON,1,0,0.00,28.00,29.00,-3.12,146,146,0.00,0,0.00,27.84,11.76,0.25,0.00,0.00,0,20,0,0
26459,ON,1,0,0.00,28.00,29.00,-3.12,146,146,0.00,0,0.00,27.84,11.76,0.25,0.00,0.00,0,20,0,0
26564,ON,1,0,0.00,28.00,29.00,-3.12,146,146,0.00,0,0.00,27.84,11.76,0.25,0.00,0.00,0,20,0,0
26669,ON,1,0,0.00,28.00,28.00,-3.12,146,146,0.00,0,0.00,27.84,11.76,0.25,0.00,0.00,0,20,0,0
26777,ON,1,0,0.00,28.00,29.00,-3.12,146,146,0.00,0,0.00,27.84,11.76,0.25,0.00,0.00,0,20,0,0
26882,ON,1,0,0.00,28.00,29.00,-3.12,146,146,0.00,0,0.00,27.84,11.76,0.25,0.00,0.00,0,20,0,0
26987,ON,1,0,0.00,28.00,29.00,-3.12,146,146,0.00,0,0.00,27.84,11.76,0.25,0.00,0.00,0,20,0,0
27092,ON,1,0,0.00,28.00,29.00,-3.12,146,146,0.00,0,0.00,27.84,11.76,0.25,0.00,0.00,0,20,0,0
27197,ON,1,0,0.00,28.00,29.00,-3.12,146,146,0.00,0,0.00,27.84,11.76,0.25,0.00,0.00,0,20,0,0
27302,ON,1,0,0.00,28.00,29.00,-3.12,146,146,0.00,0,0.00,27.84,11.76,0.25,0.00,0.00,0,20,0,0
27410,ON,1,0,0.00,28.00,29.00,-3.12,146,146,0.00,0,0.00,27.84,11.76,0.25,0.00,0.00,0,20,0,0
27515,ON,1,0,0.00,28.00,29.00,-3.12,146,146,0.00,0,0.00,27.84,11.76,0.25,0.00,0.00,0,20,0,0
27620,ON,1,0,0.00,28.00,29.00,-3.12,146,146,0.00,0,0.00,27.84,11.76,0.25,0.00,0.00,0,20,0,0
27725,ON,1,0,0.00,28.00,29.00,-3.12,146,146,0.00,0,0.00,27.84,11.76,0.25,0.00,0.00,0,20,0,0
27830,ON,1,0,0.00,28.00,29.00,-3.12,146,146,0.00,0,0.00,27.84,11.76,0.25,0.00,0.00,0,20,0,0
27935,ON,1,0,0.00,28.00,29.00,-3.12,146,146,0.00,0,0.00,27.84,11.76,0.25,0.00,0.00,0,20,0,0
28043,ON,1,0,0.00,28.00,29.00,-3.12,146,146,0.00,0,0.00,27.84,11.76,0.25,0.00,0.00,0,20,0,0
28148,ON,1,0,0.00,28.00,29.00,-3.12,146,146,0.00,0,0.00,27.84,11.76,0.25,0.00,0.00,0,20,0,0
28253,ON,1,0,0.00,28.00,29.00,-3.12,146,146,0.00,0,0.00,27.84,11.76,0.25,0.00,0.00,0,20,0,0
28358,ON,1,0,0.00,28.00,29.00,-3.12,146,146,0.00,0,0.00,27.84,11.76,0.25,0.00,0.00,0,20,0,0
28463,ON,1,0,0.00,28.00,29.00,-3.12,146,146,0.00,0,0.00,27.84,11.76,0.25,0.00,0.00,0,20,0,0
28568,ON,1,0,0.00,28.00,29.00,-3.12,146,146,0.00,0,0.00,27.84,11.76,0.25,0.00,0.00,0,20,0,0
28676,ON,1,0,0.00,28.00,29.00,-3.12,146,146,0.00,0,0.00,27.84,11.76,0.25,0.00,0.00,0,20,0,0
28781,ON,1,0,0.00,28.00,29.00,-3.12,146,146,0.00,0,0.00,27.84,11.76,0.25,0.00,0.00,0,20,0,0
28886,ON,1,0,0.00,28.00,29.00,-3.12,146,146,0.00,0,0.00,27.84,11.76,0.25,0.00,0.00,0,20,0,0
28990,ON,1,0,0.00,28.00,29.00,-3.12,146,146,0.00,0,0.00,27.84,11.76,0.25,0.00,0.00,0,20,0,0
29095,ON,1,0,0.00,28.00,29.00,-3.12,146,146,0.00,0,0.00,27.84,11.76,0.25,0.00,0.00,0,20,0,0
29200,ON,1,0,0.00,28.00,29.00,-3.12,146,146,0.00,0,0.00,27.84,11.76,0.25,0.00,0.00,0,20,0,0
29308,ON,1,0,0.00,28.00,29.00,-3.12,146,146,0.00,0,0.00,27.84,11.76,0.25,0.00,0.00,0,20,0,0
29413,ON,1,0,0.00,28.00,29.00,-3.12,146,146,0.00,0,0.00,27.84,11.76,0.25,0.00,0.00,0,20,0,0
29518,ON,1,0,0.00,28.00,29.00,-3.12,146,146,0.00,0,0.00,27.84,11.76,0.25,0.00,0.00,0,20,0,0
29623,ON,1,0,0.00,28.00,29.00,-3.12,146,146,0.00,0,0.00,27.84,11.76,0.25,0.00,0.00,0,20,0,0
29728,ON,1,0,0.00,28.00,29.00,-3.12,146,146,0.00,0,0.00,27.84,11.76,0.25,0.00,0.00,0,20,0,0
29833,ON,1,0,0.00,28.00,29.00,-3.12,146,146,0.00,0,0.00,27.84,11.76,0.25,0.00,0.00,0,20,0,0
29941,ON,1,0,0.00,28.00,29.00,-3.12,146,146,0.00,0,0.00,27.84,11.76,0.25,0.00,0.00,0,20,0,0
30046,ON,1,0,0.00,28.00,29.00,-3.12,146,146,0.00,0,0.00,27.84,11.76,0.25,0.00,0.00,0,20,0,0
30151,ON,1,0,0.00,28.00,29.00,-3.12,146,146,0.00,0,0.00,27.84,11.76,0.25,0.00,0.00,0,20,0,0
30256,ON,1,0,0.00,28.00,29.00,-3.12,146,146,0.00,0,0.00,27.84,11.76,0.25,0.00,0.00,0,20,0,0
30361,ON,1,0,0.00,28.00,29.00,-3.12,146,146,0.00,0,0.00,27.84,11.76,0.25,0.00,0.00,0,20,0,0
30466,ON,1,0,0.00,28.00,29.00,-3.12,146,146,0.00,0,0.00,27.84,11.76,0.25,0.00,0.00,0,20,0,0
30574,ON,1,0,0.00,28.00,29.00,-3.12,146,146,0.00,0,0.00,27.84,11.76,0.25,0.00,0.00,0,20,0,0
30679,ON,1,0,0.00,28.00,29.00,-3.12,146,146,0.00,0,0.00,27.84,11.76,0.25,0.00,0.00,0,20,0,0
30784,ON,1,0,0.00,28.00,29.00,-3.12,146,146,0.00,0,0.00,27.84,11.76,0.25,0.00,0.00,0,20,0,0
30889,ON,1,0,0.00,28.00,29.00,-3.12,146,146,0.00,0,0.00,27.84,11.76,0.25,0.00,0.00,0,20,0,0
30994,ON,1,0,0.00,28.00,29.00,-3.12,146,146,0.00,0,0.00,27.84,11.76,0.25,0.00,0.00,0,20,0,0
31099,ON,1,0,0.00,28.00,29.00,-3.12,146,146,0.00,0,0.00,27.84,11.76,0.25,0.00,0.00,0,20,0,0
31207,ON,1,0,0.00,28.00,29.00,-3.12,146,146,0.00,0,0.00,27.84,11.76,0.25,0.00,0.00,0,20,0,0
31312,ON,1,0,0.00,28.00,29.00,-3.12,146,146,0.00,0,0.00,27.84,11.76,0.25,0.00,0.00,0,20,0,0
31417,ON,1,0,0.00,28.00,29.00,-3.12,146,146,0.00,0,0.00,27.84,11.76,0.25,0.00,0.00,0,20,0,0
31522,ON,1,0,0.00,28.00,29.00,-3.12,146,146,0.00,0,0.00,27.84,11.76,0.25,0.00,0.00,0,20,0,0
31627,ON,1,0,0.00,28.00,29.00,-3.12,146,146,0.00,0,0.00,27.84,11.76,0.25,0.00,0.00,0,20,0,0
31732,ON,1,0,0.00,28.00,29.00,-3.12,146,146,0.00,0,0.00,27.84,11.76,0.25,0.00,0.00,0,20,0,0
31840,ON,1,0,0.00,28.00,29.00,-3.12,146,146,0.00,0,0.00,27.84,11.76,0.25,0.00,0.00,0,20,0,0
31945,ON,1,0,0.00,28.00,29.00,-3.12,146,146,0.00,0,0.00,27.84,11.76,0.25,0.00,0.00,0,20,0,0
32050,ON,1,0,0.00,28.00,29.00,-3.12,146,146,0.00,0,0.00,27.84,11.76,0.25,0.00,0.00,0,20,0,0
32155,ON,1,0,0.00,28.00,29.00,-3.12,146,146,0.00,0,0.00,27.84,11.76,0.25,0.00,0.00,0,20,0,0
32260,ON,1,0,0.00,28.00,29.00,-3.12,146,146,0.00,0,0.00,27.84,11.76,0.25,0.00,0.00,0,20,0,0
32365,ON,1,0,0.00,28.00,29.00,-3.12,146,146,0.00,0,0.00,27.84,11.76,0.25,0.00,0.00,0,20,0,0
32473,ON,1,0,0.00,28.00,29.00,-3.12,146,146,0.00,0,0.00,27.84,11.76,0.25,0.00,0.00,0,20,0,0
32578,ON,1,0,0.00,28.00,29.00,-3.12,146,146,0.00,0,0.00,27.84,11.76,0.25,0.00,0.00,0,20,0,0
32683,ON,1,0,0.00,28.00,29.00,-3.12,146,146,0.00,0,0.00,27.84,11.76,0.25,0.00,0.00,0,20,0,0
32788,ON,1,0,0.00,28.00,29.00,-3.12,146,146,0.00,0,0.00,27.84,11.76,0.25,0.00,0.00,0,20,0,0
32893,ON,1,0,0.00,28.00,29.00,-3.12,146,146,0.00,0,0.00,27.84,11.76,0.25,0.00,0.00,0,20,0,0
32998,ON,1,0,0.00,28.00,29.00,-3.12,146,146,0.00,0,0.00,27.84,11.76,0.25,0.00,0.00,0,20,0,0
33106,ON,1,0,0.00,28.00,29.00,-3.12,146,146,0.00,0,0.00,27.84,11.76,0.25,0.00,0.00,0,20,0,0
33211,ON,1,0,0.00,28.00,29.00,-3.12,146,146,0.00,0,0.00,27.84,11.76,0.25,0.00,0.00,0,20,0,0
33316,ON,1,0,0.00,28.00,29.00,-3.12,146,146,0.00,0,0.00,27.84,11.76,0.25,0.00,0.00,0,20,0,0
33421,ON,1,0,0.00,28.00,29.00,-3.12,146,146,0.00,0,0.00,27.84,11.76,0.25,0.00,0.00,0,20,0,0
33526,ON,1,0,0.00,28.00,29.00,-3.12,146,146,0.00,0,0.00,27.84,11.76,0.25,0.00,0.00,0,20,0,0
33631,ON,1,0,0.00,28.00,29.00,-3.12,146,146,0.00,0,0.00,27.84,11.76,0.25,0.00,0.00,0,20,0,0
33746,ON,1,0,0.00,28.00,29.00,-3.12,146,146,0.00,0,0.00,27.84,11.76,0.25,0.00,0.00,0,20,0,0
33885,ON,1,0,0.00,28.00,29.00,-3.12,146,146,0.00,0,0.00,27.84,11.76,0.25,0.00,0.00,0,20,0,0
34041,ON,1,0,0.00,28.00,29.00,-3.12,146,146,0.00,0,0.00,27.84,11.76,0.25,0.00,0.00,0,20,0,0
34202,ON,1,0,0.00,28.00,29.00,-3.12,146,146,0.00,0,0.00,27.84,11.76,0.25,0.00,0.00,0,20,0,0
34363,ON,1,0,0.00,28.00,28.00,-3.12,146,146,0.00,0,0.00,27.84,11.76,0.25,0.00,0.00,0,20,0,0
34524,ON,1,0,0.00,28.00,29.00,-3.12,146,146,0.00,0,0.00,27.84,11.76,0.25,0.00,0.00,0,20,0,0
34679,ON,1,0,0.00,28.00,29.00,-3.12,146,146,0.00,0,0.00,27.84,11.76,0.25,0.00,0.00,0,20,0,0
34784,ON,1,0,0.00,28.00,29.00,-3.12,146,146,0.00,0,0.00,27.84,11.76,0.25,0.00,0.00,0,20,0,0
34889,ON,1,0,0.00,28.00,29.00,-3.12,146,146,0.00,0,0.00,27.84,11.76,0.25,0.00,0.00,0,20,0,0
34994,ON,1,0,0.00,28.00,29.00,-3.12,146,146,0.00,0,0.00,27.84,11.76,0.25,0.00,0.00,0,20,0,0
35099,ON,1,0,0.00,28.00,29.00,-3.12,146,146,0.00,0,0.00,27.84,11.76,0.25,0.00,0.00,0,20,0,0
35204,ON,1,0,0.00,28.00,29.00,-3.12,146,146,0.00,0,0.00,27.84,11.76,0.25,0.00,0.00,0,20,0,0
35312,ON,1,0,0.00,28.00,29.00,-3.12,146,146,0.00,0,0.00,27.84,11.76,0.25,0.00,0.00,0,20,0,0
35417,ON,1,0,0.00,28.00,29.00,-3.12,146,146,0.00,0,0.00,27.84,11.76,0.25,0.00,0.00,0,20,0,0
35522,ON,1,0,0.00,28.00,29.00,-3.12,146,146,0.00,0,0.00,27.84,11.76,0.25,0.00,0.00,0,20,0,0
35627,ON,1,0,0.00,28.00,29.00,-3.12,146,146,0.00,0,0.00,27.84,11.76,0.25,0.00,0.00,0,20,0,0
35732,ON,1,0,0.00,28.00,29.00,-3.12,146,146,0.00,0,0.00,27.84,11.76,0.25,0.00,0.00,0,20,0,0
35837,ON,1,0,0.00,28.00,29.00,-3.12,146,146,0.00,0,0.00,27.84,11.76,0.25,0.00,0.00,0,20,0,0
35945,ON,1,0,0.00,28.00,29.00,-3.12,146,146,0.00,0,0.00,27.84,11.76,0.25,0.00,0.00,0,20,0,0
36050,ON,1,0,0.00,28.00,29.00,-3.12,146,146,0.00,0,0.00,27.84,11.76,0.25,0.00,0.00,0,20,0,0
36155,ON,1,0,0.00,28.00,29.00,-3.12,146,146,0.00,0,0.00,27.84,11.76,0.25,0.00,0.00,0,20,0,0
36260,ON,1,0,0.00,28.00,29.00,-3.12,146,146,0.00,0,0.00,27.84,11.76,0.25,0.00,0.00,0,20,0,0
36365,ON,1,0,0.00,28.00,29.00,-3.12,146,146,0.00,0,0.00,27.84,11.76,0.25,0.00,0.00,0,20,0,0
36470,ON,1,0,0.00,28.00,29.00,-3.12,146,146,0.00,0,0.00,27.84,11.76,0.25,0.00,0.00,0,20,0,0
36578,ON,1,0,0.00,28.00,29.00,-3.12,146,146,0.00,0,0.00,27.84,11.76,0.25,0.00,0.00,0,20,0,0
36683,ON,1,0,0.00,28.00,29.00,-3.12,146,146,0.00,0,0.00,27.84,11.76,0.25,0.00,0.00,0,20,0,0
36788,ON,1,0,0.00,28.00,29.00,-3.12,146,146,0.00,0,0.00,27.84,11.76,0.25,0.00,0.00,0,20,0,0
36893,ON,1,0,0.00,28.00,29.00,-3.12,146,146,0.00,0,0.00,27.84,11.76,0.25,0.00,0.00,0,20,0,0
36998,ON,1,0,0.00,28.00,29.00,-3.12,146,146,0.00,0,0.00,27.84,11.76,0.25,0.00,0.00,0,20,0,0
37103,ON,1,0,0.00,28.00,29.00,-3.12,146,146,0.00,0,0.00,27.84,11.76,0.25,0.00,0.00,0,20,0,0
37211,ON,1,0,0.00,28.00,29.00,-3.12,146,146,0.00,0,0.00,27.84,11.76,0.25,0.00,0.00,0,20,0,0
37316,ON,1,0,0.00,28.00,29.00,-3.12,146,146,0.00,0,0.00,27.84,11.76,0.25,0.00,0.00,0,20,0,0
37421,ON,1,0,0.00,28.00,29.00,-3.12,146,146,0.00,0,0.00,27.84,11.76,0.25,0.00,0.00,0,20,0,0
37526,ON,1,0,0.00,28.00,29.00,-3.12,146,146,0.00,0,0.00,27.84,11.76,0.25,0.00,0.00,0,20,0,0
37631,ON,1,0,0.00,28.00,29.00,-3.12,146,146,0.00,0,0.00,27.84,11.76,0.25,0.00,0.00,0,20,0,0
37736,ON,1,0,0.00,28.00,29.00,-3.12,146,146,0.00,0,0.00,27.84,11.76,0.25,0.00,0.00,0,20,0,0
37844,ON,1,0,0.00,28.00,29.00,-3.12,146,146,0.00,0,0.00,27.84,11.76,0.25,0.00,0.00,0,20,0,0
37949,ON,1,0,0.00,28.00,29.00,-3.12,146,146,0.00,0,0.00,27.84,11.76,0.25,0.00,0.00,0,20,0,0
38054,ON,1,0,0.00,28.00,29.00,-3.12,146,146,0.00,0,0.00,27.84,11.76,0.25,0.00,0.00,0,20,0,0
38159,ON,1,0,0.00,28.00,29.00,-3.12,146,146,0.00,0,0.00,27.84,11.76,0.25,0.00,0.00,0,20,0,0
38264,ON,1,0,0.00,28.00,29.00,-3.12,146,146,0.00,0,0.00,27.84,11.76,0.25,0.00,0.00,0,20,0,0
38369,ON,1,0,0.00,28.00,29.00,-3.12,146,146,0.00,0,0.00,27.84,11.76,0.25,0.00,0.00,0,20,0,0
38477,ON,1,0,0.00,28.00,29.00,-3.12,146,146,0.00,0,0.00,27.84,11.76,0.25,0.00,0.00,0,20,0,0
38583,ON,1,0,0.00,28.00,29.00,-3.12,146,146,0.00,0,0.00,27.84,11.76,0.25,0.00,0.00,0,20,0,0
38688,ON,1,0,0.00,28.00,29.00,-3.12,146,146,0.00,0,0.00,27.84,11.76,0.25,0.00,0.00,0,20,0,0
38793,ON,1,0,0.00,28.00,29.00,-3.12,146,146,0.00,0,0.00,27.84,11.76,0.25,0.00,0.00,0,20,0,0
38898,ON,1,0,0.00,28.00,29.00,-3.12,146,146,0.00,0,0.00,27.84,11.76,0.25,0.00,0.00,0,20,0,0
39006,ON,1,0,0.00,28.00,29.00,-3.12,146,146,0.00,0,0.00,27.84,11.76,0.25,0.00,0.00,0,20,0,0
39111,ON,1,0,0.00,28.00,29.00,-3.12,146,146,0.00,0,0.00,27.84,11.76,0.25,0.00,0.00,0,20,0,0
39216,ON,1,0,0.00,28.00,29.00,-3.12,146,146,0.00,0,0.00,27.84,11.76,0.25,0.00,0.00,0,20,0,0
39321,ON,1,0,0.00,28.00,29.00,-3.12,146,146,0.00,0,0.00,27.84,11.76,0.25,0.00,0.00,0,20,0,0
39426,ON,1,0,0.00,28.00,29.00,-3.12,146,146,0.00,0,0.00,27.84,11.76,0.25,0.00,0.00,0,20,0,0
39531,ON,1,0,0.00,28.00,28.00,-3.12,146,146,0.00,0,0.00,27.84,11.76,0.25,0.00,0.00,0,20,0,0
39639,ON,1,0,0.00,28.00,29.00,-3.12,146,146,0.00,0,0.00,27.84,11.76,0.25,0.00,0.00,0,20,0,0
39744,ON,1,0,0.00,28.00,29.00,-3.12,146,146,0.00,0,0.00,27.84,11.76,0.25,0.00,0.00,0,20,0,0
39849,ON,1,0,0.00,28.00,29.00,-3.12,146,146,0.00,0,0.00,27.84,11.76,0.25,0.00,0.00,0,20,0,0
39954,ON,1,0,0.00,28.00,29.00,-3.12,146,146,0.00,0,0.00,27.84,11.76,0.25,0.00,0.00,0,20,0,0
40059,ON,1,0,0.00,28.00,29.00,-3.12,146,146,0.00,0,0.00,27.84,11.76,0.25,0.00,0.00,0,20,0,0
40164,ON,1,0,0.00,28.00,29.00,-3.12,146,146,0.00,0,0.00,27.84,11.76,0.25,0.00,0.00,0,20,0,0
40272,ON,1,0,0.00,28.00,29.00,-3.12,146,146,0.00,0,0.00,27.84,11.76,0.25,0.00,0.00,0,20,0,0
40377,ON,1,0,0.00,28.00,29.00,-3.12,146,146,0.00,0,0.00,27.84,11.76,0.25,0.00,0.00,0,20,0,0
40482,ON,1,0,0.00,28.00,29.00,-3.12,146,146,0.00,0,0.00,27.84,11.76,0.25,0.00,0.00,0,20,0,0
40587,ON,1,0,0.00,28.00,29.00,-3.12,146,146,0.00,0,0.00,27.84,11.76,0.25,0.00,0.00,0,20,0,0
40692,ON,1,0,0.00,28.00,29.00,-3.12,146,146,0.00,0,0.00,27.84,11.76,0.25,0.00,0.00,0,20,0,0
40797,ON,1,0,0.00,28.00,29.00,-3.12,146,146,0.00,0,0.00,27.84,11.76,0.25,0.00,0.00,0,20,0,0
40905,ON,1,0,0.00,28.00,29.00,-3.12,146,146,0.00,0,0.00,27.84,11.76,0.25,0.00,0.00,0,20,0,0
41010,ON,1,0,0.00,28.00,29.00,-3.12,146,146,0.00,0,0.00,27.84,11.76,0.25,0.00,0.00,0,20,0,0
41115,ON,1,0,0.00,28.00,29.00,-3.12,146,146,0.00,0,0.00,27.84,11.76,0.25,0.00,0.00,0,20,0,0
41220,ON,1,0,0.00,28.00,29.00,-3.12,146,146,0.00,0,0.00,27.84,11.76,0.25,0.00,0.00,0,20,0,0
41325,ON,1,0,0.00,28.00,29.00,-3.12,146,146,0.00,0,0.00,27.84,11.76,0.25,0.00,0.00,0,20,0,0
41430,ON,1,0,0.00,28.00,29.00,-3.12,146,146,0.00,0,0.00,27.84,11.76,0.25,0.00,0.00,0,20,0,0
41538,ON,1,0,0.00,28.00,29.00,-3.12,146,146,0.00,0,0.00,27.84,11.76,0.25,0.00,0.00,0,20,0,0
41643,ON,1,0,0.00,28.00,29.00,-3.12,146,146,0.00,0,0.00,27.84,11.76,0.25,0.00,0.00,0,20,0,0
41748,ON,1,0,0.00,28.00,29.00,-3.12,146,146,0.00,0,0.00,27.84,11.76,0.25,0.00,0.00,0,20,0,0
41853,ON,1,0,0.00,28.00,29.00,-3.12,146,146,0.00,0,0.00,27.84,11.76,0.25,0.00,0.00,0,20,0,0
41958,ON,1,0,0.00,28.00,29.00,-3.12,146,146,0.00,0,0.00,27.84,11.76,0.25,0.00,0.00,0,20,0,0
42063,ON,1,0,0.00,28.00,29.00,-3.12,146,146,0.00,0,0.00,27.84,11.76,0.25,0.00,0.00,0,20,0,0
42171,ON,1,0,0.00,28.00,29.00,-3.12,146,146,0.00,0,0.00,27.84,11.76,0.25,0.00,0.00,0,20,0,0
42276,ON,1,0,0.00,28.00,29.00,-3.12,146,146,0.00,0,0.00,27.84,11.76,0.25,0.00,0.00,0,20,0,0
42381,ON,1,0,0.00,28.00,29.00,-3.12,146,146,0.00,0,0.00,27.84,11.76,0.25,0.00,0.00,0,20,0,0
42486,ON,1,0,0.00,28.00,29.00,-3.12,146,146,0.00,0,0.00,27.84,11.76,0.25,0.00,0.00,0,20,0,0
42591,ON,1,0,0.00,28.00,29.00,-3.12,146,146,0.00,0,0.00,27.84,11.76,0.25,0.00,0.00,0,20,0,0
42696,ON,1,0,0.00,28.00,28.00,-3.12,146,146,0.00,0,0.00,27.84,11.76,0.25,0.00,0.00,0,20,0,0
42804,ON,1,0,0.00,28.00,29.00,-3.12,146,146,0.00,0,0.00,27.84,11.76,0.25,0.00,0.00,0,20,0,0
42909,ON,1,0,0.00,28.00,29.00,-3.12,146,146,0.00,0,0.00,27.84,11.76,0.25,0.00,0.00,0,20,0,0
43014,ON,1,0,0.00,28.00,29.00,-3.12,146,146,0.00,0,0.00,27.84,11.76,0.25,0.00,0.00,0,20,0,0
43119,ON,1,0,0.00,28.00,29.00,-3.12,146,146,0.00,0,0.00,27.84,11.76,0.25,0.00,0.00,0,20,0,0
43224,ON,1,0,0.00,28.00,29.00,-3.12,146,146,0.00,0,0.00,27.84,11.76,0.25,0.00,0.00,0,20,0,0
43329,ON,1,0,0.00,28.00,29.00,-3.12,146,146,0.00,0,0.00,27.84,11.76,0.25,0.00,0.00,0,20,0,0
43437,ON,1,0,0.00,28.00,29.00,-3.12,146,146,0.00,0,0.00,27.84,11.76,0.25,0.00,0.00,0,20,0,0
