1122,OFF,0,0,0.00,-40.00,-40.00,-100.00,0,0,0.00,0,-64.00,0.00,0.00,0.00,-100.00,0.00,0,0,0,0
1231,OFF,0,0,0.00,-40.00,-40.00,-100.00,0,0,0.00,0,-64.00,0.00,0.00,0.00,-100.00,0.00,0,0,0,0
1336,OFF,0,0,0.00,-40.00,-40.00,-100.00,0,0,0.00,0,-64.00,0.00,0.00,0.00,-100.00,0.00,0,0,0,0
1441,OFF,0,0,0.00,-40.00,-40.00,-100.00,0,0,0.00,0,-64.00,0.00,0.00,0.00,-100.00,0.00,0,0,0,0
1546,OFF,0,0,0.00,-40.00,-40.00,-100.00,0,0,0.00,0,-64.00,0.00,0.00,0.00,-100.00,0.00,0,0,0,0
1654,OFF,0,0,0.00,-40.00,-40.00,-100.00,0,0,0.00,0,-64.00,0.00,0.00,0.00,-100.00,0.00,0,0,0,0
1759,OFF,0,0,0.00,-40.00,-40.00,-100.00,0,0,0.00,0,-64.00,0.00,0.00,0.00,-100.00,0.00,0,0,0,0
1864,OFF,0,0,0.00,-40.00,-40.00,-100.00,0,0,0.00,0,-64.00,0.00,0.00,0.00,-100.00,0.00,0,0,0,0
1969,OFF,0,0,0.00,-40.00,-40.00,-100.00,0,0,0.00,0,-64.00,0.00,0.00,0.00,-100.00,0.00,0,0,0,0
2074,OFF,0,0,0.00,-40.00,-40.00,-100.00,0,0,0.00,0,-64.00,0.00,0.00,0.00,-100.00,0.00,0,0,0,0
2179,OFF,0,0,0.00,-40.00,-40.00,-100.00,0,0,0.00,0,-64.00,0.00,0.00,0.00,-100.00,0.00,0,0,0,0
2287,OFF,0,0,0.00,-40.00,-40.00,-100.00,0,0,0.00,0,-64.00,0.00,0.00,0.00,-100.00,0.00,0,0,0,0
2392,OFF,0,0,0.00,-40.00,-40.00,-100.00,0,0,0.00,0,-64.00,0.00,0.00,0.00,-100.00,0.00,0,0,0,0
2497,OFF,0,0,0.00,-40.00,-40.00,-100.00,0,0,0.00,0,-64.00,0.00,0.00,0.00,-100.00,0.00,0,0,0,0
2602,OFF,0,0,0.00,-40.00,-40.00,-100.00,0,0,0.00,0,-64.00,0.00,0.00,0.00,-100.00,0.00,0,0,0,0
2707,OFF,0,0,0.00,-40.00,-40.00,-100.00,0,0,0.00,0,-64.00,0.00,0.00,0.00,-100.00,0.00,0,0,0,0
2812,OFF,0,0,0.00,-40.00,-40.00,-100.00,0,0,0.00,0,-64.00,0.00,0.00,0.00,-100.00,0.00,0,0,0,0
2920,OFF,0,0,0.00,-40.00,-40.00,-100.00,0,0,0.00,0,-64.00,0.00,0.00,0.00,-100.00,0.00,0,0,0,0
3025,OFF,0,0,0.00,-40.00,-40.00,-100.00,0,0,0.00,0,-64.00,0.00,0.00,0.00,-100.00,0.00,0,0,0,0
3130,OFF,0,0,0.00,-40.00,-40.00,-100.00,0,0,0.00,0,-64.00,0.00,0.00,0.00,-100.00,0.00,0,0,0,0
3235,OFF,0,0,0.00,-40.00,-40.00,-100.00,0,0,0.00,0,-64.00,0.00,0.00,0.00,-100.00,0.00,0,0,0,0
3340,OFF,0,0,0.00,-40.00,-40.00,-100.00,0,0,0.00,0,-64.00,0.00,0.00,0.00,-100.00,0.00,0,0,0,0
3445,OFF,0,0,0.00,-40.00,-40.00,-100.00,0,0,0.00,0,-64.00,0.00,0.00,0.00,-100.00,0.00,0,0,0,0
3553,OFF,0,0,0.00,-40.00,-40.00,-100.00,0,0,0.00,0,-64.00,0.00,0.00,0.00,-100.00,0.00,0,0,0,0
3658,OFF,0,0,0.00,-40.00,-40.00,-100.00,0,0,0.00,0,-64.00,0.00,0.00,0.00,-100.00,0.00,0,0,0,0
3763,OFF,0,0,0.00,-40.00,-40.00,-100.00,0,0,0.00,0,-64.00,0.00,0.00,0.00,-100.00,0.00,0,0,0,0
3868,OFF,0,0,0.00,-40.00,-40.00,-100.00,0,0,0.00,0,-64.00,0.00,0.00,0.00,-100.00,0.00,0,0,0,0
3973,OFF,0,0,0.00,-40.00,-40.00,-100.00,0,0,0.00,0,-64.00,0.00,0.00,0.00,-100.00,0.00,0,0,0,0
4078,OFF,0,0,0.00,-40.00,-40.00,-100.00,0,0,0.00,0,-64.00,0.00,0.00,0.00,-100.00,0.00,0,0,0,0
4186,OFF,0,0,0.00,-40.00,-40.00,-100.00,0,0,0.00,0,-64.00,0.00,0.00,0.00,-100.00,0.00,0,0,0,0
4291,OFF,0,0,0.00,-40.00,-40.00,-100.00,0,0,0.00,0,-64.00,0.00,0.00,0.00,-100.00,0.00,0,0,0,0
4396,OFF,0,0,0.00,-40.00,-40.00,-100.00,0,0,0.00,0,-64.00,0.00,0.00,0.00,-100.00,0.00,0,0,0,0
4501,OFF,0,0,0.00,-40.00,-40.00,-100.00,0,0,0.00,0,-64.00,0.00,0.00,0.00,-100.00,0.00,0,0,0,0
4606,OFF,0,0,0.00,-40.00,-40.00,-100.00,0,0,0.00,0,-64.00,0.00,0.00,0.00,-100.00,0.00,0,0,0,0
4711,OFF,0,0,0.00,-40.00,-40.00,-100.00,0,0,0.00,0,-64.00,0.00,0.00,0.00,-100.00,0.00,0,0,0,0
4819,OFF,0,0,0.00,-40.00,-40.00,-100.00,0,0,0.00,0,-64.00,0.00,0.00,0.00,-100.00,0.00,0,0,0,0
4924,OFF,0,0,0.00,-40.00,-40.00,-100.00,0,0,0.00,0,-64.00,0.00,0.00,0.00,-100.00,0.00,0,0,0,0
5029,OFF,0,0,0.00,-40.00,-40.00,-100.00,0,0,0.00,0,-64.00,0.00,0.00,0.00,-100.00,0.00,0,0,0,0
5134,OFF,0,0,0.00,-40.00,-40.00,-100.00,0,0,0.00,0,-64.00,0.00,0.00,0.00,-100.00,0.00,0,0,0,0
5239,OFF,0,0,0.00,-40.00,-40.00,-100.00,0,0,0.00,0,-64.00,0.00,0.00,0.00,-100.00,0.00,0,0,0,0
5344,OFF,0,0,0.00,-40.00,-40.00,-100.00,0,0,0.00,0,-64.00,0.00,0.00,0.00,-100.00,0.00,0,0,0,0
5452,OFF,0,0,0.00,-40.00,-40.00,-100.00,0,0,0.00,0,-64.00,0.00,0.00,0.00,-100.00,0.00,0,0,0,0
5557,OFF,0,0,0.00,-40.00,-40.00,-100.00,0,0,0.00,0,-64.00,0.00,0.00,0.00,-100.00,0.00,0,0,0,0
5662,OFF,0,0,0.00,-40.00,-40.00,-100.00,0,0,0.00,0,-64.00,0.00,0.00,0.00,-100.00,0.00,0,0,0,0
5767,OFF,0,0,0.00,-40.00,-40.00,-100.00,0,0,0.00,0,-64.00,0.00,0.00,0.00,-100.00,0.00,0,0,0,0
5872,OFF,0,0,0.00,-40.00,-40.00,-100.00,0,0,0.00,0,-64.00,0.00,0.00,0.00,-100.00,0.00,0,0,0,0
5977,OFF,0,0,0.00,-40.00,-40.00,-100.00,0,0,0.00,0,-64.00,0.00,0.00,0.00,-100.00,0.00,0,0,0,0
6085,OFF,0,0,0.00,-40.00,-40.00,-100.00,0,0,0.00,0,-64.00,0.00,0.00,0.00,-100.00,0.00,0,0,0,0
6190,OFF,0,0,0.00,-40.00,-40.00,-100.00,0,0,0.00,0,-64.00,0.00,0.00,0.00,-100.00,0.00,0,0,0,0
6295,OFF,0,0,0.00,-40.00,-40.00,-100.00,0,0,0.00,0,-64.00,0.00,0.00,0.00,-100.00,0.00,0,0,0,0
6400,OFF,0,0,0.00,-40.00,-40.00,-100.00,0,0,0.00,0,-64.00,0.00,0.00,0.00,-100.00,0.00,0,0,0,0
6505,OFF,0,0,0.00,-40.00,-40.00,-100.00,0,0,0.00,0,-64.00,0.00,0.00,0.00,-100.00,0.00,0,0,0,0
6610,OFF,0,0,0.00,-40.00,-40.00,-100.00,0,0,0.00,0,-64.00,0.00,0.00,0.00,-100.00,0.00,0,0,0,0
6718,OFF,0,0,0.00,-40.00,-40.00,-100.00,0,0,0.00,0,-64.00,0.00,0.00,0.00,-100.00,0.00,0,0,0,0
6823,OFF,0,0,0.00,-40.00,-40.00,-100.00,0,0,0.00,0,-64.00,0.00,0.00,0.00,-100.00,0.00,0,0,0,0
6928,OFF,0,0,0.00,-40.00,-40.00,-100.00,0,0,0.00,0,-64.00,0.00,0.00,0.00,-100.00,0.00,0,0,0,0
7033,OFF,0,0,0.00,-40.00,-40.00,-100.00,0,0,0.00,0,-64.00,0.00,0.00,0.00,-100.00,0.00,0,0,0,0
7138,OFF,0,0,0.00,-40.00,-40.00,-100.00,0,0,0.00,0,-64.00,0.00,0.00,0.00,-100.00,0.00,0,0,0,0
7243,OFF,0,0,0.00,-40.00,-40.00,-100.00,0,0,0.00,0,-64.00,0.00,0.00,0.00,-100.00,0.00,0,0,0,0
7351,OFF,0,0,0.00,-40.00,-40.00,-100.00,0,0,0.00,0,-64.00,0.00,0.00,0.00,-100.00,0.00,0,0,0,0
7456,OFF,0,0,0.00,-40.00,-40.00,-100.00,0,0,0.00,0,-64.00,0.00,0.00,0.00,-100.00,0.00,0,0,0,0
7561,OFF,0,0,0.00,-40.00,-40.00,-100.00,0,0,0.00,0,-64.00,0.00,0.00,0.00,-100.00,0.00,0,0,0,0
7666,OFF,0,0,0.00,-40.00,-40.00,-100.00,0,0,0.00,0,-64.00,0.00,0.00,0.00,-100.00,0.00,0,0,0,0
7771,OFF,0,0,0.00,-40.00,-40.00,-100.00,0,0,0.00,0,-64.00,0.00,0.00,0.00,-100.00,0.00,0,0,0,0
7876,OFF,0,0,0.00,-40.00,-40.00,-100.00,0,0,0.00,0,-64.00,0.00,0.00,0.00,-100.00,0.00,0,0,0,0
7984,OFF,0,0,0.00,-40.00,-40.00,-100.00,0,0,0.00,0,-64.00,0.00,0.00,0.00,-100.00,0.00,0,0,0,0
8089,OFF,0,0,0.00,-40.00,-40.00,-100.00,0,0,0.00,0,-64.00,0.00,0.00,0.00,-100.00,0.00,0,0,0,0
8194,OFF,0,0,0.00,-40.00,-40.00,-100.00,0,0,0.00,0,-64.00,0.00,0.00,0.00,-100.00,0.00,0,0,0,0
8299,OFF,0,0,0.00,-40.00,-40.00,-100.00,0,0,0.00,0,-64.00,0.00,0.00,0.00,-100.00,0.00,0,0,0,0
8404,OFF,0,0,0.00,-40.00,-40.00,-100.00,0,0,0.00,0,-64.00,0.00,0.00,0.00,-100.00,0.00,0,0,0,0
8509,OFF,0,0,0.00,-40.00,-40.00,-100.00,0,0,0.00,0,-64.00,0.00,0.00,0.00,-100.00,0.00,0,0,0,0
8617,OFF,0,0,0.00,-40.00,-40.00,-100.00,0,0,0.00,0,-64.00,0.00,0.00,0.00,-100.00,0.00,0,0,0,0
8722,OFF,0,0,0.00,-40.00,-40.00,-100.00,0,0,0.00,0,-64.00,0.00,0.00,0.00,-100.00,0.00,0,0,0,0
8827,OFF,0,0,0.00,-40.00,-40.00,-100.00,0,0,0.00,0,-64.00,0.00,0.00,0.00,-100.00,0.00,0,0,0,0
8932,OFF,0,0,0.00,-40.00,-40.00,-100.00,0,0,0.00,0,-64.00,0.00,0.00,0.00,-100.00,0.00,0,0,0,0
9037,OFF,0,0,0.00,-40.00,-40.00,-100.00,0,0,0.00,0,-64.00,0.00,0.00,0.00,-100.00,0.00,0,0,0,0
9142,OFF,0,0,0.00,-40.00,-40.00,-100.00,0,0,0.00,0,-64.00,0.00,0.00,0.00,-100.00,0.00,0,0,0,0
9250,OFF,0,0,0.00,-40.00,-40.00,-100.00,0,0,0.00,0,-64.00,0.00,0.00,0.00,-100.00,0.00,0,0,0,0
9355,OFF,0,0,0.00,-40.00,-40.00,-100.00,0,0,0.00,0,-64.00,0.00,0.00,0.00,-100.00,0.00,0,0,0,0
9460,OFF,0,0,0.00,-40.00,-40.00,-100.00,0,0,0.00,0,-64.00,0.00,0.00,0.00,-100.00,0.00,0,0,0,0
9565,OFF,0,0,0.00,-40.00,-40.00,-100.00,0,0,0.00,0,-64.00,0.00,0.00,0.00,-100.00,0.00,0,0,0,0
9670,OFF,0,0,0.00,-40.00,-40.00,-100.00,0,0,0.00,0,-64.00,0.00,0.00,0.00,-100.00,0.00,0,0,0,0
9775,OFF,0,0,0.00,-40.00,-40.00,-100.00,0,0,0.00,0,-64.00,0.00,0.00,0.00,-100.00,0.00,0,0,0,0
9883,OFF,0,0,0.00,-40.00,-40.00,-100.00,0,0,0.00,0,-64.00,0.00,0.00,0.00,-100.00,0.00,0,0,0,0
9988,OFF,0,0,0.00,-40.00,-40.00,-100.00,0,0,0.00,0,-64.00,0.00,0.00,0.00,-100.00,0.00,0,0,0,0
10093,OFF,0,0,0.00,-40.00,-40.00,-100.00,0,0,0.00,0,-64.00,0.00,0.00,0.00,-100.00,0.00,0,0,0,0
10198,OFF,0,0,0.00,-40.00,-40.00,-100.00,0,0,0.00,0,-64.00,0.00,0.00,0.00,-100.00,0.00,0,0,0,0
10302,OFF,0,0,0.00,-40.00,-40.00,-100.00,0,0,0.00,0,-64.00,0.00,0.00,0.00,-100.00,0.00,0,0,0,0
10407,OFF,0,0,0.00,-40.00,-40.00,-100.00,0,0,0.00,0,-64.00,0.00,0.00,0.00,-100.00,0.00,0,0,0,0
10515,OFF,0,0,0.00,-40.00,-40.00,-100.00,0,0,0.00,0,-64.00,0.00,0.00,0.00,-100.00,0.00,0,0,0,0
10620,OFF,0,0,0.00,-40.00,-40.00,-100.00,0,0,0.00,0,-64.00,0.00,0.00,0.00,-100.00,0.00,0,0,0,0
10725,OFF,0,0,0.00,-40.00,-40.00,-100.00,0,0,0.00,0,-64.00,0.00,0.00,0.00,-100.00,0.00,0,0,0,0
10830,OFF,0,0,0.00,-40.00,-40.00,-100.00,0,0,0.00,0,-64.00,0.00,0.00,0.00,-100.00,0.00,0,0,0,0
10935,OFF,0,0,0.00,-40.00,-40.00,-100.00,0,0,0.00,0,-64.00,0.00,0.00,0.00,-100.00,0.00,0,0,0,0
11040,OFF,0,0,0.00,-40.00,-40.00,-100.00,0,0,0.00,0,-64.00,0.00,0.00,0.00,-100.00,0.00,0,0,0,0
11148,OFF,0,0,0.00,-40.00,-40.00,-100.00,0,0,0.00,0,-64.00,0.00,0.00,0.00,-100.00,0.00,0,0,0,0
11253,OFF,0,0,0.00,-40.00,-40.00,-100.00,0,0,0.00,0,-64.00,0.00,0.00,0.00,-100.00,0.00,0,0,0,0
11358,OFF,0,0,0.00,-40.00,-40.00,-100.00,0,0,0.00,0,-64.00,0.00,0.00,0.00,-100.00,0.00,0,0,0,0
11463,OFF,0,0,0.00,-40.00,-40.00,-100.00,0,0,0.00,0,-64.00,0.00,0.00,0.00,-100.00,0.00,0,0,0,0
11568,OFF,0,0,0.00,-40.00,-40.00,-100.00,0,0,0.00,0,-64.00,0.00,0.00,0.00,-100.00,0.00,0,0,0,0
11673,OFF,0,0,0.00,-40.00,-40.00,-100.00,0,0,0.00,0,-64.00,0.00,0.00,0.00,-100.00,0.00,0,0,0,0
11781,OFF,0,0,0.00,-40.00,-40.00,-100.00,0,0,0.00,0,-64.00,0.00,0.00,0.00,-100.00,0.00,0,0,0,0
11886,OFF,0,0,0.00,-40.00,-40.00,-100.00,0,0,0.00,0,-64.00,0.00,0.00,0.00,-100.00,0.00,0,0,0,0
11991,OFF,0,0,0.00,-40.00,-40.00,-100.00,0,0,0.00,0,-64.00,0.00,0.00,0.00,-100.00,0.00,0,0,0,0
12096,OFF,0,0,0.00,-40.00,-40.00,-100.00,0,0,0.00,0,-64.00,0.00,0.00,0.00,-100.00,0.00,0,0,0,0
12201,OFF,0,0,0.00,-40.00,-40.00,-100.00,0,0,0.00,0,-64.00,0.00,0.00,0.00,-100.00,0.00,0,0,0,0
12306,OFF,0,0,0.00,-40.00,-40.00,-100.00,0,0,0.00,0,-64.00,0.00,0.00,0.00,-100.00,0.00,0,0,0,0
12414,OFF,0,0,0.00,-40.00,-40.00,-100.00,0,0,0.00,0,-64.00,0.00,0.00,0.00,-100.00,0.00,0,0,0,0
12519,OFF,0,0,0.00,-40.00,-40.00,-100.00,0,0,0.00,0,-64.00,0.00,0.00,0.00,-100.00,0.00,0,0,0,0
12624,OFF,0,0,0.00,-40.00,-40.00,-100.00,0,0,0.00,0,-64.00,0.00,0.00,0.00,-100.00,0.00,0,0,0,0
12729,OFF,0,0,0.00,-40.00,-40.00,-100.00,0,0,0.00,0,-64.00,0.00,0.00,0.00,-100.00,0.00,0,0,0,0
12834,OFF,0,0,0.00,-40.00,-40.00,-100.00,0,0,0.00,0,-64.00,0.00,0.00,0.00,-100.00,0.00,0,0,0,0
12939,OFF,0,0,0.00,-40.00,-40.00,-100.00,0,0,0.00,0,-64.00,0.00,0.00,0.00,-100.00,0.00,0,0,0,0
13047,OFF,0,0,0.00,-40.00,-40.00,-100.00,0,0,0.00,0,-64.00,0.00,0.00,0.00,-100.00,0.00,0,0,0,0
13152,OFF,0,0,0.00,-40.00,-40.00,-100.00,0,0,0.00,0,-64.00,0.00,0.00,0.00,-100.00,0.00,0,0,0,0
13257,OFF,0,0,0.00,-40.00,-40.00,-100.00,0,0,0.00,0,-64.00,0.00,0.00,0.00,-100.00,0.00,0,0,0,0
13362,OFF,0,0,0.00,-40.00,-40.00,-100.00,0,0,0.00,0,-64.00,0.00,0.00,0.00,-100.00,0.00,0,0,0,0
13467,OFF,0,0,0.00,-40.00,-40.00,-100.00,0,0,0.00,0,-64.00,0.00,0.00,0.00,-100.00,0.00,0,0,0,0
13572,OFF,0,0,0.00,-40.00,-40.00,-100.00,0,0,0.00,0,-64.00,0.00,0.00,0.00,-100.00,0.00,0,0,0,0
13680,OFF,0,0,0.00,-40.00,-40.00,-100.00,0,0,0.00,0,-64.00,0.00,0.00,0.00,-100.00,0.00,0,0,0,0
13785,OFF,0,0,0.00,-40.00,-40.00,-100.00,0,0,0.00,0,-64.00,0.00,0.00,0.00,-100.00,0.00,0,0,0,0
13890,OFF,0,0,0.00,-40.00,-40.00,-100.00,0,0,0.00,0,-64.00,0.00,0.00,0.00,-100.00,0.00,0,0,0,0
13995,OFF,0,0,0.00,-40.00,-40.00,-100.00,0,0,0.00,0,-64.00,0.00,0.00,0.00,-100.00,0.00,0,0,0,0
14100,OFF,0,0,0.00,-40.00,-40.00,-100.00,0,0,0.00,0,-64.00,0.00,0.00,0.00,-100.00,0.00,0,0,0,0
14205,OFF,0,0,0.00,-40.00,-40.00,-100.00,0,0,0.00,0,-64.00,0.00,0.00,0.00,-100.00,0.00,0,0,0,0
14313,OFF,0,0,0.00,-40.00,-40.00,-100.00,0,0,0.00,0,-64.00,0.00,0.00,0.00,-100.00,0.00,0,0,0,0
14418,OFF,0,0,0.00,-40.00,-40.00,-100.00,0,0,0.00,0,-64.00,0.00,0.00,0.00,-100.00,0.00,0,0,0,0
14523,OFF,0,0,0.00,-40.00,-40.00,-100.00,0,0,0.00,0,-64.00,0.00,0.00,0.00,-100.00,0.00,0,0,0,0
14628,OFF,0,0,0.00,-40.00,-40.00,-100.00,0,0,0.00,0,-64.00,0.00,0.00,0.00,-100.00,0.00,0,0,0,0
14733,OFF,0,0,0.00,-40.00,-40.00,-100.00,0,0,0.00,0,-64.00,0.00,0.00,0.00,-100.00,0.00,0,0,0,0
14838,OFF,0,0,0.00,-40.00,-40.00,-100.00,0,0,0.00,0,-64.00,0.00,0.00,0.00,-100.00,0.00,0,0,0,0
14952,OFF,0,0,0.00,-40.00,-40.00,-100.00,0,0,0.00,0,-64.00,0.00,0.00,0.00,-100.00,0.00,0,0,0,0
15057,OFF,0,0,0.00,-40.00,-40.00,-100.00,0,0,0.00,0,-64.00,0.00,0.00,0.00,-100.00,0.00,0,0,0,0
15162,OFF,0,0,0.00,-40.00,-40.00,-100.00,0,0,0.00,0,-64.00,0.00,0.00,0.00,-100.00,0.00,0,0,0,0
15267,OFF,0,0,0.00,-40.00,-40.00,-100.00,0,0,0.00,0,-64.00,0.00,0.00,0.00,-100.00,0.00,0,0,0,0
15372,OFF,0,0,0.00,-40.00,-40.00,-100.00,0,0,0.00,0,-64.00,0.00,0.00,0.00,-100.00,0.00,0,0,0,0
15477,OFF,0,0,0.00,-40.00,-40.00,-100.00,0,0,0.00,0,-64.00,0.00,0.00,0.00,-100.00,0.00,0,0,0,0
15585,OFF,0,0,0.00,-40.00,-40.00,-100.00,0,0,0.00,0,-64.00,0.00,0.00,0.00,-100.00,0.00,0,0,0,0
15690,OFF,0,0,0.00,-40.00,-40.00,-100.00,0,0,0.00,0,-64.00,0.00,0.00,0.00,-100.00,0.00,0,0,0,0
15795,OFF,0,0,0.00,-40.00,-40.00,-100.00,0,0,0.00,0,-64.00,0.00,0.00,0.00,-100.00,0.00,0,0,0,0
15900,OFF,0,0,0.00,-40.00,-40.00,-100.00,0,0,0.00,0,-64.00,0.00,0.00,0.00,-100.00,0.00,0,0,0,0
16005,OFF,0,0,0.00,-40.00,-40.00,-100.00,0,0,0.00,0,-64.00,0.00,0.00,0.00,-100.00,0.00,0,0,0,0
16110,OFF,0,0,0.00,-40.00,-40.00,-100.00,0,0,0.00,0,-64.00,0.00,0.00,0.00,-100.00,0.00,0,0,0,0
16218,OFF,0,0,0.00,-40.00,-40.00,-100.00,0,0,0.00,0,-64.00,0.00,0.00,0.00,-100.00,0.00,0,0,0,0
16323,OFF,0,0,0.00,-40.00,-40.00,-100.00,0,0,0.00,0,-64.00,0.00,0.00,0.00,-100.00,0.00,0,0,0,0
16428,OFF,0,0,0.00,-40.00,-40.00,-100.00,0,0,0.00,0,-64.00,0.00,0.00,0.00,-100.00,0.00,0,0,0,0
16533,OFF,0,0,0.00,-40.00,-40.00,-100.00,0,0,0.00,0,-64.00,0.00,0.00,0.00,-100.00,0.00,0,0,0,0
16638,OFF,0,0,0.00,-40.00,-40.00,-100.00,0,0,0.00,0,-64.00,0.00,0.00,0.00,-100.00,0.00,0,0,0,0
16743,OFF,0,0,0.00,-40.00,-40.00,-100.00,0,0,0.00,0,-64.00,0.00,0.00,0.00,-100.00,0.00,0,0,0,0
16851,OFF,0,0,0.00,-40.00,-40.00,-100.00,0,0,0.00,0,-64.00,0.00,0.00,0.00,-100.00,0.00,0,0,0,0
16956,OFF,0,0,0.00,-40.00,-40.00,-100.00,0,0,0.00,0,-64.00,0.00,0.00,0.00,-100.00,0.00,0,0,0,0
17061,OFF,0,0,0.00,-40.00,-40.00,-100.00,0,0,0.00,0,-64.00,0.00,0.00,0.00,-100.00,0.00,0,0,0,0
17166,OFF,0,0,0.00,-40.00,-40.00,-100.00,0,0,0.00,0,-64.00,0.00,0.00,0.00,-100.00,0.00,0,0,0,0
17271,OFF,0,0,0.00,-40.00,-40.00,-100.00,0,0,0.00,0,-64.00,0.00,0.00,0.00,-100.00,0.00,0,0,0,0
17376,OFF,0,0,0.00,-40.00,-40.00,-100.00,0,0,0.00,0,-64.00,0.00,0.00,0.00,-100.00,0.00,0,0,0,0
17484,OFF,0,0,0.00,-40.00,-40.00,-100.00,0,0,0.00,0,-64.00,0.00,0.00,0.00,-100.00,0.00,0,0,0,0
17589,OFF,0,0,0.00,-40.00,-40.00,-100.00,0,0,0.00,0,-64.00,0.00,0.00,0.00,-100.00,0.00,0,0,0,0
17694,OFF,0,0,0.00,-40.00,-40.00,-100.00,0,0,0.00,0,-64.00,0.00,0.00,0.00,-100.00,0.00,0,0,0,0
17799,OFF,0,0,0.00,-40.00,-40.00,-100.00,0,0,0.00,0,-64.00,0.00,0.00,0.00,-100.00,0.00,0,0,0,0
17904,OFF,0,0,0.00,-40.00,-40.00,-100.00,0,0,0.00,0,-64.00,0.00,0.00,0.00,-100.00,0.00,0,0,0,0
18009,OFF,0,0,0.00,-40.00,-40.00,-100.00,0,0,0.00,0,-64.00,0.00,0.00,0.00,-100.00,0.00,0,0,0,0
18117,OFF,0,0,0.00,-40.00,-40.00,-100.00,0,0,0.00,0,-64.00,0.00,0.00,0.00,-100.00,0.00,0,0,0,0
18222,OFF,0,0,0.00,-40.00,-40.00,-100.00,0,0,0.00,0,-64.00,0.00,0.00,0.00,-100.00,0.00,0,0,0,0
18327,OFF,0,0,0.00,-40.00,-40.00,-100.00,0,0,0.00,0,-64.00,0.00,0.00,0.00,-100.00,0.00,0,0,0,0
18432,ON,1,0,0.00,-40.00,-40.00,-100.00,0,0,0.00,0,-64.00,0.00,0.00,0.00,-100.00,0.00,0,0,0,0
18537,ON,1,0,0.00,70.00,23.00,-3.12,146,146,0.00,0,0.00,29.80,13.73,0.25,0.00,0.00,0,83,0,0
18642,ON,1,0,0.00,70.00,23.00,-3.12,146,146,0.00,0,0.00,29.80,13.73,0.25,0.00,12.73,190,83,0,0
18750,ON,1,0,0.00,70.00,23.00,-3.12,146,146,0.00,0,0.00,29.80,13.73,0.25,0.00,12.73,190,83,0,0
18855,ON,1,0,0.00,70.00,23.00,-3.12,146,146,0.00,0,0.00,29.80,13.73,0.25,0.00,12.73,190,83,0,0
18960,ON,1,0,0.00,70.00,23.00,-3.12,146,146,0.00,0,0.00,29.80,13.73,0.25,0.00,12.73,190,83,0,0
19065,ON,1,0,0.00,70.00,23.00,-3.12,146,146,0.00,0,0.00,29.80,13.73,0.25,0.00,12.73,190,83,0,0
19170,ON,1,0,0.00,70.00,23.00,-3.12,146,146,0.00,0,0.00,29.80,13.73,0.25,0.00,12.73,190,83,0,0
19274,ON,1,0,0.00,70.00,23.00,-3.12,146,146,0.00,0,0.00,29.80,13.73,0.25,0.00,12.73,190,83,0,0
19382,ON,1,0,0.00,70.00,23.00,-3.12,146,146,0.00,0,0.00,29.80,13.73,0.25,0.00,12.73,190,83,0,0
19487,ON,1,0,0.00,70.00,23.00,-3.12,146,146,0.00,0,0.00,29.80,13.73,0.25,0.00,12.73,190,83,0,0
19592,ON,1,0,0.00,70.00,23.00,-3.12,146,146,0.00,0,0.00,29.80,13.73,0.25,0.00,12.73,190,83,0,0
19697,ON,1,0,0.00,70.00,23.00,-3.12,146,146,0.00,0,0.00,29.80,13.73,0.25,0.00,12.73,190,83,0,0
19802,ON,1,0,0.00,70.00,23.00,-3.12,146,146,0.00,0,0.00,29.80,13.73,0.25,0.00,12.73,190,83,0,0
19907,ON,1,0,0.00,70.00,23.00,-3.12,146,146,0.00,0,0.00,29.80,13.73,0.25,0.00,12.73,190,83,0,0
20015,ON,1,0,0.00,70.00,23.00,-3.12,146,146,0.00,0,0.00,29.80,13.73,0.25,0.00,12.73,190,83,0,0
20120,ON,1,0,0.00,70.00,23.00,-3.12,146,146,0.00,0,0.00,29.80,13.73,0.25,0.00,12.73,190,83,0,0
20225,ON,1,0,0.00,70.00,23.00,-3.12,146,146,0.00,0,0.00,29.80,13.73,0.25,0.00,12.73,190,83,0,0
20330,ON,1,0,0.00,70.00,23.00,-3.12,146,146,0.00,0,0.00,29.80,13.73,0.25,0.00,12.73,190,83,0,0
20435,ON,1,0,0.00,70.00,23.00,-3.12,146,146,0.00,0,0.00,29.80,13.73,0.25,0.00,12.73,190,83,0,0
20540,ON,1,0,0.00,70.00,23.00,-3.12,146,146,0.00,0,0.00,29.80,13.73,0.25,0.00,12.73,190,83,0,0
20648,ON,1,0,0.00,70.00,23.00,-3.12,146,146,0.00,0,0.00,29.80,13.73,0.25,0.00,12.73,190,83,0,0
20753,ON,1,0,0.00,70.00,23.00,-3.12,146,146,0.00,0,0.00,29.80,13.73,0.25,0.00,12.73,190,83,0,0
20858,ON,1,0,0.00,70.00,23.00,-3.12,146,146,0.00,0,0.00,29.80,13.73,0.25,0.00,12.73,190,83,0,0
20963,ON,1,0,0.00,70.00,23.00,-3.12,146,146,0.00,0,0.00,29.80,13.73,0.25,0.00,12.73,190,83,0,0
21068,ON,1,0,0.00,70.00,23.00,-3.12,146,146,0.00,0,0.00,29.80,13.73,0.25,0.00,12.73,190,83,0,0
21173,ON,1,0,0.00,70.00,23.00,-3.12,146,146,0.00,0,0.00,29.80,13.73,0.25,0.00,12.66,112,83,0,0
21281,ON,1,0,0.00,70.00,23.00,-3.12,146,146,0.00,0,0.00,29.80,13.73,0.25,0.00,12.66,112,83,0,0
21386,ON,1,0,0.00,70.00,23.00,-3.12,146,146,0.00,0,0.00,29.80,13.73,0.25,0.00,12.58,34,83,0,0
21491,ON,1,0,0.00,70.00,23.00,-3.12,146,146,0.00,0,0.00,29.80,13.73,0.25,0.00,12.58,34,83,0,0
21596,ON,1,0,0.00,70.00,23.00,-3.12,146,146,0.00,0,0.00,29.80,13.73,0.25,0.00,0.08,78,83,0,0
21701,ON,1,0,0.00,70.00,23.00,-3.12,146,146,0.00,0,0.00,29.80,13.73,0.25,0.00,0.00,0,83,0,0
21806,ON,1,0,0.00,70.00,23.00,-3.12,146,146,0.00,0,0.00,29.80,13.73,0.25,0.00,0.00,0,83,0,0
21914,ON,1,0,0.00,70.00,23.00,-3.12,146,146,0.00,0,0.00,29.80,13.73,0.25,0.00,0.00,0,83,0,0
22019,ON,1,0,0.00,70.00,23.00,-3.12,146,146,0.00,0,0.00,29.80,13.73,0.25,0.00,0.00,0,83,0,0
22124,ON,1,0,0.00,70.00,23.00,-3.12,146,146,0.00,0,0.00,29.80,13.73,0.25,0.00,0.00,0,83,0,0
22229,ON,1,0,0.00,70.00,23.00,-3.12,146,146,0.00,0,0.00,29.80,13.73,0.25,0.00,0.00,0,83,0,0
22334,ON,1,0,0.00,70.00,23.00,-3.12,146,146,0.00,0,0.00,29.80,13.73,0.25,0.00,0.00,0,83,0,0
22439,ON,1,0,0.00,70.00,23.00,-3.12,146,146,0.00,0,0.00,29.80,13.73,0.25,0.00,0.00,0,83,0,0
22547,ON,1,0,0.00,70.00,23.00,-3.12,146,146,0.00,0,0.00,29.80,13.73,0.25,0.00,0.00,0,83,0,0
22652,ON,1,0,0.00,70.00,23.00,-3.12,146,146,0.00,0,0.00,29.80,13.73,0.25,0.00,0.00,0,83,0,0
22757,ON,1,0,0.00,70.00,23.00,-3.12,146,146,0.00,0,0.00,29.80,13.73,0.25,0.00,0.00,0,83,0,0
22862,ON,1,0,0.00,70.00,23.00,-3.12,146,146,0.00,0,0.00,29.80,13.73,0.25,0.00,0.00,0,83,0,0
22967,ON,1,0,0.00,70.00,23.00,-3.12,146,146,0.00,0,0.00,29.80,13.73,0.25,0.00,0.00,0,83,0,0
23072,ON,1,0,0.00,70.00,23.00,-3.12,146,146,0.00,0,0.00,29.80,13.73,0.25,0.00,0.00,0,83,0,0
23180,ON,1,0,0.00,70.00,23.00,-3.12,146,146,0.00,0,0.00,29.80,13.73,0.25,0.00,0.00,0,83,0,0
23285,ON,1,0,0.00,70.00,23.00,-3.12,146,146,0.00,0,0.00,29.80,13.73,0.25,0.00,0.00,0,83,0,0
23390,ON,1,0,0.00,70.00,23.00,-3.12,146,146,0.00,0,0.00,29.80,13.73,0.25,0.00,0.00,0,83,0,0
23495,ON,1,0,0.00,70.00,23.00,-3.12,146,146,0.00,0,0.00,29.80,13.73,0.25,0.00,0.00,0,83,0,0
23600,ON,1,0,0.00,70.00,23.00,-3.12,146,146,0.00,0,0.00,29.80,13.73,0.25,0.00,0.00,0,83,0,0
23705,ON,1,0,0.00,70.00,23.00,-3.12,146,146,0.00,0,0.00,29.80,13.73,0.25,0.00,0.00,0,83,0,0
23813,ON,1,0,0.00,70.00,23.00,-3.12,146,146,0.00,0,0.00,29.80,13.73,0.25,0.00,0.00,0,83,0,0
23918,ON,1,0,0.00,70.00,23.00,-3.12,146,146,0.00,0,0.00,29.80,13.73,0.25,0.00,0.00,0,83,0,0
24023,ON,1,0,0.00,70.00,23.00,-3.12,146,146,0.00,0,0.00,29.80,13.73,0.25,0.00,0.00,0,83,0,0
24128,ON,1,0,0.00,70.00,23.00,-3.12,146,146,0.00,0,0.00,29.80,13.73,0.25,0.00,0.00,0,83,0,0
24233,ON,1,0,0.00,69.00,23.00,-3.12,146,146,0.00,0,0.00,29.80,13.73,0.25,0.00,0.00,0,83,0,0
24338,ON,1,0,0.00,69.00,23.00,-3.12,146,146,0.00,0,0.00,29.80,13.73,0.25,0.00,0.00,0,83,0,0
24446,ON,1,0,0.00,69.00,23.00,-3.12,146,146,0.00,0,0.00,29.80,13.73,0.25,0.00,0.00,0,83,0,0
24551,ON,1,0,0.00,68.00,23.00,-3.12,146,146,0.00,0,0.00,29.80,13.73,0.25,0.00,0.00,0,83,0,0
24656,ON,1,0,0.00,68.00,23.00,-3.12,146,146,0.00,0,0.00,29.80,13.73,0.25,0.00,0.00,0,83,0,0
24761,ON,1,0,0.00,68.00,23.00,-3.12,146,146,0.00,0,0.00,29.80,13.73,0.25,0.00,0.00,0,83,0,0
24866,ON,1,0,0.00,68.00,23.00,-3.12,146,146,0.00,0,0.00,29.80,13.73,0.25,0.00,0.00,0,83,0,0
24971,ON,1,0,0.00,68.00,23.00,-3.12,146,146,0.00,0,0.00,29.80,13.73,0.25,0.00,0.00,0,83,0,0
25079,ON,1,0,0.00,68.00,23.00,-3.12,146,146,0.00,0,0.00,29.80,13.73,0.25,0.00,0.00,0,83,0,0
25184,ON,1,0,0.00,67.00,23.00,-3.12,146,146,0.00,0,0.00,29.80,13.73,0.25,0.00,0.00,0,83,0,0
25289,ON,1,0,0.00,67.00,23.00,-3.12,146,146,0.00,0,0.00,29.80,13.73,0.25,0.00,0.00,0,83,0,0
25394,ON,1,0,0.00,66.00,23.00,-3.12,146,146,0.00,0,0.00,29.80,13.73,0.25,0.00,0.00,0,83,0,0
25499,ON,1,0,0.00,66.00,23.00,-3.12,146,146,0.00,0,0.00,29.80,13.73,0.25,0.00,0.00,0,83,0,0
25604,ON,1,0,0.00,66.00,23.00,-3.12,146,146,0.00,0,0.00,29.80,13.73,0.25,0.00,0.00,0,83,0,0
25712,ON,1,0,0.00,66.00,23.00,-3.12,146,146,0.00,0,0.00,29.80,13.73,0.25,0.00,0.00,0,83,0,0
25817,ON,1,0,0.00,66.00,23.00,-3.12,146,146,0.00,0,0.00,29.80,13.73,0.25,0.00,0.00,0,83,0,0
25922,ON,1,0,0.00,65.00,23.00,-3.12,146,146,0.00,0,0.00,29.80,13.73,0.25,0.00,0.00,0,83,0,0
26027,ON,1,0,0.00,65.00,23.00,-3.12,146,146,0.00,0,0.00,29.80,13.73,0.25,0.00,0.00,0,83,0,0
26132,ON,1,0,0.00,65.00,23.00,-3.12,146,146,0.00,0,0.00,29.80,13.73,0.25,0.00,0.00,0,83,0,0
26237,ON,1,0,0.00,65.00,23.00,-3.12,146,146,0.00,0,0.00,29.80,13.73,0.25,0.00,0.00,0,83,0,0
26345,ON,1,0,0.00,65.00,23.00,-3.12,146,146,0.00,0,0.00,29.80,13.73,0.25,0.00,0.00,0,83,0,0
26450,ON,1,0,0.00,65.00,23.00,-3.12,146,146,0.00,0,0.00,29.80,13.73,0.25,0.00,0.00,0,83,0,0
26555,ON,1,0,0.00,64.00,23.00,-3.12,146,146,0.00,0,0.00,29.80,13.73,0.25,0.00,0.00,0,83,0,0
26660,ON,1,0,0.00,63.00,23.00,-3.12,146,146,0.00,0,0.00,29.80,13.73,0.25,0.00,0.00,0,83,0,0
26765,ON,1,0,0.00,63.00,23.00,-3.12,146,146,0.00,0,0.00,29.80,13.73,0.25,0.00,0.00,0,83,0,0
26870,ON,1,0,0.00,63.00,23.00,-3.12,146,146,0.00,0,0.00,29.80,13.73,0.25,0.00,0.00,0,83,0,0
26978,ON,1,0,0.00,63.00,23.00,-3.12,146,146,0.00,0,0.00,29.80,13.73,0.25,0.00,0.00,0,83,0,0
27083,ON,1,0,0.00,63.00,23.00,-3.12,146,146,0.00,0,0.00,29.80,13.73,0.25,0.00,0.00,0,83,0,0
27188,ON,1,0,0.00,63.00,23.00,-3.12,146,146,0.00,0,0.00,29.80,13.73,0.25,0.00,0.00,0,83,0,0
27293,ON,1,0,0.00,63.00,23.00,-3.12,146,146,0.00,0,0.00,29.80,13.73,0.25,0.00,0.00,0,83,0,0
27398,ON,1,0,0.00,62.00,23.00,-3.12,146,146,0.00,0,0.00,29.80,13.73,0.25,0.00,0.00,0,83,0,0
27503,ON,1,0,0.00,62.00,23.00,-3.12,146,146,0.00,0,0.00,29.80,13.73,0.25,0.00,0.00,0,83,0,0
27611,ON,1,0,0.00,62.00,23.00,-3.12,146,146,0.00,0,0.00,29.80,13.73,0.25,0.00,0.00,0,83,0,0
27716,ON,1,0,0.00,62.00,23.00,-3.12,146,146,0.00,0,0.00,29.80,13.73,0.25,0.00,0.00,0,83,0,0
27821,ON,1,0,0.00,62.00,23.00,-3.12,146,146,0.00,0,0.00,29.80,13.73,0.25,0.00,0.00,0,83,0,0
27926,ON,1,0,0.00,62.00,23.00,-3.12,146,146,0.00,0,0.00,29.80,13.73,0.25,0.00,0.00,0,83,0,0
28031,ON,1,0,0.00,61.00,23.00,-3.12,146,146,0.00,0,0.00,29.80,13.73,0.25,0.00,0.00,0,83,0,0
28136,ON,1,0,0.00,61.00,23.00,-3.12,146,146,0.00,0,0.00,29.80,13.73,0.25,0.00,0.00,0,83,0,0
28244,ON,1,0,0.00,61.00,23.00,-3.12,146,146,0.00,0,0.00,29.80,13.73,0.25,0.00,0.00,0,83,0,0
28349,ON,1,0,0.00,61.00,23.00,-3.12,146,146,0.00,0,0.00,29.80,13.73,0.25,0.00,0.00,0,83,0,0
28453,ON,1,0,0.00,61.00,23.00,-3.12,146,146,0.00,0,0.00,29.80,13.73,0.25,0.00,0.00,0,83,0,0
28558,ON,1,0,0.00,61.00,23.00,-3.12,146,146,0.00,0,0.00,29.80,13.73,0.25,0.00,0.00,0,83,0,0
28663,ON,1,0,0.00,61.00,23.00,-3.12,146,146,0.00,0,0.00,29.80,13.73,0.25,0.00,0.00,0,83,0,0
28768,ON,1,0,0.00,61.00,23.00,-3.12,146,146,0.00,0,0.00,29.80,13.73,0.25,0.00,0.00,0,83,0,0
28876,ON,1,0,0.00,61.00,23.00,-3.12,146,146,0.00,0,0.00,29.80,13.73,0.25,0.00,0.00,0,83,0,0
28981,ON,1,0,0.00,61.00,23.00,-3.12,146,146,0.00,0,0.00,29.80,13.73,0.25,0.00,0.00,0,83,0,0
29086,ON,1,0,0.00,61.00,23.00,-3.12,146,146,0.00,0,0.00,29.80,13.73,0.25,0.00,0.00,0,83,0,0
29191,ON,1,0,0.00,61.00,23.00,-3.12,146,146,0.00,0,0.00,29.80,13.73,0.25,0.00,0.00,0,83,0,0
29296,ON,1,0,0.00,61.00,23.00,-3.12,146,146,0.00,0,0.00,29.80,13.73,0.25,0.00,0.00,0,83,0,0
29401,ON,1,0,0.00,61.00,23.00,-3.12,146,146,0.00,0,0.00,29.80,13.73,0.25,0.00,0.00,0,83,0,0
29509,ON,1,0,0.00,61.00,23.00,-3.12,146,146,0.00,0,0.00,29.80,13.73,0.25,0.00,0.00,0,83,0,0
29614,ON,1,0,0.00,61.00,23.00,-3.12,146,146,0.00,0,0.00,29.80,13.73,0.25,0.00,0.00,0,83,0,0
29719,ON,1,0,0.00,61.00,23.00,-3.12,146,146,0.00,0,0.00,29.80,13.73,0.25,0.00,0.00,0,83,0,0
29824,ON,1,0,0.00,61.00,23.00,-3.12,146,146,0.00,0,0.00,29.80,13.73,0.25,0.00,0.00,0,83,0,0
29929,ON,1,0,0.00,60.00,23.00,-3.12,146,146,0.00,0,0.00,29.80,13.73,0.25,0.00,0.00,0,83,0,0
30034,ON,1,0,0.00,60.00,23.00,-3.12,146,146,0.00,0,0.00,29.80,13.73,0.25,0.00,0.00,0,83,0,0
30142,ON,1,0,0.00,60.00,23.00,-3.12,146,146,0.00,0,0.00,29.80,13.73,0.25,0.00,0.00,0,83,0,0
30247,ON,1,0,0.00,60.00,23.00,-3.12,146,146,0.00,0,0.00,29.80,13.73,0.25,0.00,0.00,0,83,0,0
30352,ON,1,0,0.00,60.00,23.00,-3.12,146,146,0.00,0,0.00,29.80,13.73,0.25,0.00,0.00,0,83,0,0
30457,ON,1,0,0.00,60.00,23.00,-3.12,146,146,0.00,0,0.00,29.80,13.73,0.25,0.00,0.00,0,83,0,0
30562,ON,1,0,0.00,60.00,23.00,-3.12,146,146,0.00,0,0.00,29.80,13.73,0.25,0.00,0.00,0,83,0,0
30667,ON,1,0,0.00,60.00,23.00,-3.12,146,146,0.00,0,0.00,29.80,13.73,0.25,0.00,0.00,0,83,0,0
30775,ON,1,0,0.00,60.00,23.00,-3.12,146,146,0.00,0,0.00,29.80,13.73,0.25,0.00,0.00,0,83,0,0
30880,ON,1,0,0.00,60.00,23.00,-3.12,146,146,0.00,0,0.00,29.80,13.73,0.25,0.00,0.00,0,83,0,0
30985,ON,1,0,0.00,60.00,23.00,-3.12,146,146,0.00,0,0.00,29.80,13.73,0.25,0.00,0.00,0,83,0,0
31090,ON,1,0,0.00,60.00,23.00,-3.12,146,146,0.00,0,0.00,29.80,13.73,0.25,0.00,0.00,0,83,0,0
31195,ON,1,0,0.00,60.00,23.00,-3.12,146,146,0.00,0,0.00,29.80,13.73,0.25,0.00,0.00,0,83,0,0
31300,ON,1,0,0.00,60.00,23.00,-3.12,146,146,0.00,0,0.00,29.80,13.73,0.25,0.00,0.00,0,83,0,0
31408,ON,1,0,0.00,60.00,23.00,-3.12,146,146,0.00,0,0.00,29.80,13.73,0.25,0.00,0.00,0,83,0,0
31513,ON,1,0,0.00,60.00,23.00,-3.12,146,146,0.00,0,0.00,29.80,13.73,0.25,0.00,0.00,0,83,0,0
31618,ON,1,0,0.00,60.00,23.00,-3.12,146,146,0.00,0,0.00,29.80,13.73,0.25,0.00,0.00,0,83,0,0
31723,ON,1,0,0.00,60.00,23.00,-3.12,146,146,0.00,0,0.00,29.80,13.73,0.25,0.00,0.00,0,83,0,0
31828,ON,1,0,0.00,60.00,23.00,-3.12,146,146,0.00,0,0.00,29.80,13.73,0.25,0.00,0.00,0,83,0,0
31933,ON,1,0,0.00,60.00,23.00,-3.12,146,146,0.00,0,0.00,29.80,13.73,0.25,0.00,0.00,0,83,0,0
32041,ON,1,0,0.00,59.00,23.00,-3.12,146,146,0.00,0,0.00,29.80,13.73,0.25,0.00,0.00,0,83,0,0
32146,ON,1,0,0.00,60.00,23.00,-3.12,146,146,0.00,0,0.00,29.80,13.73,0.25,0.00,0.00,0,83,0,0
32251,ON,1,0,0.00,59.00,23.00,-3.12,146,146,0.00,0,0.00,29.80,13.73,0.25,0.00,0.00,0,83,0,0
32356,ON,1,0,0.00,59.00,23.00,-3.12,146,146,0.00,0,0.00,29.80,13.73,0.25,0.00,0.00,0,83,0,0
32461,ON,1,0,0.00,59.00,23.00,-3.12,146,146,0.00,0,0.00,29.80,13.73,0.25,0.00,0.00,0,83,0,0
32566,ON,1,0,0.00,59.00,23.00,-3.12,146,146,0.00,0,0.00,29.80,13.73,0.25,0.00,0.00,0,83,0,0
32674,ON,1,0,0.00,59.00,23.00,-3.12,146,146,0.00,0,0.00,29.80,13.73,0.25,0.00,0.00,0,83,0,0
32779,ON,1,0,0.00,59.00,23.00,-3.12,146,146,0.00,0,0.00,29.80,13.73,0.25,0.00,0.00,0,83,0,0
32884,ON,1,0,0.00,59.00,23.00,-3.12,146,146,0.00,0,0.00,29.80,13.73,0.25,0.00,0.00,0,83,0,0
32989,ON,1,0,0.00,59.00,23.00,-3.12,146,146,0.00,0,0.00,29.80,13.73,0.25,0.00,0.00,0,83,0,0
33094,ON,1,0,0.00,59.00,23.00,-3.12,146,146,0.00,0,0.00,29.80,13.73,0.25,0.00,0.00,0,83,0,0
33199,ON,1,0,0.00,59.00,23.00,-3.12,146,146,0.00,0,0.00,29.80,13.73,0.25,0.00,0.00,0,83,0,0
33307,ON,1,0,0.00,59.00,23.00,-3.12,146,146,0.00,0,0.00,29.80,13.73,0.25,0.00,0.00,0,83,0,0
33412,ON,1,0,0.00,59.00,23.00,-3.12,146,146,0.00,0,0.00,29.80,13.73,0.25,0.00,0.00,0,83,0,0
33517,ON,1,0,0.00,59.00,23.00,-3.12,146,146,0.00,0,0.00,29.80,13.73,0.25,0.00,0.00,0,83,0,0
33622,ON,1,0,0.00,59.00,23.00,-3.12,146,146,0.00,0,0.00,29.80,13.73,0.25,0.00,0.00,0,83,0,0
33727,ON,1,0,0.00,59.00,23.00,-3.12,146,146,0.00,0,0.00,29.80,13.73,0.25,0.00,0.00,0,83,0,0
33832,ON,1,0,0.00,59.00,23.00,-3.12,146,146,0.00,0,0.00,29.80,13.73,0.25,0.00,0.00,0,83,0,0
33940,ON,1,0,0.00,59.00,23.00,-3.12,146,146,0.00,0,0.00,29.80,13.73,0.25,0.00,0.00,0,83,0,0
34045,ON,1,0,0.00,59.00,23.00,-3.12,146,146,0.00,0,0.00,29.80,13.73,0.25,0.00,0.00,0,83,0,0
34150,ON,1,0,0.00,59.00,23.00,-3.12,146,146,0.00,0,0.00,29.80,13.73,0.25,0.00,0.00,0,83,0,0
34255,ON,1,0,0.00,59.00,23.00,-3.12,146,146,0.00,0,0.00,29.80,13.73,0.25,0.00,0.00,0,83,0,0
34360,ON,1,0,0.00,59.00,23.00,-3.12,146,146,0.00,0,0.00,29.80,13.73,0.25,0.00,0.00,0,83,0,0
34465,ON,1,0,0.00,59.00,23.00,-3.12,146,146,0.00,0,0.00,29.80,13.73,0.25,0.00,0.00,0,83,0,0
34573,ON,1,0,0.00,59.00,23.00,-3.12,146,146,0.00,0,0.00,29.80,13.73,0.25,0.00,0.00,0,83,0,0
34678,ON,1,0,0.00,59.00,23.00,-3.12,146,146,0.00,0,0.00,29.80,13.73,0.25,0.00,0.00,0,83,0,0
34783,ON,1,0,0.00,59.00,23.00,-3.12,146,146,0.00,0,0.00,29.80,13.73,0.25,0.00,0.00,0,83,0,0
34888,ON,1,0,0.00,59.00,23.00,-3.12,146,146,0.00,0,0.00,29.80,13.73,0.25,0.00,0.00,0,83,0,0
34993,ON,1,0,0.00,59.00,23.00,-3.12,146,146,0.00,0,0.00,29.80,13.73,0.25,0.00,0.00,0,83,0,0
35098,ON,1,0,0.00,59.00,23.00,-3.12,146,146,0.00,0,0.00,29.80,13.73,0.25,0.00,0.00,0,83,0,0
35206,ON,1,0,0.00,59.00,23.00,-3.12,146,146,0.00,0,0.00,29.80,13.73,0.25,0.00,0.00,0,83,0,0
35311,ON,1,0,0.00,59.00,23.00,-3.12,146,146,0.00,0,0.00,29.80,13.73,0.25,0.00,0.00,0,83,0,0
35416,ON,1,0,0.00,59.00,23.00,-3.12,146,146,0.00,0,0.00,29.80,13.73,0.25,0.00,0.00,0,83,0,0
35521,ON,1,0,0.00,59.00,23.00,-3.12,146,146,0.00,0,0.00,29.80,13.73,0.25,0.00,0.00,0,83,0,0
35626,ON,1,0,0.00,59.00,23.00,-3.12,146,146,0.00,0,0.00,29.80,13.73,0.25,0.00,0.00,0,83,0,0
35731,ON,1,0,0.00,59.00,23.00,-3.12,146,146,0.00,0,0.00,29.80,13.73,0.25,0.00,0.00,0,83,0,0
35839,ON,1,0,0.00,59.00,23.00,-3.12,146,146,0.00,0,0.00,29.80,13.73,0.25,0.00,0.00,0,83,0,0
35944,ON,1,0,0.00,59.00,23.00,-3.12,146,146,0.00,0,0.00,29.80,13.73,0.25,0.00,0.00,0,83,0,0
36049,ON,1,0,0.00,59.00,23.00,-3.12,146,146,0.00,0,0.00,29.80,13.73,0.25,0.00,0.00,0,83,0,0
36154,ON,1,0,0.00,59.00,23.00,-3.12,146,146,0.00,0,0.00,29.80,13.73,0.25,0.00,0.00,0,83,0,0
36259,ON,1,0,0.00,59.00,23.00,-3.12,146,146,0.00,0,0.00,29.80,13.73,0.25,0.00,0.00,0,83,0,0
36364,ON,1,0,0.00,59.00,23.00,-3.12,146,146,0.00,0,0.00,29.80,13.73,0.25,0.00,0.00,0,83,0,0
36472,ON,1,0,0.00,59.00,23.00,-3.12,146,146,0.00,0,0.00,29.80,13.73,0.25,0.00,0.00,0,83,0,0
36577,ON,1,0,0.00,59.00,23.00,-3.12,146,146,0.00,0,0.00,29.80,13.73,0.25,0.00,0.00,0,83,0,0
36682,ON,1,0,0.00,59.00,23.00,-3.12,146,146,0.00,0,0.00,29.80,13.73,0.25,0.00,0.00,0,83,0,0
36787,ON,1,0,0.00,59.00,23.00,-3.12,146,146,0.00,0,0.00,29.80,13.73,0.25,0.00,0.00,0,83,0,0
36892,ON,1,0,0.00,59.00,23.00,-3.12,146,146,0.00,0,0.00,29.80,13.73,0.25,0.00,0.00,0,83,0,0
36997,ON,1,0,0.00,59.00,23.00,-3.12,146,146,0.00,0,0.00,29.80,13.73,0.25,0.00,0.00,0,83,0,0
37105,ON,1,0,0.00,59.00,23.00,-3.12,146,146,0.00,0,0.00,29.80,13.73,0.25,0.00,0.00,0,83,0,0
37210,ON,1,0,0.00,59.00,23.00,-3.12,146,146,0.00,0,0.00,29.80,13.73,0.25,0.00,0.00,0,83,0,0
37315,ON,1,0,0.00,59.00,23.00,-3.12,146,146,0.00,0,0.00,29.80,13.73,0.25,0.00,0.00,0,83,0,0
37420,ON,1,0,0.00,59.00,23.00,-3.12,146,146,0.00,0,0.00,29.80,13.73,0.25,0.00,0.00,0,83,0,0
37525,ON,1,0,0.00,59.00,23.00,-3.12,146,146,0.00,0,0.00,29.80,13.73,0.25,0.00,0.00,0,83,0,0
37630,ON,1,0,0.00,59.00,23.00,-3.12,146,146,0.00,0,0.00,29.80,13.73,0.25,0.00,0.00,0,83,0,0
37738,ON,1,0,0.00,59.00,23.00,-3.12,146,146,0.00,0,0.00,29.80,13.73,0.25,0.00,0.00,0,83,0,0
37844,ON,1,0,0.00,59.00,23.00,-3.12,146,146,0.00,0,0.00,29.80,13.73,0.25,0.00,0.00,0,83,0,0
37949,ON,1,0,0.00,59.00,23.00,-3.12,146,146,0.00,0,0.00,29.80,13.73,0.25,0.00,0.00,0,83,0,0
38054,ON,1,0,0.00,59.00,23.00,-3.12,146,146,0.00,0,0.00,29.80,13.73,0.25,0.00,0.00,0,83,0,0
38159,ON,1,0,0.00,59.00,23.00,-3.12,146,146,0.00,0,0.00,29.80,13.73,0.25,0.00,0.00,0,83,0,0
38267,ON,1,0,0.00,59.00,23.00,-3.12,146,146,0.00,0,0.00,29.80,13.73,0.25,0.00,0.00,0,83,0,0
38372,ON,1,0,0.00,59.00,23.00,-3.12,146,146,0.00,0,0.00,29.80,13.73,0.25,0.00,0.00,0,83,0,0
38477,ON,1,0,0.00,59.00,23.00,-3.12,146,146,0.00,0,0.00,29.80,13.73,0.25,0.00,0.00,0,83,0,0
38582,ON,1,0,0.00,59.00,23.00,-3.12,146,146,0.00,0,0.00,29.80,13.73,0.25,0.00,0.00,0,83,0,0
38687,ON,1,0,0.00,59.00,23.00,-3.12,146,146,0.00,0,0.00,29.80,13.73,0.25,0.00,0.00,0,83,0,0
38792,ON,1,0,0.00,59.00,23.00,-3.12,146,146,0.00,0,0.00,29.80,13.73,0.25,0.00,0.00,0,83,0,0
