1137,OFF,0,0,0.00,-40.00,-40.00,-100.00,0,0,0.00,0,-64.00,0.00,0.00,0.00,-100.00,0.00,0,0,0,0
1254,OFF,0,0,0.00,-40.00,-40.00,-100.00,0,0,0.00,0,-64.00,0.00,0.00,0.00,-100.00,0.00,0,0,0,0
1359,OFF,0,0,0.00,-40.00,-40.00,-100.00,0,0,0.00,0,-64.00,0.00,0.00,0.00,-100.00,0.00,0,0,0,0
1464,OFF,0,0,0.00,-40.00,-40.00,-100.00,0,0,0.00,0,-64.00,0.00,0.00,0.00,-100.00,0.00,0,0,0,0
1569,OFF,0,0,0.00,-40.00,-40.00,-100.00,0,0,0.00,0,-64.00,0.00,0.00,0.00,-100.00,0.00,0,0,0,0
1674,OFF,0,0,0.00,-40.00,-40.00,-100.00,0,0,0.00,0,-64.00,0.00,0.00,0.00,-100.00,0.00,0,0,0,0
1782,OFF,0,0,0.00,-40.00,-40.00,-100.00,0,0,0.00,0,-64.00,0.00,0.00,0.00,-100.00,0.00,0,0,0,0
1887,OFF,0,0,0.00,-40.00,-40.00,-100.00,0,0,0.00,0,-64.00,0.00,0.00,0.00,-100.00,0.00,0,0,0,0
1992,OFF,0,0,0.00,-40.00,-40.00,-100.00,0,0,0.00,0,-64.00,0.00,0.00,0.00,-100.00,0.00,0,0,0,0
2097,OFF,0,0,0.00,-40.00,-40.00,-100.00,0,0,0.00,0,-64.00,0.00,0.00,0.00,-100.00,0.00,0,0,0,0
2202,OFF,0,0,0.00,-40.00,-40.00,-100.00,0,0,0.00,0,-64.00,0.00,0.00,0.00,-100.00,0.00,0,0,0,0
2307,OFF,0,0,0.00,-40.00,-40.00,-100.00,0,0,0.00,0,-64.00,0.00,0.00,0.00,-100.00,0.00,0,0,0,0
2415,OFF,0,0,0.00,-40.00,-40.00,-100.00,0,0,0.00,0,-64.00,0.00,0.00,0.00,-100.00,0.00,0,0,0,0
2520,OFF,0,0,0.00,-40.00,-40.00,-100.00,0,0,0.00,0,-64.00,0.00,0.00,0.00,-100.00,0.00,0,0,0,0
2625,OFF,0,0,0.00,-40.00,-40.00,-100.00,0,0,0.00,0,-64.00,0.00,0.00,0.00,-100.00,0.00,0,0,0,0
2730,OFF,0,0,0.00,-40.00,-40.00,-100.00,0,0,0.00,0,-64.00,0.00,0.00,0.00,-100.00,0.00,0,0,0,0
2835,OFF,0,0,0.00,-40.00,-40.00,-100.00,0,0,0.00,0,-64.00,0.00,0.00,0.00,-100.00,0.00,0,0,0,0
2940,OFF,0,0,0.00,-40.00,-40.00,-100.00,0,0,0.00,0,-64.00,0.00,0.00,0.00,-100.00,0.00,0,0,0,0
3048,OFF,0,0,0.00,-40.00,-40.00,-100.00,0,0,0.00,0,-64.00,0.00,0.00,0.00,-100.00,0.00,0,0,0,0
3153,OFF,0,0,0.00,-40.00,-40.00,-100.00,0,0,0.00,0,-64.00,0.00,0.00,0.00,-100.00,0.00,0,0,0,0
3258,OFF,0,0,0.00,-40.00,-40.00,-100.00,0,0,0.00,0,-64.00,0.00,0.00,0.00,-100.00,0.00,0,0,0,0
3363,OFF,0,0,0.00,-40.00,-40.00,-100.00,0,0,0.00,0,-64.00,0.00,0.00,0.00,-100.00,0.00,0,0,0,0
3473,OFF,0,0,0.00,-40.00,-40.00,-100.00,0,0,0.00,0,-64.00,0.00,0.00,0.00,-100.00,0.00,0,0,0,0
3578,OFF,0,0,0.00,-40.00,-40.00,-100.00,0,0,0.00,0,-64.00,0.00,0.00,0.00,-100.00,0.00,0,0,0,0
3686,OFF,0,0,0.00,-40.00,-40.00,-100.00,0,0,0.00,0,-64.00,0.00,0.00,0.00,-100.00,0.00,0,0,0,0
3791,OFF,0,0,0.00,-40.00,-40.00,-100.00,0,0,0.00,0,-64.00,0.00,0.00,0.00,-100.00,0.00,0,0,0,0
3896,OFF,0,0,0.00,-40.00,-40.00,-100.00,0,0,0.00,0,-64.00,0.00,0.00,0.00,-100.00,0.00,0,0,0,0
4001,OFF,0,0,0.00,-40.00,-40.00,-100.00,0,0,0.00,0,-64.00,0.00,0.00,0.00,-100.00,0.00,0,0,0,0
4106,OFF,0,0,0.00,-40.00,-40.00,-100.00,0,0,0.00,0,-64.00,0.00,0.00,0.00,-100.00,0.00,0,0,0,0
4211,OFF,0,0,0.00,-40.00,-40.00,-100.00,0,0,0.00,0,-64.00,0.00,0.00,0.00,-100.00,0.00,0,0,0,0
4319,OFF,0,0,0.00,-40.00,-40.00,-100.00,0,0,0.00,0,-64.00,0.00,0.00,0.00,-100.00,0.00,0,0,0,0
4424,OFF,0,0,0.00,-40.00,-40.00,-100.00,0,0,0.00,0,-64.00,0.00,0.00,0.00,-100.00,0.00,0,0,0,0
4529,OFF,0,0,0.00,-40.00,-40.00,-100.00,0,0,0.00,0,-64.00,0.00,0.00,0.00,-100.00,0.00,0,0,0,0
4634,ON,1,0,0.00,27.00,23.00,-3.12,146,0,0.00,0,0.00,29.41,0.00,0.25,0.00,0.00,0,0,0,0
4739,ON,1,0,0.00,27.00,23.00,-3.12,146,146,0.00,0,0.00,29.02,13.33,0.25,0.00,12.58,34,96,0,0
4844,ON,1,0,0.00,27.00,23.00,-3.12,146,146,0.00,0,0.00,29.41,13.33,0.25,0.00,12.58,34,96,0,0
4952,ON,1,0,0.00,27.00,23.00,-3.12,146,146,0.00,0,0.00,29.02,13.33,0.25,0.00,12.58,34,96,0,0
5057,ON,1,0,0.00,27.00,23.00,-3.12,146,146,0.00,0,0.00,29.02,13.33,0.25,0.00,12.58,34,96,0,0
5162,ON,1,0,0.00,28.00,23.00,-3.12,146,146,0.00,0,0.00,29.02,13.33,0.25,0.00,12.58,34,96,0,0
5267,ON,1,0,0.00,27.00,23.00,-3.12,146,146,0.00,0,0.00,29.41,13.33,0.25,0.00,12.58,34,96,0,0
5372,ON,1,0,0.00,28.00,23.00,-3.12,146,146,0.00,0,0.00,29.02,13.33,0.25,0.00,12.58,34,96,0,0
5477,ON,1,0,0.00,28.00,23.00,-3.12,146,146,0.00,0,0.00,29.02,13.33,0.25,0.00,12.58,34,96,0,0
5585,ON,1,0,0.00,28.00,23.00,-3.12,146,146,0.00,0,0.00,29.02,13.33,0.25,0.00,12.58,34,96,0,0
5690,ON,1,0,0.00,27.00,23.00,-3.12,146,146,0.00,0,0.00,29.02,13.33,0.25,0.00,12.58,34,96,0,0
5795,ON,1,0,0.00,28.00,23.00,-3.12,146,146,0.00,0,0.00,29.02,13.33,0.25,0.00,12.58,34,96,0,0
5900,ON,1,0,0.00,28.00,24.00,-3.12,146,146,0.00,0,0.00,28.63,12.94,0.25,0.00,11.48,220,96,0,0
6005,ON,1,0,0.00,28.00,24.00,-3.12,146,146,0.00,0,0.00,29.02,12.94,0.25,0.00,11.72,198,96,0,0
6110,ON,1,0,0.00,28.00,24.00,-3.12,146,146,0.00,0,0.00,28.63,12.94,0.25,0.00,11.17,163,96,0,0
6218,ON,1,0,0.00,28.00,24.00,-3.12,146,146,0.00,0,0.00,28.63,12.94,0.25,0.00,11.09,85,96,0,0
6323,ON,1,0,0.00,28.00,24.00,-3.12,146,146,0.00,0,0.00,28.63,12.94,0.25,0.00,11.09,85,96,0,0
6428,ON,1,0,0.00,28.00,23.00,-3.12,146,146,0.00,0,0.00,28.63,12.94,0.25,0.00,11.09,85,96,0,0
6533,ON,1,0,0.00,28.00,24.00,-3.12,146,146,0.00,0,0.00,28.63,12.94,0.25,0.00,11.09,85,96,0,0
6638,ON,1,0,0.00,28.00,24.00,-3.12,146,146,0.00,0,0.00,28.63,12.94,0.25,0.00,11.09,85,96,0,0
6743,ON,1,0,0.00,28.00,24.00,-3.12,146,146,0.00,0,0.00,28.63,12.94,0.25,0.00,11.09,85,96,0,0
6851,ON,1,0,0.00,28.00,24.00,-3.12,146,146,0.00,0,0.00,28.63,12.94,0.25,0.00,11.09,85,96,0,0
6956,ON,1,0,0.00,28.00,24.00,-3.12,146,146,0.00,0,0.00,28.63,12.94,0.25,0.00,11.02,7,96,0,0
7061,ON,1,0,0.00,28.00,24.00,-3.12,146,146,0.00,0,0.00,28.63,12.94,0.25,0.00,11.02,7,96,0,0
7166,ON,1,0,0.00,28.00,24.00,-3.12,146,146,0.00,0,0.00,28.63,12.94,0.25,0.00,11.02,7,96,0,0
7271,ON,1,0,0.00,28.00,24.00,-3.12,146,146,0.00,0,0.00,28.63,12.94,0.25,0.00,11.02,7,96,0,0
7376,ON,1,0,0.00,28.00,24.00,-3.12,146,146,0.00,0,0.00,28.63,12.94,0.25,0.00,11.02,7,96,0,0
7484,ON,1,0,0.00,28.00,24.00,-3.12,146,146,0.00,0,0.00,28.63,12.94,0.25,0.00,11.02,7,96,0,0
7589,ON,1,0,0.00,28.00,24.00,-3.12,146,146,0.00,0,0.00,28.63,12.94,0.25,0.00,11.02,7,96,0,0
7694,ON,1,0,0.00,28.00,24.00,-3.12,146,146,0.00,0,0.00,28.63,12.94,0.25,0.00,11.02,7,96,0,0
7799,ON,1,0,0.00,28.00,23.00,-3.12,146,146,0.00,0,0.00,29.02,13.33,0.25,0.00,0.94,169,96,0,0
7904,ON,1,0,0.00,28.00,23.00,-3.12,146,146,0.00,0,0.00,29.02,13.33,0.25,0.00,0.00,0,96,0,0
8009,ON,1,0,0.00,28.00,23.00,-3.12,146,146,0.00,0,0.00,29.02,13.33,0.25,0.00,0.00,0,96,0,0
8117,ON,1,0,0.00,28.00,23.00,-3.12,146,146,0.00,0,0.00,29.02,13.33,0.25,0.00,0.00,0,96,0,0
8222,ON,1,0,0.00,28.00,23.00,-3.12,146,146,0.00,0,0.00,29.02,13.33,0.25,0.00,0.00,0,96,0,0
8327,ON,1,0,0.00,28.00,23.00,-3.12,146,146,0.00,0,0.00,29.02,13.33,0.25,0.00,0.00,0,96,0,0
8432,ON,1,0,0.00,28.00,23.00,-3.12,146,146,0.00,0,0.00,29.02,13.33,0.25,0.00,0.00,0,96,0,0
8537,ON,1,0,0.00,28.00,23.00,-3.12,146,146,0.00,0,0.00,29.02,13.33,0.25,0.00,0.00,0,96,0,0
8642,ON,1,0,0.00,28.00,23.00,-3.12,146,146,0.00,0,0.00,29.02,13.33,0.25,0.00,0.00,0,96,0,0
8750,ON,1,0,0.00,28.00,23.00,-3.12,146,146,0.00,0,0.00,29.02,13.33,0.25,0.00,0.00,0,96,0,0
8855,ON,1,0,0.00,28.00,23.00,-3.12,146,146,0.00,0,0.00,29.02,13.33,0.25,0.00,0.00,0,96,0,0
8960,ON,1,0,0.00,28.00,23.00,-3.12,146,146,0.00,0,0.00,29.02,13.33,0.25,0.00,0.00,0,96,0,0
9065,ON,1,0,0.00,28.00,23.00,-3.12,146,146,0.00,0,0.00,29.02,13.33,0.25,0.00,0.00,0,96,0,0
9170,ON,1,0,0.00,28.00,23.00,-3.12,146,146,0.00,0,0.00,29.02,13.33,0.25,0.00,0.00,0,96,0,0
9275,ON,1,0,0.00,28.00,23.00,-3.12,146,146,0.00,0,0.00,29.02,13.33,0.25,0.00,0.00,0,96,0,0
9383,ON,1,0,0.00,28.00,23.00,-3.12,146,146,0.00,0,0.00,29.02,13.33,0.25,0.00,0.00,0,96,0,0
9488,ON,1,0,0.00,28.00,23.00,-3.12,146,146,0.00,0,0.00,29.02,13.33,0.25,0.00,0.00,0,96,0,0
9593,ON,1,0,0.00,28.00,23.00,-3.12,146,146,0.00,0,0.00,29.02,13.33,0.25,0.00,0.00,0,96,0,0
9698,ON,1,0,0.00,28.00,23.00,-3.12,146,146,0.00,0,0.00,29.02,13.33,0.25,0.00,0.00,0,96,0,0
9803,ON,1,0,0.00,28.00,23.00,-3.12,146,146,0.00,0,0.00,29.02,13.33,0.25,0.00,0.00,0,96,0,0
9908,ON,1,0,0.00,28.00,23.00,-3.12,146,146,0.00,0,0.00,29.02,13.33,0.25,0.00,0.00,0,96,0,0
10016,ON,1,0,0.00,28.00,23.00,-3.12,146,146,0.00,0,0.00,29.02,13.33,0.25,0.00,0.00,0,96,0,0
10121,ON,1,0,0.00,28.00,23.00,-3.12,146,146,0.00,0,0.00,29.02,13.33,0.25,0.00,0.00,0,96,0,0
10226,ON,1,0,0.00,28.00,23.00,-3.12,146,146,0.00,0,0.00,29.02,13.33,0.25,0.00,0.00,0,96,0,0
10331,ON,1,0,0.00,28.00,23.00,-3.12,146,146,0.00,0,0.00,29.02,13.33,0.25,0.00,0.00,0,96,0,0
10435,ON,1,0,0.00,28.00,23.00,-3.12,146,146,0.00,0,0.00,29.02,13.33,0.25,0.00,0.00,0,96,0,0
10540,ON,1,0,0.00,28.00,23.00,-3.12,146,146,0.00,0,0.00,29.02,13.33,0.25,0.00,0.00,0,96,0,0
10648,ON,1,0,0.00,28.00,23.00,-3.12,146,146,0.00,0,0.00,29.02,13.33,0.25,0.00,0.00,0,96,0,0
10753,ON,1,0,0.00,28.00,23.00,-3.12,146,146,0.00,0,0.00,29.02,13.33,0.25,0.00,0.00,0,96,0,0
10858,ON,1,0,0.00,28.00,23.00,-3.12,146,146,0.00,0,0.00,29.02,13.33,0.25,0.00,0.00,0,96,0,0
10963,ON,1,0,0.00,28.00,23.00,-3.12,146,146,0.00,0,0.00,29.02,13.33,0.25,0.00,0.00,0,96,0,0
11068,ON,1,0,0.00,28.00,23.00,-3.12,146,146,0.00,0,0.00,29.02,13.33,0.25,0.00,0.00,0,96,0,0
11173,ON,1,0,0.00,28.00,23.00,-3.12,146,146,0.00,0,0.00,29.02,13.33,0.25,0.00,0.00,0,96,0,0
11281,ON,1,0,0.00,28.00,23.00,-3.12,146,146,0.00,0,0.00,29.02,13.33,0.25,0.00,0.00,0,96,0,0
11386,ON,1,0,0.00,28.00,23.00,-3.12,146,146,0.00,0,0.00,29.41,13.33,0.25,0.00,0.00,0,96,0,0
11491,ON,1,0,0.00,28.00,23.00,-3.12,146,146,0.00,0,0.00,29.02,12.94,0.25,0.00,8.98,24,96,0,0
11596,ON,1,0,0.00,28.00,23.00,-3.12,146,146,0.00,0,0.00,29.02,12.94,0.25,0.00,9.22,2,96,0,0
11701,ON,1,0,0.00,28.00,23.00,-3.12,146,146,209.75,0,0.00,29.02,12.94,0.25,0.00,9.69,215,96,0,0
11806,ON,1,0,0.00,28.00,24.00,-3.12,146,146,227.25,0,0.00,28.63,12.55,0.25,0.00,9.53,59,96,0,0
11914,ON,1,0,0.00,28.00,23.00,-3.12,146,146,235.75,0,0.00,29.02,12.94,0.25,0.00,9.69,215,96,0,0
12019,ON,1,8,76.08,28.00,23.00,-3.12,146,146,270.25,0,0.00,29.02,12.94,0.25,0.00,9.45,237,96,0,0
12124,ON,1,8,51.37,28.00,24.00,-3.12,146,146,2665.50,0,10.00,29.02,12.94,0.25,0.00,10.16,172,96,0,0
12229,ON,1,8,41.57,28.00,24.00,-3.12,146,146,3143.75,0,13.00,28.63,12.55,0.25,0.00,10.62,129,96,0,0
12334,ON,1,8,42.35,28.00,24.00,-3.12,146,146,2853.75,0,10.00,28.63,12.55,0.25,0.00,12.34,55,96,0,0
12439,ON,1,8,45.49,28.00,24.00,-3.12,146,146,2514.25,0,9.00,28.24,12.55,0.25,0.00,12.19,155,96,0,0
12547,ON,1,8,55.29,28.00,24.00,-3.12,146,146,2175.00,0,9.00,28.63,12.55,0.25,0.00,12.27,233,96,0,0
12652,ON,1,8,58.82,28.00,24.00,-3.12,146,146,1773.25,0,9.00,28.63,12.55,0.25,0.00,12.11,77,96,0,0
12757,ON,1,8,53.73,28.00,24.00,-3.12,146,146,2186.50,0,9.00,28.63,12.55,0.25,0.00,12.42,133,96,0,0
12862,ON,1,8,48.24,28.00,24.00,-3.12,146,146,2298.75,0,9.00,28.63,12.55,0.25,0.00,12.27,233,96,0,0
12967,ON,1,8,56.86,28.00,24.00,-3.12,146,146,2047.50,0,9.00,28.63,12.55,0.25,0.00,12.34,55,96,0,0
13072,ON,1,8,53.33,28.00,24.00,-3.12,146,146,2133.75,0,9.00,28.63,12.55,0.25,0.00,12.42,133,96,0,0
13180,ON,1,8,48.24,28.00,24.00,-3.12,146,146,2367.75,0,9.00,28.63,12.55,0.25,0.00,12.34,55,96,0,0
13285,ON,1,8,49.80,28.00,24.00,-3.12,146,146,2152.25,0,9.00,28.63,12.55,0.25,0.00,12.27,233,96,0,0
13390,ON,1,8,56.08,28.00,24.00,-3.12,146,146,1953.75,0,9.00,28.63,12.55,0.25,0.00,12.34,55,96,0,0
13495,ON,1,8,51.37,28.00,24.00,-3.12,146,146,2200.25,0,9.00,28.63,12.55,0.25,0.00,12.50,212,96,0,0
13600,ON,1,8,50.20,28.00,24.00,-3.12,146,146,2217.75,0,9.00,28.63,12.55,0.25,0.00,12.34,55,96,0,0
13705,ON,1,8,53.33,28.00,24.00,-3.12,146,146,2001.75,0,9.00,28.24,12.55,0.25,0.00,12.50,212,96,0,0
13813,ON,1,8,53.33,28.00,24.00,-3.12,146,146,1872.25,0,9.00,28.63,12.55,0.25,0.00,12.34,55,96,0,0
13918,ON,1,8,50.98,28.00,24.00,-3.12,146,146,2220.50,0,9.00,28.63,12.55,0.25,0.00,12.42,133,96,0,0
14023,ON,1,8,50.98,28.00,24.00,-3.12,146,146,2134.75,0,9.00,28.63,12.55,0.25,0.00,12.42,133,96,0,0
14128,ON,1,8,52.55,28.00,24.00,-3.12,146,146,1985.00,0,9.00,28.63,12.55,0.25,0.00,12.42,133,96,0,0
14233,ON,1,8,57.65,28.00,24.00,-3.12,146,146,1778.50,0,9.00,28.63,12.55,0.25,0.00,12.58,34,96,0,0
14338,ON,1,8,53.33,28.00,24.00,-3.12,146,146,1930.00,0,9.00,28.63,12.55,0.25,0.00,12.50,212,96,0,0
14446,ON,1,8,54.51,28.00,24.00,-3.12,146,146,1961.50,0,9.00,28.63,12.55,0.25,0.00,12.42,133,96,0,0
14551,ON,1,8,54.12,28.00,24.00,-3.12,146,146,1971.25,0,9.00,28.63,12.55,0.25,0.00,12.42,133,96,0,0
14656,ON,1,8,55.29,28.00,24.00,-3.12,146,146,1930.00,0,9.00,28.63,12.55,0.25,0.00,12.42,133,96,0,0
14761,ON,1,8,53.73,28.00,24.00,-3.12,146,146,1973.75,0,9.00,28.63,12.55,0.25,0.00,12.50,212,96,0,0
14866,ON,1,8,55.69,28.00,24.00,-3.12,146,146,1863.25,0,9.00,28.63,12.55,0.25,0.00,12.58,34,96,0,0
14971,ON,1,8,60.39,28.00,24.00,-3.12,146,146,1639.25,0,9.00,28.63,12.55,0.25,0.00,12.42,133,96,0,0
15079,ON,1,8,62.35,28.00,24.00,-3.12,146,146,1555.25,0,9.00,28.63,12.55,0.25,0.00,12.42,133,96,0,0
15184,ON,1,8,52.55,28.00,24.00,-3.12,146,146,1879.25,0,9.00,28.24,12.55,0.25,0.00,12.11,77,96,0,0
15289,ON,1,8,56.86,28.00,24.00,-3.12,146,146,1800.25,0,9.00,27.84,12.16,0.25,0.00,12.11,77,96,0,0
15394,ON,1,8,58.04,28.00,25.00,-3.12,146,146,1708.75,0,9.00,28.24,12.55,0.25,0.00,12.27,233,96,0,0
15499,ON,1,8,58.04,28.00,24.00,-3.12,146,146,1764.75,0,9.00,28.24,12.55,0.25,0.00,12.27,233,96,0,0
15604,ON,1,8,54.90,28.00,24.00,-3.12,146,146,1911.25,0,9.00,28.24,12.55,0.25,0.00,12.11,77,96,0,0
15712,ON,1,8,56.08,28.00,24.00,-3.12,146,146,1848.00,0,9.00,28.24,12.16,0.25,0.00,12.11,77,96,0,0
15817,ON,1,8,54.90,28.00,24.00,-3.12,146,146,1945.25,0,9.00,28.63,12.55,0.25,0.00,12.34,55,96,0,0
15922,ON,1,8,53.33,28.00,24.00,-3.12,146,146,1989.75,0,9.00,28.63,12.55,0.25,0.00,12.11,77,96,0,0
16027,ON,1,8,56.08,28.00,24.00,-3.12,146,146,1791.25,0,9.00,28.24,12.55,0.25,0.00,12.34,55,96,0,0
16132,ON,1,8,61.18,28.00,24.00,-3.12,146,146,1628.00,0,9.00,28.63,12.55,0.25,0.00,11.95,177,96,0,0
16237,ON,1,8,59.22,28.00,24.00,-3.12,146,146,1608.75,0,9.00,28.63,12.55,0.25,0.00,11.95,177,96,0,0
16345,ON,1,8,58.82,28.00,25.00,-3.12,146,146,1679.25,0,9.00,28.24,12.55,0.25,0.00,12.27,233,96,0,0
16450,ON,1,8,58.43,28.00,24.00,-3.12,146,146,1725.00,0,9.00,28.63,12.55,0.25,0.00,12.03,255,96,0,0
16555,ON,1,8,61.18,28.00,25.00,-3.12,146,146,1635.75,0,9.00,28.24,12.55,0.25,0.00,12.11,77,96,0,0
16660,ON,1,8,58.43,28.00,25.00,-3.12,146,146,1770.25,0,9.00,28.63,12.16,0.25,0.00,12.03,255,96,0,0
16765,ON,1,8,55.69,28.00,24.00,-3.12,146,146,1930.00,0,9.00,28.63,12.55,0.25,0.00,12.19,155,96,0,0
16870,ON,1,8,55.29,28.00,24.00,-3.12,146,146,1844.00,0,9.00,28.24,12.16,0.25,0.00,12.27,233,96,0,0
16978,ON,1,8,62.35,28.00,24.00,-3.12,146,146,1628.75,0,9.00,28.63,12.55,0.25,0.00,11.95,177,96,0,0
17083,ON,1,8,61.96,28.00,24.00,-3.12,146,146,1528.50,0,9.00,28.63,12.55,0.25,0.00,11.88,99,96,0,0
17188,ON,1,8,59.22,28.00,25.00,-3.12,146,146,1743.25,0,9.00,28.63,12.55,0.25,0.00,12.19,155,96,0,0
17293,ON,1,8,56.08,28.00,25.00,-3.12,146,146,1903.50,0,9.00,28.24,12.55,0.25,0.00,12.27,233,96,0,0
17398,ON,1,8,58.04,28.00,24.00,-3.12,146,146,1836.50,0,9.00,28.63,12.16,0.25,0.00,12.27,233,96,0,0
17503,ON,1,8,59.22,28.00,25.00,-3.12,146,146,1569.00,0,9.00,28.63,12.55,0.25,0.00,12.27,233,96,0,0
17611,ON,1,8,60.00,28.00,24.00,-3.12,146,146,1683.50,0,9.00,28.63,12.55,0.25,0.00,12.11,77,96,0,0
17716,ON,1,8,56.86,28.00,24.00,-3.12,146,146,1797.50,0,9.00,28.24,12.55,0.25,0.00,12.11,77,96,0,0
17821,ON,1,8,57.25,28.00,25.00,-3.12,146,146,1804.50,0,9.00,28.24,12.55,0.25,0.00,12.27,233,96,0,0
17926,ON,1,8,60.00,28.00,24.00,-3.12,146,146,1695.25,0,9.00,28.63,12.16,0.25,0.00,12.19,155,96,0,0
18031,ON,1,8,60.00,28.00,24.00,-3.12,146,146,1669.50,0,9.00,28.63,12.55,0.25,0.00,11.95,177,96,0,0
18136,ON,1,8,56.47,28.00,24.00,-3.12,146,146,1826.50,0,9.00,28.63,12.55,0.25,0.00,12.19,155,96,0,0
18244,ON,1,8,54.51,28.00,24.00,-3.12,146,146,1933.50,0,9.00,28.63,12.55,0.25,0.00,12.27,233,96,0,0
18349,ON,1,8,60.39,28.00,24.00,-3.12,146,146,1780.75,0,9.00,28.63,12.55,0.25,0.00,12.34,55,96,0,0
18454,ON,1,8,61.57,28.00,24.00,-3.12,146,146,1415.50,0,9.00,28.24,12.55,0.25,0.00,12.19,155,96,0,0
18559,ON,1,8,63.53,28.00,24.00,-3.12,146,146,1360.50,0,9.00,28.24,12.55,0.25,0.00,12.27,233,96,0,0
18664,ON,1,8,66.27,28.00,24.00,-3.12,146,146,1268.75,0,9.00,28.63,12.55,0.25,0.00,11.88,99,96,0,0
18769,ON,1,8,47.06,28.00,25.00,-3.12,146,146,1665.00,0,9.00,28.63,12.16,0.25,0.00,11.95,177,96,0,0
18877,ON,1,8,49.41,28.00,24.00,-3.12,146,146,2126.00,0,9.00,28.24,12.55,0.25,0.00,12.34,55,96,0,0
18982,ON,1,8,55.29,28.00,24.00,-3.12,146,146,1828.75,0,9.00,28.63,12.55,0.25,0.00,12.27,233,96,0,0
19087,ON,1,8,60.39,28.00,24.00,-3.12,146,146,1546.00,0,9.00,28.63,12.55,0.25,0.00,12.03,255,96,0,0
19191,ON,1,8,62.35,28.00,24.00,-3.12,146,146,1453.00,0,9.00,28.63,12.55,0.25,0.00,12.19,155,96,0,0
19296,ON,1,8,58.43,28.00,24.00,-3.12,146,146,1601.75,0,9.00,28.24,12.55,0.25,0.00,12.27,233,96,0,0
19401,ON,1,8,57.25,28.00,24.00,-3.12,146,146,1807.00,0,9.00,28.63,12.16,0.25,0.00,12.11,77,96,0,0
19509,ON,1,8,58.04,28.00,24.00,-3.12,146,146,1746.75,0,9.00,28.63,12.55,0.25,0.00,12.11,77,96,0,0
19614,ON,1,8,58.04,28.00,25.00,-3.12,146,146,1694.00,0,9.00,27.84,12.55,0.25,0.00,12.42,133,96,0,0
19719,ON,1,8,56.86,29.00,24.00,-3.12,146,146,1723.00,0,9.00,28.63,12.55,0.25,0.00,12.11,77,96,0,0
19824,ON,1,8,56.86,28.00,24.00,-3.12,146,146,1859.25,0,9.00,28.24,12.55,0.25,0.00,12.27,233,96,0,0
19929,ON,1,8,57.65,28.00,25.00,-3.12,146,146,1673.75,0,9.00,28.24,12.55,0.25,0.00,12.27,233,96,0,0
20034,ON,1,8,61.57,28.00,25.00,-3.12,146,146,1524.00,0,9.00,28.24,12.16,0.25,0.00,12.34,55,96,0,0
20142,ON,1,8,57.65,28.00,24.00,-3.12,146,146,1665.00,0,9.00,28.63,12.55,0.25,0.00,12.27,233,96,0,0
20247,ON,1,8,55.29,28.00,24.00,-3.12,146,146,1923.00,0,9.00,28.63,12.55,0.25,0.00,12.11,77,96,0,0
20352,ON,1,8,58.04,28.00,24.00,-3.12,146,146,1726.00,0,9.00,28.63,12.55,0.25,0.00,12.34,55,96,0,0
20457,ON,1,8,61.57,28.00,24.00,-3.12,146,146,1500.75,0,9.00,28.63,12.16,0.25,0.00,12.03,255,96,0,0
20562,ON,1,8,63.92,28.00,24.00,-3.12,146,146,1419.50,0,9.00,28.63,12.55,0.25,0.00,12.27,233,96,0,0
20667,ON,1,8,54.12,29.00,24.00,-3.12,146,146,1758.50,0,9.00,28.63,12.16,0.25,0.00,12.27,233,96,0,0
20775,ON,1,8,54.90,28.00,24.00,-3.12,146,146,1895.50,0,9.00,28.63,12.55,0.25,0.00,12.34,55,96,0,0
20880,ON,1,8,59.22,28.00,24.00,-3.12,146,146,1651.50,0,9.00,28.24,12.55,0.25,0.00,12.34,55,96,0,0
20985,ON,1,8,60.78,28.00,25.00,-3.12,146,146,1508.50,0,9.00,28.24,12.55,0.25,0.00,12.34,55,96,0,0
21090,ON,1,8,57.25,28.00,24.00,-3.12,146,146,1659.75,0,9.00,28.63,12.55,0.25,0.00,11.95,177,96,0,0
21195,ON,1,8,54.51,28.00,25.00,-3.12,146,146,1933.50,0,9.00,28.24,12.55,0.25,0.00,12.34,55,96,0,0
21300,ON,1,8,56.47,28.00,24.00,-3.12,146,146,1814.75,0,9.00,28.63,12.55,0.25,0.00,12.42,133,96,0,0
21408,ON,1,8,58.82,28.00,25.00,-3.12,146,146,1686.50,0,9.00,28.63,12.55,0.25,0.00,12.27,233,96,0,0
21513,ON,1,8,57.65,29.00,25.00,-3.12,146,146,1598.00,0,9.00,28.63,12.16,0.25,0.00,12.19,155,96,0,0
21618,ON,1,8,55.29,28.00,24.00,-3.12,146,146,1866.75,0,9.00,28.24,12.55,0.25,0.00,12.34,55,96,0,0
21723,ON,1,8,58.43,29.00,25.00,-3.12,146,146,1715.00,0,9.00,28.63,12.55,0.25,0.00,12.19,155,96,0,0
21828,ON,1,8,60.78,28.00,25.00,-3.12,146,146,1603.50,0,9.00,28.63,12.16,0.25,0.00,12.34,55,96,0,0
21933,ON,1,8,54.51,29.00,24.00,-3.12,146,146,1856.25,0,9.00,28.24,12.55,0.25,0.00,12.27,233,96,0,0
22041,ON,1,8,56.86,29.00,24.00,-3.12,146,146,1771.00,0,9.00,28.63,12.55,0.25,0.00,12.19,155,96,0,0
22146,ON,1,8,60.00,28.00,24.00,-3.12,146,146,1601.00,0,9.00,28.63,12.55,0.25,0.00,12.34,55,96,0,0
22251,ON,1,8,59.61,29.00,24.00,-3.12,146,146,1792.75,0,9.00,28.24,12.55,0.25,0.00,12.27,233,96,0,0
22356,ON,1,8,54.12,29.00,24.00,-3.12,146,146,2079.25,0,9.00,28.63,12.55,0.25,0.00,12.34,55,96,0,0
22461,ON,1,8,59.22,29.00,24.00,-3.12,146,146,1844.00,0,9.00,28.63,12.55,0.25,0.00,12.19,155,96,0,0
22566,ON,1,8,59.22,29.00,24.00,-3.12,146,146,1710.50,0,9.00,28.24,12.55,0.25,0.00,12.34,55,96,0,0
22674,ON,1,8,55.69,28.00,24.00,-3.12,146,146,1952.50,0,9.00,28.24,12.55,0.25,0.00,12.03,255,96,0,0
22779,ON,1,8,55.29,29.00,25.00,-3.12,146,146,1926.75,0,9.00,28.24,12.55,0.25,0.00,12.34,55,96,0,0
22884,ON,1,8,59.61,29.00,24.00,-3.12,146,146,1811.25,0,9.00,28.63,12.55,0.25,0.00,12.19,155,96,0,0
22989,ON,1,8,58.82,28.00,24.00,-3.12,146,146,1751.00,0,9.00,28.63,12.16,0.25,0.00,12.11,77,96,0,0
23094,ON,1,8,56.47,29.00,24.00,-3.12,146,146,1940.50,0,9.00,28.24,12.16,0.25,0.00,12.34,55,96,0,0
23199,ON,1,8,53.73,29.00,24.00,-3.12,146,146,1941.00,0,9.00,28.63,12.55,0.25,0.00,12.19,155,96,0,0
23307,ON,1,8,60.78,29.00,25.00,-3.12,146,146,1740.50,0,9.00,28.63,12.55,0.25,0.00,12.34,55,96,0,0
23412,ON,1,8,61.96,29.00,25.00,-3.12,146,146,1591.25,0,9.00,28.24,12.16,0.25,0.00,12.34,55,96,0,0
23517,ON,1,8,56.47,29.00,24.00,-3.12,146,146,1959.25,0,9.00,28.24,12.16,0.25,0.00,11.95,177,96,0,0
23622,ON,1,8,50.59,29.00,25.00,-3.12,146,146,2096.00,0,9.00,28.63,12.16,0.25,0.00,12.34,55,96,0,0
23727,ON,1,8,59.22,29.00,24.00,-3.12,146,146,1852.25,0,9.00,28.63,12.55,0.25,0.00,12.42,133,96,0,0
23832,ON,1,8,60.39,29.00,24.00,-3.12,146,146,1532.75,0,9.00,28.24,12.55,0.25,0.00,12.34,55,96,0,0
23940,ON,1,8,59.22,29.00,24.00,-3.12,146,146,1825.75,0,9.00,28.24,12.16,0.25,0.00,12.03,255,96,0,0
24045,ON,1,8,54.90,29.00,24.00,-3.12,146,146,1982.00,0,9.00,28.24,12.16,0.25,0.00,12.34,55,96,0,0
24150,ON,1,8,52.94,29.00,24.00,-3.12,146,146,1980.25,0,9.00,28.63,12.55,0.25,0.00,12.19,155,96,0,0
24255,ON,1,8,61.18,29.00,25.00,-3.12,146,146,1732.75,0,9.00,28.63,12.55,0.25,0.00,12.34,55,96,0,0
24360,ON,1,8,62.35,29.00,24.00,-3.12,146,146,1561.50,0,9.00,28.24,12.16,0.25,0.00,12.42,133,96,0,0
24465,ON,1,8,57.25,29.00,24.00,-3.12,146,146,1971.75,0,9.00,28.24,12.16,0.25,0.00,12.11,77,96,0,0
24573,ON,1,8,50.59,29.00,24.00,-3.12,146,146,2146.75,0,9.00,28.63,12.55,0.25,0.00,12.34,55,96,0,0
24678,ON,1,8,55.29,29.00,24.00,-3.12,146,146,2079.25,0,9.00,28.24,12.16,0.25,0.00,12.34,55,96,0,0
24783,ON,1,8,58.43,29.00,25.00,-3.12,146,146,1645.50,0,9.00,28.63,12.55,0.25,0.00,12.34,55,96,0,0
24888,ON,1,8,61.57,29.00,24.00,-3.12,146,146,1566.00,0,9.00,28.63,12.55,0.25,0.00,12.42,133,96,0,0
24993,ON,1,8,60.78,29.00,25.00,-3.12,146,146,1687.00,0,9.00,28.63,12.55,0.25,0.00,12.34,55,96,0,0
25098,ON,1,8,55.69,29.00,24.00,-3.12,146,146,1978.00,0,9.00,28.63,12.55,0.25,0.00,12.27,233,96,0,0
25206,ON,1,8,92.55,29.00,24.00,-3.12,146,146,1687.75,0,9.00,34.12,22.35,0.25,0.00,12.19,155,96,0,0
25311,ON,1,8,95.69,29.00,25.00,-3.12,146,146,2372.25,0,7.00,41.57,28.63,0.25,0.00,12.34,55,96,0,0
25416,ON,1,8,76.08,29.00,24.00,-3.12,146,146,4044.00,0,12.00,42.35,29.80,0.25,0.00,12.19,155,96,0,0
25521,ON,1,8,69.80,29.00,25.00,-3.12,146,146,5838.50,0,25.00,42.75,30.20,0.25,0.00,12.27,233,96,0,0
25626,ON,1,8,73.73,29.00,24.00,-3.12,146,146,9015.50,0,34.00,44.31,32.16,0.25,0.00,12.27,233,96,0,0
25731,ON,1,8,54.90,29.00,25.00,-3.12,146,146,9832.75,0,50.00,30.20,22.35,0.25,0.00,12.19,155,96,0,0
25839,ON,1,8,38.43,29.00,25.00,-3.12,146,146,9457.25,0,45.00,27.45,13.73,0.25,0.00,12.27,233,96,0,0
25944,ON,1,8,34.12,29.00,25.00,-3.12,146,146,8620.25,0,43.00,27.06,10.59,0.25,0.00,12.27,233,96,0,0
26049,ON,1,8,31.76,29.00,24.00,-3.12,146,146,7833.50,0,42.00,26.67,9.80,0.25,0.00,12.27,233,96,0,0
26154,ON,1,8,32.55,29.00,24.00,-3.12,146,146,6482.75,0,38.00,26.27,9.80,0.25,0.00,12.34,55,96,0,0
26259,ON,1,8,32.94,29.00,25.00,-3.12,146,146,5897.25,0,35.00,26.27,9.80,0.25,0.00,12.27,233,96,0,0
26364,ON,1,8,32.16,29.00,24.00,-3.12,146,146,5362.50,0,32.00,26.27,9.80,0.25,0.00,12.27,233,96,0,0
26472,ON,1,8,30.20,29.00,24.00,-3.12,146,146,4865.50,0,31.00,25.88,9.80,0.25,0.00,12.27,233,96,0,0
26577,ON,1,8,30.59,29.00,25.00,-3.12,146,146,3987.00,0,25.00,25.88,9.80,0.25,0.00,12.34,55,96,0,0
26682,ON,1,8,32.55,29.00,25.00,-3.12,146,146,3591.00,0,19.00,25.88,9.80,0.25,0.00,12.34,55,96,0,0
26787,ON,1,8,34.90,29.00,24.00,-3.12,146,146,3208.00,0,14.00,26.27,9.80,0.25,0.00,12.34,55,96,0,0
26892,ON,1,8,39.61,30.00,24.00,-3.12,146,146,2850.75,0,11.00,26.27,9.41,0.25,0.00,12.34,55,96,0,0
26997,ON,1,8,42.75,29.00,24.00,-3.12,146,146,2191.00,0,10.00,26.27,9.41,0.25,0.00,12.42,133,96,0,0
27112,ON,1,8,47.84,29.00,24.00,-3.12,146,146,1849.50,0,10.00,26.27,9.80,0.25,0.00,12.42,133,96,0,0
27251,ON,1,8,52.55,29.00,24.00,-3.12,146,146,1440.00,0,10.00,25.88,9.80,0.25,0.00,12.42,133,96,0,0
27407,ON,1,8,62.35,30.00,24.00,-3.12,146,146,1025.75,0,10.00,26.27,9.41,0.25,0.00,12.03,255,96,0,0
27568,ON,1,8,54.12,29.00,24.00,-3.12,146,146,1510.00,0,10.00,26.27,9.80,0.25,0.00,12.34,55,96,0,0
27729,ON,1,8,53.73,29.00,25.00,-3.12,146,146,1417.50,0,10.00,26.27,9.41,0.25,0.00,12.34,55,96,0,0
27890,ON,1,8,60.00,29.00,24.00,-3.12,146,146,1136.50,0,10.00,26.27,9.80,0.25,0.00,12.34,55,96,0,0
28044,ON,1,8,57.25,30.00,25.00,-3.12,146,146,1270.50,0,10.00,25.88,9.80,0.25,0.00,12.34,55,96,0,0
28148,ON,1,8,55.69,30.00,24.00,-3.12,146,146,1333.50,0,10.00,26.27,9.80,0.25,0.00,11.95,177,96,0,0
28253,ON,1,8,56.47,29.00,24.00,-3.12,146,146,1304.50,0,10.00,26.27,9.80,0.25,0.00,12.11,77,96,0,0
28358,ON,1,8,56.08,30.00,24.00,-3.12,146,146,1280.25,0,10.00,26.27,9.80,0.25,0.00,11.95,177,96,0,0
28463,ON,1,8,56.86,30.00,25.00,-3.12,146,146,1172.50,0,10.00,25.88,9.80,0.25,0.00,12.42,133,96,0,0
28568,ON,1,8,53.33,29.00,25.00,-3.12,146,146,1389.25,0,10.00,26.27,9.80,0.25,0.00,12.27,233,96,0,0
28676,ON,1,8,54.90,30.00,25.00,-3.12,146,146,1344.50,0,10.00,26.27,9.80,0.25,0.00,12.34,55,96,0,0
28781,ON,1,8,57.65,30.00,24.00,-3.12,146,146,1124.50,0,10.00,26.27,9.80,0.25,0.00,12.19,155,96,0,0
28886,ON,1,8,60.39,30.00,24.00,-3.12,146,146,1103.50,0,10.00,26.27,9.80,0.25,0.00,12.42,133,96,0,0
28991,ON,1,8,52.16,30.00,24.00,-3.12,146,146,1421.00,0,10.00,26.27,9.41,0.25,0.00,12.11,77,96,0,0
29096,ON,1,8,52.55,30.00,24.00,-3.12,146,146,1470.25,0,10.00,26.27,9.80,0.25,0.00,12.03,255,96,0,0
29201,ON,1,8,56.08,30.00,24.00,-3.12,146,146,1239.75,0,10.00,26.27,9.80,0.25,0.00,12.19,155,96,0,0
29309,ON,1,8,59.61,30.00,24.00,-3.12,146,146,1046.00,0,10.00,26.27,9.80,0.25,0.00,11.64,120,96,0,0
29414,ON,1,8,62.75,30.00,24.00,-3.12,146,146,1108.50,0,10.00,26.27,9.41,0.25,0.00,12.03,255,96,0,0
29519,ON,1,8,47.84,30.00,25.00,-3.12,146,146,1723.75,0,10.00,26.27,9.80,0.25,0.00,12.42,133,96,0,0
29624,ON,1,8,52.94,30.00,24.00,-3.12,146,146,1487.50,0,10.00,26.27,9.80,0.25,0.00,12.27,233,96,0,0
29729,ON,1,8,55.29,30.00,24.00,-3.12,146,146,1263.50,0,10.00,26.27,9.41,0.25,0.00,12.19,155,96,0,0
29834,ON,1,8,56.86,30.00,24.00,-3.12,146,146,1207.75,0,10.00,25.88,9.80,0.25,0.00,12.19,155,96,0,0
29942,ON,1,8,52.55,30.00,24.00,-3.12,146,146,1392.00,0,10.00,26.27,9.80,0.25,0.00,12.50,212,96,0,0
30047,ON,1,8,53.33,30.00,25.00,-3.12,146,146,1450.00,0,10.00,25.88,9.41,0.25,0.00,12.34,55,96,0,0
30152,ON,1,8,55.69,30.00,25.00,-3.12,146,146,1244.50,0,10.00,26.27,9.80,0.25,0.00,12.42,133,96,0,0
30257,ON,1,8,58.43,30.00,24.00,-3.12,146,146,1196.25,0,10.00,26.27,9.80,0.25,0.00,12.11,77,96,0,0
30362,ON,1,8,51.37,30.00,24.00,-3.12,146,146,1401.75,0,10.00,26.27,9.80,0.25,0.00,12.19,155,96,0,0
30467,ON,1,8,52.55,30.00,25.00,-3.12,146,146,1491.25,0,10.00,26.27,9.80,0.25,0.00,12.42,133,96,0,0
30575,ON,1,8,55.29,30.00,25.00,-3.12,146,146,1265.50,0,10.00,25.88,9.80,0.25,0.00,12.42,133,96,0,0
30680,ON,1,8,54.90,30.00,24.00,-3.12,146,146,1283.75,0,10.00,25.88,9.80,0.25,0.00,12.27,233,96,0,0
30785,ON,1,8,52.94,30.00,25.00,-3.12,146,146,1465.00,0,10.00,25.88,9.80,0.25,0.00,12.42,133,96,0,0
30890,ON,1,8,52.94,30.00,24.00,-3.12,146,146,1498.00,0,10.00,26.27,9.80,0.25,0.00,12.34,55,96,0,0
30995,ON,1,8,56.08,30.00,24.00,-3.12,146,146,1237.50,0,10.00,25.88,9.80,0.25,0.00,12.34,55,96,0,0
31100,ON,1,8,58.04,30.00,24.00,-3.12,146,146,1279.50,0,10.00,26.27,9.80,0.25,0.00,12.03,255,96,0,0
31208,ON,1,8,53.73,30.00,24.00,-3.12,146,146,1469.00,0,10.00,26.27,9.80,0.25,0.00,12.19,155,96,0,0
31313,ON,1,8,55.29,30.00,24.00,-3.12,146,146,1407.75,0,10.00,26.27,9.80,0.25,0.00,12.19,155,96,0,0
31418,ON,1,8,54.90,30.00,24.00,-3.12,146,146,1363.25,0,10.00,26.27,9.80,0.25,0.00,12.03,255,96,0,0
31523,ON,1,8,55.69,30.00,24.00,-3.12,146,146,1340.50,0,10.00,26.27,9.80,0.25,0.00,12.03,255,96,0,0
31628,ON,1,8,54.90,30.00,24.00,-3.12,146,146,1377.25,0,10.00,26.27,9.41,0.25,0.00,12.03,255,96,0,0
31733,ON,1,8,55.29,30.00,24.00,-3.12,146,146,1337.75,0,10.00,26.27,9.02,0.25,0.00,12.27,233,96,0,0
31841,ON,1,8,55.69,30.00,24.00,-3.12,146,146,1236.25,0,10.00,26.27,9.80,0.25,0.00,12.42,133,96,0,0
31946,ON,1,8,58.43,30.00,24.00,-3.12,146,146,1171.25,0,10.00,26.27,9.80,0.23,0.00,12.27,233,96,0,0
32051,ON,1,8,54.90,30.00,25.00,-3.12,146,146,1469.00,0,10.00,25.88,9.80,0.23,0.00,12.42,133,96,0,0
32156,ON,1,8,51.37,30.00,24.00,-3.12,146,146,1590.00,0,10.00,26.27,9.80,0.23,0.00,12.34,55,96,0,0
32261,ON,1,8,55.29,30.00,24.00,-3.12,146,146,1270.50,0,10.00,25.88,9.80,0.23,0.00,12.42,133,96,0,0
32366,ON,1,8,59.22,30.00,24.00,-3.12,146,146,1130.25,0,10.00,26.27,9.80,0.23,0.00,12.03,255,96,0,0
32474,ON,1,8,55.29,30.00,24.00,-3.12,146,146,1530.25,0,10.00,26.27,9.80,0.23,0.00,12.19,155,96,0,0
32579,ON,1,8,50.20,30.00,24.00,-3.12,146,146,1719.75,0,10.00,25.88,9.80,0.23,0.00,12.42,133,96,0,0
32684,ON,1,8,54.51,30.00,24.00,-3.12,146,146,1571.00,0,10.00,26.27,9.41,0.23,0.00,12.50,212,96,0,0
32789,ON,1,8,56.08,30.00,24.00,-3.12,146,146,1290.50,0,10.00,26.27,9.80,0.23,0.00,12.50,212,96,0,0
32894,ON,1,8,55.69,30.00,24.00,-3.12,146,146,1207.25,0,10.00,26.27,9.80,0.23,0.00,12.34,55,96,0,0
32999,ON,1,8,57.25,30.00,24.00,-3.12,146,146,1303.75,0,10.00,26.27,9.80,0.23,0.00,12.27,233,96,0,0
33107,ON,1,8,52.94,30.00,24.00,-3.12,146,146,1636.50,0,10.00,26.27,9.80,0.23,0.00,12.42,133,96,0,0
33212,ON,1,8,54.51,30.00,25.00,-3.12,146,146,1349.50,0,10.00,26.27,9.80,0.23,0.00,12.42,133,96,0,0
33317,ON,1,8,54.90,30.00,24.00,-3.12,146,146,1244.50,0,10.00,25.88,9.80,0.23,0.00,12.27,233,96,0,0
33422,ON,1,8,55.69,30.00,24.00,-3.12,146,146,1365.50,0,10.00,26.27,9.80,0.23,0.00,12.27,233,96,0,0
33527,ON,1,8,54.51,30.00,24.00,-3.12,146,146,1466.00,0,10.00,25.88,9.80,0.23,0.00,12.34,55,96,0,0
33632,ON,1,8,57.25,30.00,24.00,-3.12,146,146,1217.75,0,10.00,26.27,9.80,0.23,0.00,12.03,255,96,0,0
33740,ON,1,8,56.08,30.00,24.00,-3.12,146,146,1398.00,0,10.00,26.27,9.41,0.23,0.00,12.27,233,96,0,0
33845,ON,1,8,52.16,30.00,24.00,-3.12,146,146,1600.75,0,10.00,26.27,9.80,0.23,0.00,12.34,55,96,0,0
33950,ON,1,8,55.29,30.00,25.00,-3.12,146,146,1525.25,0,10.00,26.27,9.80,0.23,0.00,12.42,133,96,0,0
34055,ON,1,8,56.86,30.00,24.00,-3.12,146,146,1252.25,0,10.00,26.27,9.80,0.23,0.00,12.03,255,96,0,0
34160,ON,1,8,54.51,30.00,24.00,-3.12,146,146,1490.00,0,10.00,26.27,9.41,0.23,0.00,12.11,77,96,0,0
34265,ON,1,8,52.94,30.00,24.00,-3.12,146,146,1517.00,0,10.00,26.27,9.41,0.23,0.00,12.11,77,96,0,0
34373,ON,1,8,55.69,30.00,24.00,-3.12,146,146,1278.75,0,10.00,26.27,9.41,0.23,0.00,12.19,155,96,0,0
34478,ON,1,8,56.86,30.00,24.00,-3.12,146,146,1219.50,0,10.00,26.27,9.80,0.23,0.00,12.19,155,96,0,0
34583,ON,1,8,53.33,30.00,24.00,-3.12,146,146,1590.50,0,10.00,26.27,9.80,0.23,0.00,12.34,55,96,0,0
34688,ON,1,8,53.33,30.00,24.00,-3.12,146,146,1425.25,0,10.00,26.27,9.80,0.23,0.00,12.34,55,96,0,0
34793,ON,1,8,56.47,30.00,24.00,-3.12,146,146,1250.25,0,10.00,26.27,9.80,0.21,0.00,12.58,34,96,0,0
34898,ON,1,8,52.16,30.00,24.00,-3.12,146,146,1282.25,0,10.00,25.88,9.80,0.21,0.00,12.34,55,96,0,0
35006,ON,1,8,51.76,30.00,25.00,-3.12,146,146,1573.25,0,10.00,26.27,9.80,0.21,0.00,12.50,212,96,0,0
35111,ON,1,8,53.73,30.00,24.00,-3.12,146,146,1425.75,0,10.00,26.27,9.80,0.21,0.00,12.11,77,96,0,0
35216,ON,1,8,55.69,30.00,24.00,-3.12,146,146,1241.75,0,10.00,25.88,9.80,0.21,0.00,12.50,212,96,0,0
35321,ON,1,8,49.80,30.00,24.00,-3.12,146,146,1357.75,0,10.00,25.88,9.80,0.21,0.00,12.50,212,96,0,0
35426,ON,1,8,50.98,30.00,24.00,-3.12,146,146,1603.75,0,10.00,26.27,9.80,0.21,0.00,12.27,233,96,0,0
35531,ON,1,8,54.12,30.00,24.00,-3.12,146,146,1343.25,0,10.00,26.27,9.80,0.21,0.00,12.27,233,96,0,0
35639,ON,1,8,58.04,30.00,25.00,-3.12,146,146,1175.00,0,10.00,25.88,9.41,0.21,0.00,12.34,55,96,0,0
35744,ON,1,8,52.16,30.00,24.00,-3.12,146,146,1385.00,0,10.00,26.27,9.80,0.21,0.00,12.11,77,96,0,0
35849,ON,1,8,50.20,30.00,24.00,-3.12,146,146,1730.25,0,10.00,26.27,9.80,0.21,0.00,12.42,133,96,0,0
35954,ON,1,8,51.76,30.00,24.00,-3.12,146,146,1516.75,0,10.00,26.27,9.80,0.21,0.00,12.42,133,96,0,0
36059,ON,1,8,55.69,30.00,25.00,-3.12,146,146,1337.00,0,10.00,26.27,9.41,0.21,0.00,12.34,55,96,0,0
36164,ON,1,8,55.69,30.00,24.00,-3.12,146,146,1316.00,0,10.00,26.27,9.80,0.21,0.00,12.42,133,96,0,0
36272,ON,1,8,52.16,30.00,25.00,-3.12,146,146,1268.75,0,10.00,26.27,9.80,0.19,0.00,12.42,133,96,0,0
36377,ON,1,8,52.16,30.00,25.00,-3.12,146,146,1489.25,0,10.00,26.27,9.80,0.21,0.00,12.42,133,96,0,0
36482,ON,1,8,54.51,30.00,24.00,-3.12,146,146,1349.00,0,10.00,26.27,9.80,0.19,0.00,12.50,212,96,0,0
36587,ON,1,8,54.90,30.00,24.00,-3.12,146,146,1254.25,0,10.00,25.88,9.80,0.19,0.00,12.27,233,96,0,0
36692,ON,1,8,52.16,30.00,25.00,-3.12,146,146,1400.75,0,10.00,25.88,9.80,0.19,0.00,12.27,233,96,0,0
36802,ON,1,8,53.33,30.00,24.00,-3.12,146,146,1452.25,0,10.00,25.88,9.41,0.19,0.00,12.34,55,96,0,0
36907,ON,1,8,55.69,30.00,25.00,-3.12,146,146,1338.50,0,10.00,25.88,9.80,0.19,0.00,12.42,133,96,0,0
37012,ON,1,8,53.33,30.00,24.00,-3.12,146,146,1503.75,0,10.00,26.27,9.80,0.19,0.00,12.03,255,96,0,0
37117,ON,1,8,53.73,30.00,24.00,-3.12,146,146,1501.00,0,10.00,26.27,9.80,0.19,0.00,12.03,255,96,0,0
37222,ON,1,8,57.65,30.00,24.00,-3.12,146,146,1233.00,0,10.00,26.27,9.80,0.19,0.00,12.42,133,96,0,0
37327,ON,1,8,53.33,30.00,25.00,-3.12,146,146,1419.00,0,10.00,26.27,9.80,0.19,0.00,12.34,55,96,0,0
37435,ON,1,8,52.16,30.00,24.00,-3.12,146,146,1576.00,0,10.00,26.27,9.80,0.19,0.00,12.34,55,96,0,0
37540,ON,1,8,56.47,31.00,24.00,-3.12,146,146,1451.75,0,10.00,26.27,9.80,0.19,0.00,12.11,77,96,0,0
37645,ON,1,8,58.82,30.00,24.00,-3.12,146,146,1205.25,0,10.00,26.27,9.80,0.19,0.00,12.34,55,96,0,0
37750,ON,1,8,54.51,31.00,25.00,-3.12,146,146,1442.00,0,10.00,26.27,9.80,0.19,0.00,12.42,133,96,0,0
37855,ON,1,8,50.59,30.00,24.00,-3.12,146,146,1662.50,0,10.00,26.27,9.80,0.19,0.00,12.19,155,96,0,0
37960,ON,1,8,52.94,30.00,24.00,-3.12,146,146,1485.00,0,10.00,26.27,9.80,0.19,0.00,12.19,155,96,0,0
38068,ON,1,8,56.08,30.00,24.00,-3.12,146,146,1322.25,0,10.00,26.27,9.41,0.17,0.00,12.19,155,96,0,0
38173,ON,1,8,54.51,30.00,24.00,-3.12,146,146,1415.50,0,10.00,26.27,9.41,0.17,0.00,12.42,133,96,0,0
38278,ON,1,8,53.33,30.00,24.00,-3.12,146,146,1509.75,0,10.00,26.27,9.41,0.17,0.00,12.03,255,96,0,0
38383,ON,1,8,52.94,30.00,24.00,-3.12,146,146,1481.25,0,10.00,26.27,9.80,0.17,0.00,12.27,233,96,0,0
38488,ON,1,8,54.51,31.00,24.00,-3.12,146,146,1386.50,0,10.00,26.27,9.80,0.17,0.00,12.11,77,96,0,0
38593,ON,1,8,54.12,30.00,24.00,-3.12,146,146,1418.75,0,10.00,26.27,9.80,0.17,0.00,12.11,77,96,0,0
38701,ON,1,8,55.29,31.00,24.00,-3.12,146,146,1361.25,0,10.00,26.27,9.41,0.17,0.00,12.19,155,96,0,0
38806,ON,1,8,55.29,31.00,24.00,-3.12,146,146,1384.75,0,10.00,26.27,9.80,0.17,0.00,12.03,255,96,0,0
38911,ON,1,8,57.25,30.00,24.00,-3.12,146,146,1468.25,0,10.00,26.27,10.20,0.17,0.00,13.75,182,96,0,0
39016,ON,1,8,61.96,30.00,23.00,-3.12,146,146,1044.50,0,10.00,26.67,10.59,0.19,0.00,14.06,238,96,0,0
39121,ON,1,8,65.88,30.00,23.00,-3.12,146,146,905.25,0,10.00,26.67,10.59,0.19,0.00,13.98,160,96,0,0
39226,ON,1,0,0.00,30.00,23.00,-3.12,146,146,539.00,0,10.00,27.06,10.59,0.19,0.00,13.36,47,96,0,0
39334,ON,1,0,0.00,30.00,23.00,-3.12,146,146,505.75,0,10.00,27.06,10.59,0.19,0.00,13.28,225,96,0,0
39439,ON,1,0,0.00,30.00,23.00,-3.12,146,146,0.00,0,10.00,27.06,10.59,0.19,0.00,13.20,147,96,0,0
39544,ON,1,0,0.00,30.00,23.00,-3.12,146,146,0.00,0,10.00,27.06,10.59,0.17,0.00,13.12,69,96,0,0
39649,ON,1,0,0.00,30.00,23.00,-3.12,146,146,0.00,0,10.00,27.06,10.59,0.17,0.00,13.20,147,96,0,0
39754,ON,1,0,0.00,30.00,23.00,-3.12,146,146,0.00,0,10.00,27.06,10.59,0.17,0.00,13.12,69,96,0,0
39859,ON,1,0,0.00,30.00,23.00,-3.12,146,146,0.00,0,10.00,27.06,10.59,0.17,0.00,13.12,69,96,0,0
39967,ON,1,0,0.00,30.00,23.00,-3.12,146,146,0.00,0,10.00,27.06,10.59,0.17,0.00,13.12,69,96,0,0
40072,ON,1,0,0.00,30.00,23.00,-3.12,146,146,0.00,0,10.00,27.06,10.59,0.17,0.00,13.12,69,96,0,0
40177,ON,1,0,0.00,30.00,23.00,-3.12,146,146,0.00,0,10.00,27.06,10.59,0.17,0.00,13.12,69,96,0,0
40282,ON,1,0,0.00,30.00,23.00,-3.12,146,146,0.00,0,10.00,27.06,10.59,0.17,0.00,4.06,222,96,0,0
40387,ON,1,0,0.00,30.00,23.00,-3.12,146,146,0.00,0,10.00,27.06,10.59,0.17,0.00,0.00,0,96,0,0
40492,ON,1,0,0.00,30.00,23.00,-3.12,146,146,0.00,0,10.00,27.06,10.59,0.17,0.00,0.00,0,96,0,0
40600,ON,1,0,0.00,30.00,23.00,-3.12,146,146,0.00,0,10.00,27.06,10.59,0.17,0.00,0.00,0,96,0,0
40705,ON,1,0,0.00,30.00,23.00,-3.12,146,146,0.00,0,10.00,27.06,10.59,0.17,0.00,0.00,0,96,0,0
40810,ON,1,0,0.00,30.00,23.00,-3.12,146,146,0.00,0,10.00,27.06,10.59,0.17,0.00,0.00,0,96,0,0
40915,ON,1,0,0.00,30.00,23.00,-3.12,146,146,0.00,0,10.00,27.06,10.59,0.17,0.00,0.00,0,96,0,0
41020,ON,1,0,0.00,30.00,23.00,-3.12,146,146,0.00,0,10.00,27.06,10.59,0.17,0.00,0.00,0,96,0,0
41125,ON,1,0,0.00,30.00,23.00,-3.12,146,146,0.00,0,10.00,27.06,10.59,0.17,0.00,0.00,0,96,0,0
41233,ON,1,0,0.00,30.00,23.00,-3.12,146,146,0.00,0,10.00,27.06,10.59,0.17,0.00,0.00,0,96,0,0
41338,ON,1,0,0.00,30.00,23.00,-3.12,146,146,0.00,0,10.00,27.06,10.59,0.17,0.00,0.00,0,96,0,0
41443,ON,1,0,0.00,30.00,23.00,-3.12,146,146,0.00,0,10.00,27.06,10.59,0.17,0.00,0.00,0,96,0,0
41548,ON,1,0,0.00,30.00,23.00,-3.12,146,146,0.00,0,10.00,27.06,10.59,0.17,0.00,0.00,0,96,0,0
41653,ON,1,0,0.00,30.00,23.00,-3.12,146,146,0.00,0,10.00,27.06,10.59,0.17,0.00,0.00,0,96,0,0
41758,ON,1,0,0.00,30.00,23.00,-3.12,146,146,0.00,0,10.00,27.06,10.59,0.17,0.00,0.00,0,96,0,0
41866,ON,1,0,0.00,30.00,23.00,-3.12,146,146,0.00,0,10.00,27.06,10.59,0.17,0.00,0.00,0,96,0,0
41971,ON,1,0,0.00,30.00,23.00,-3.12,146,146,0.00,0,10.00,27.06,10.59,0.17,0.00,0.00,0,96,0,0
42076,ON,1,0,0.00,30.00,23.00,-3.12,146,146,0.00,0,10.00,27.06,10.59,0.17,0.00,0.00,0,96,0,0
42181,ON,1,0,0.00,30.00,23.00,-3.12,146,146,0.00,0,10.00,27.06,10.59,0.17,0.00,0.00,0,96,0,0
42286,ON,1,0,0.00,30.00,23.00,-3.12,146,146,0.00,0,10.00,27.06,10.59,0.17,0.00,0.00,0,96,0,0
42391,ON,1,0,0.00,30.00,23.00,-3.12,146,146,0.00,0,10.00,27.06,10.59,0.17,0.00,0.00,0,96,0,0
42499,ON,1,0,0.00,30.00,23.00,-3.12,146,146,0.00,0,10.00,27.06,10.59,0.17,0.00,0.00,0,96,0,0
42604,ON,1,0,0.00,30.00,23.00,-3.12,146,146,0.00,0,10.00,27.06,10.59,0.17,0.00,0.00,0,96,0,0
42709,ON,1,0,0.00,30.00,23.00,-3.12,146,146,0.00,0,10.00,27.06,10.59,0.17,0.00,0.00,0,96,0,0
42814,ON,1,0,0.00,30.00,23.00,-3.12,146,146,0.00,0,10.00,27.06,10.59,0.17,0.00,0.00,0,96,0,0
42919,ON,1,0,0.00,30.00,23.00,-3.12,146,146,0.00,0,10.00,27.06,10.59,0.17,0.00,0.00,0,96,0,0
43024,ON,1,0,0.00,30.00,23.00,-3.12,146,146,0.00,0,10.00,27.06,10.59,0.17,0.00,0.00,0,96,0,0
43132,ON,1,0,0.00,30.00,23.00,-3.12,146,146,0.00,0,10.00,27.06,10.59,0.17,0.00,0.00,0,96,0,0
43237,ON,1,0,0.00,30.00,23.00,-3.12,146,146,0.00,0,10.00,27.06,10.59,0.17,0.00,0.00,0,96,0,0
43342,ON,1,0,0.00,30.00,23.00,-3.12,146,146,0.00,0,10.00,27.06,10.59,0.17,0.00,0.00,0,96,0,0
43447,ON,1,0,0.00,30.00,23.00,-3.12,146,146,0.00,0,10.00,27.06,10.59,0.17,0.00,0.00,0,96,0,0
